286745
1193928
10595
2315
6719320
50728
548752
341090
2011531
15127
263568
13102498
877848
1122188
6093941
41904
502482
29793
7856
14213
7295
62401
4979
936493
3565581
50872
443009
14520634
1800372
887056
2852093
51709944
94450160
1653140
8520568
35814
1496465
3000819
16090
52364
45455
66011
24160
18574
412950
27762
336596
2668370
786200
59079856
68721648
1161879
1618342
19662262
3418541
68915760
304772544
5141824
35398
25722
460002
2407561
31963
128981
206003
11526
1349776
11627588
5933544
76997408
23869042
4639673
13077079
24677636
77965368
43160
116960
976317
188761
11371898
37128940
275070880
29403368
144143
2307949
