286745
1193928
10595
1158
6719320
50728
47
341090
386
27
263568
13102498
877848
12935
6093941
41904
102
29793
7856
53
4378
54929
9
936493
2683
228
2093
14520634
1800372
4775
2852093
51709944
123185
1159857
6358
35814
1496465
2992
5587
265
45456
318
8120
205
56205
196
1575
7423
786200
59079856
183882
1332910
27934
19662262
36343
29398258
528373
21817
35398
165
520524
18651
42
67720
193
106
8609
11627586
28525
73482032
497046
15109
11992030
359211
68189
36888
666
3491
175
9298553
39804
551935
34426
230
55873
