13955
1196185
47427
29997
28282160
116053
1158837
341090
3996141
34917
14338
2489724
86135
111610
26157436
120547
1052261
215308
5261
53962
165382
629427
40592
4533408
28319674
220836
462457
2382137
104788
274439
127451
5476115
4266411
275555
395020
192199
6464814
24976662
204625
195545
551113
477735
124450
69693
12255197
429217
1768025
8798282
238846
6417578
4956977
351208
986318
417886
991765
9825290
25336670
772814
303614
550796
11422371
9766012
838136
706905
1284236
531256
44982860
1621789
1487660
21509316
2672344
2312615
959863
4331699
69092960
-26446
1126244
22621836
3427871
4380031
4343185
119460976
14596756
2165994
12281121
