1494049
1196185
47427
29997
28282160
116053
1158837
341090
3996141
34917
1441958
66714760
3798177
3510652
26157442
120547
1052261
215308
5261
53962
165382
629427
40592
4533408
28319674
220836
462457
120339136
2820299
4224105
6729454
163911184
108339120
11719545
10015390
192199
6464815
24976662
204625
195544
551113
477735
124450
69692
12255197
429217
1768024
8798282
12714376
369460608
519124672
14052530
13750257
14147128
52272480
525058208
-9136624
68256384
303614
550796
11422371
9224131
229376
706905
1860812
531256
49655152
61247636
58925416
1483794944
2905888000
113768144
106149016
162448624
2325038592
-26445
1126244
22621824
3427872
372049664
288743936
6227651584
835399232
2165993
1147897344
