1300574
1334883
272720
459925
749491
4072271
401401
360069
38451
242577
607911
987415
8055617
2243278
328579
1783551
203017
710001
352166
38851
1377535
123243
81755
1764279
112842
802252
66846
592930
3737165
1529142
1065195
3335042
2122635
1677612
12444354
326302
683743
66334
602365
357880
1566045
110425
119087
64602
581850
272386
24095
323758
569291
2494718
3077634
5041568
2557719
2892085
1987033
550316
11078354
7432262
685688
65927
230164
131702
141049
537358
448759
22531
158541
5118990
2749111
4852850
2587705
3648831
1385168
15291503
3888801
226812
231180
81999
138824
1400404
5870796
12110937
4679938
81548
5125224
