1342402
2609129
121863
10
67781584
4072271
4311
20999120
30048
3272
1293599
43859832
4492220
138949
67724872
4124723
4292
614488
208626
2480
28201
88271
256
188051936
286685
9121
68076
83102968
13066148
393864
16028619
241632688
4898603
1635496
567318
336778
189000256
240018
40634
12331
1954531
23080
59107
9789
1406921
3540
13912
847971
27513202
784103936
17637006
6948671
1346856
225509632
1865717
244509936
54904276
161908
2319343
18451
2998012
1837518
4276
793460
63548
8183
635457
164925040
5190346
126965496
35967164
1088654
125631248
25772332
7311297
344838
156611
892531
-6063
189360448
7339473
42215964
4318327
94649
31141250
