1300574
1334883
325255
459925
892079
4072271
928112
434599
109850
573524
607911
1244766
8055617
4128416
386970
1783551
487892
851489
425381
110698
1377535
148761
195654
2085233
295095
1674971
183267
1020696
3737165
2761618
1065799
3340590
4559966
1677613
12095548
380742
819045
155440
602365
868490
1902913
306703
143793
171253
700638
606073
59817
865882
725512
2410679
2490532
5041568
14037894
6914034
2797880
826265
19148286
6380069
751445
187037
259337
383869
337502
635822
794012
61314
291254
6996895
5353508
7355266
12730521
6510762
7076765
24913364
6011217
252682
508935
176016
297680
6665021
39509384
19502464
27511258
226903
12280395
