177431
1334883
459925
3036719
662824
67781584
4072271
2627503
20999120
15017806
1383339
102016
16360772
1414689
2009641
19740262
1783551
1350283
1368658
7057723
469847
11080304
3469539
3115716
1357045
8478746
648731
188051936
71422240
4152222
21288460
25812302
1348453
2099114
4251042
126402632
26724546
317008
5707865
1557503
3345721
45261076
20187318
602725
1889090
641715
64908256
1397915
1175694
7107377
216990
31167924
11683427
3486520
1135783
58388480
2493495
14787277
172579104
4852725
86415816
97201600
857482
10083026
588913
50184788
27090032
39735116
305140640
196630736
4028186
6271417
8446116
3709758
15344268
48343676
14161141
746383
1038377
9941555
74838176
892692
1225523
4985179
36920820
8781608
2281378
194512768
57453020
17095720
61469648
410701600
145830256
5415181
6077806
26090356
286897984
20379054
356247072
692765376
4172731
3319924
14458735
2428637
18246922
44038232
437531
12625160
48865108
832249
29954570
19870044
293732800
28853360
277766944
783837632
2253866
43645736
326736768
206261648
5617838
11730204
15768728
12366944
150772688
319812864
249312112
169387472
4094108
205308496
