1342402
1334883
459925
3036719
395
67781584
4072271
3428
20999120
16559
1373
710237
43859832
4492220
257381
19740262
1783551
1636
1368658
7057723
579
11080304
3469539
2027
1496
11921
864
188051936
67602
5746
39982
62158424
4980881
138072
5744847
539248256
11461760
3135017
620856
147877
3345721
45261080
77283
602725
3047
1116
64908256
2451
1175694
7540
485
31167924
25783
12793
3679
147508
8645
24232
714818
11701865
76622952
5842633
2932331
343349
130820
223364976
1098710
258815504
39361928
5868838
231235
630564
8446116
27692
15344268
530310
24146
3777
5395
9941555
374739
4001
5007
32830
308177
28392
11594
137671
218869728
2389151
268021856
50506056
4138587
387317
240127
122495944
28659278
2863466
36073884
53975188
317732
3319924
159789
19456
65015
361246
1803
116906
560597
7030
249776
45914924
16732196
889757
18865514
95098872
750526
11368643
23666468
33704780
23949
114735
52823
103244
18694924
17002568
18850406
12679468
93879
8515624
