1342402
1334883
459925
3036719
89
67781584
4072271
737
20999120
4986
262
710237
43859848
4492218
42789
19740264
1783551
362
1368658
7057723
119
11080303
3469539
699
334
3161
220
188051936
66130
2907
13061
62158420
4980881
24591
5744855
539248256
2300628
3135017
187113
65979
3345721
45261080
33635
602725
1489
253
64908256
1879
1175694
4988
140
31167924
8291
3815
575
33718
1977
11429
669070
11701872
76622832
279296
2932333
64091
50972
223364976
1187601
258815440
26233286
4268845
148137
236756
8446116
5322
15344268
153081
7266
1225
2739
9941555
213761
1375
1966
4495
47722
7341
3045
53852
218869744
544977
268021856
10950384
2714010
88843
355887
122495952
5633527
10588
6581095
17820862
201792
3319924
56842
5900
31509
122574
474
-567
137986
2523
91911
45914936
3863586
1401584
8376490
57393640
207588
3458123
10359740
19999078
14735
36210
36423
55957
3517955
1935611
12081750
4192191
21491
4282668
