1300574
1334883
459925
3036719
662824
67781584
4072271
2627503
20999120
15017806
1383339
607911
102936240
8055616
5348730
19740262
1783551
1350283
1368658
7057723
469847
11073312
3464888
3069918
1357045
8478746
648731
188051936
71422240
4152222
21288460
43621888
8359780
1850628
33889332
620944000
233966336
3651704
33604552
2714223
3345721
47824568
20187318
602725
1889090
641715
62664852
1397915
1140893
7107377
219698
30361728
12054372
3883536
1174568
58388480
2493495
14787276
172579104
35679428
465452832
156196416
1678750
15152669
6780646
145103008
134108024
212554576
3624964096
277691424
4267904
40999652
7774136
3709758
15344268
51490764
14161142
746383
967146
10091351
81019392
836941
1460361
5283077
38470048
9224456
2903109
215382000
86773272
65136188
125600944
839041984
236911648
4083230
26735298
61584624
1207889024
119160672
1107451776
1503026176
15781679
2711232
10802338
2428637
18246922
50650412
437531
13638807
59163136
847753
34716784
40320020
241537280
46986028
1140817664
911520448
20799784
638250176
1468118784
1457836288
5212371
9603548
15768729
8969177
907194624
431284064
833250432
328057600
5426845
536059872
