614251
459925
37242
98992
778550
4078902
101669
10507301
136696
357796
655686
2966280
94443
259571
3518153
48728
52390
115365
19465
63400
58862
211776
11060170
70015
394149
970883
220570
7442347
68373
30016
329342
58680
3789911
28489
38996
243291
19797
176112
44718
117305
13948
63258
267853
484933
1123901
2641043
23891
152341
1855514
29144
39773
184628
129894
499008
18210
41152
314262
271397
4914
31421
1217992
99398
506107
17432
280597
630341
37996
73563
1269666
21798
209308
-6597
734784
383656
105393
103323
