614251
459925
37242
893208
788713
4114658
270015
10507301
438055
1314818
655336
2961279
243875
262741
3518153
156195
50923
115365
30806
191391
342820
1107044
11081181
242630
1099910
3111961
220887
7436453
236679
29605
1139342
174174
3826439
98610
38996
1087440
124137
171895
73572
152497
34995
210889
990077
2953609
4319546
2634444
74024
158615
3907045
131293
65203
603900
127981
1383556
62576
121222
849416
357334
36260
113317
4615288
101369
1164725
66058
186950
3833311
110326
414317
2901484
67828
1065973
144156
1600521
511227
365839
243765
