21745
309
6603934
90893
51386
61664
1771
4748238
759
494002
53392
7993
1909
2018648
451970
24085
418
729919
14838
309
16509
735
9459652
2280559
59635
11531
5446854
205635
784
505830
53195
720
6980
1919
1493327
208308
7164831
8347
1007
468122
22224
971854
69022
26227672
715678
495
947151
16212
418
11525
1032
3775774
701156
19792
28
339141
61443
18063322
32731
16454946
833494
11850
755009
44871
304090048
4612803
826
15769
973
3200125
417195
7263
862
121169
13940
118068
6552448
905952
10314
65043
35388360
1100704
43183
2878574
168562
889903488
89190944
489
33308
1427
3964438
1197617
7431
1330
497034
48268
9861270
292706
29741
2178844
28059
1077549
80247
473369824
53865528
894030
49994
33779264
3000401
527557792
5695
1292
133253
27762
7376102
129687
12088
669752
505738
173253
5501391
319434
1488429440
177999296
969883
37592
67197920
9160584
3463541504
24300
755
1592157
29505
35686128
113545
117050
2221040
955423
343990
27116
45887176
7406487
1411136896
38315376
3694479
234966016
553552
28080
1156910
385916
5501390
319435
147816384
34557248
4840072192
138329024
4275601
499366848
993748
151777
3637793
3379971
67845424
4188009
311766176
144412000
999680
300924160
15601668
944796544
424618208
2888326
288182624
948462016
