21745
309
6603934
49682
280
61664
1771
4748238
759
494002
39868
7993
1768
1164937
1097
24085
418
729919
10006
309
16509
586
9459652
1162511
280
160
30243
1548
784
505830
40363
720
6980
1612
1493327
208308
3109849
8347
954
277961
13523
2078
151
-10088
4673
495
947151
15977
418
11525
658
3775775
423807
19792
451
339141
42063
6322100
126
38005
2351
97
1648
243
1031549
13313
826
15769
855
3200125
281134
7263
729
121169
9087
118067
2858435
476488
9548
377
42825
3934
89
13379
485
2820819
231188
489
33307
1097
3964439
528455
7432
563
497034
28603
9775758
292706
26906
1747731
171
5756
109
1507890
17018
3559
161
176711
3916
3540872
5695
744
133254
13411
4151770
129687
11080
624808
704189
130
22670
824
3762939
846800
16036
515
172089
35896
3374612
24300
400
1592157
50504
29667944
113545
39416
1350632
1009319
1247
271
183621
8626
2280928
156687
9483
358035
553552
14474
862103
499200
22670
824
1152257
93750
10831723
192702
34228
834746
993748
44590
1254886
2289388
173838
15492
359645
210028
675527
647673
74164
917386
757727
1811902
255371
1144438
