1947780
310
6603934
146710
1342402
2609129
1783
4748238
3585
34988516
1527503
8112
2033
2778114
3371511
1968532
3525
95374168
995393
310
17515
601
9459653
3506574
1474793
69142
69500424
3561955
4719
35386428
1551587
3313
6860
1992
48331320
205777
8798309
88457
5711
25962476
21052
5309585
262970
245372016
12584212
2983
95484096
1083481
3525
236568
13607
120851856
63232300
20329
409
357597
80482
30318060
72557
92579136
8928700
71506
2922577
68262
1041489536
19583028
3070
95367
8314
69867504
24711132
82474
3678
117801
6306
1743559
28060260
930704
333612
443107
375583584
24576080
271327
16832830
1052500
4856396800
1066417664
4689
257528
23366
154890272
79146640
403272
10514
4482411
1891872
289266432
278722
38212
2110839
194611
5208933
828446
1909415808
276497984
6313323
224213
192014784
28100324
12033992704
82816
8855
2286004
516236
174994944
1377542
379506
883014
8110086
541767
22467414
846681
8650418176
1560753920
19069952
1198428
1238891392
107515784
6763220992
318686
16672
15695858
2038818
284446080
3065185
727187
23921312
921462
7809151
809813
577624960
20195414
17576828928
166832848
13381314
1095526016
1731056
527116
12939768
8770365
22467410
846680
1549442304
150388608
41388085248
490138464
50919844
4096898560
9725026
1269145
46793824
31168826
611469888
36540256
3833308416
1484050304
23180304
1389937152
324025152
7968108032
4588759040
36942864
941301568
7952590848
