1947780
1342
6603934
146710
1300574
2609129
10679
4748238
17053
34988516
1527503
28761
12032
2778114
3525857
1968532
9052
95374168
995393
1130
31853
1661
9459652
3506574
1433948
156884
77718896
4910974
16107
35386420
1551587
15910
28027
11313
48331320
428851
8798309
197583
19168
25962476
40361
10808407
1177107
198424992
4822596
12365
95484096
1083481
7504
1448085
39562
120851856
63232300
22656
1764
1112573
227403
30318062
188599
20891574
10655009
154978
8109644
464111
2050936064
197934912
15445
287245
27503
69867512
24711132
270380
25944
403460
38000
2226071
28060274
2337043
1088302
1775388
325106112
23356876
1171633
31295258
2658295
8203168256
309102112
10069
1668592
35123
154890272
79146632
1656682
61825
4639518
3180175
289266400
692357
154730
5292699
545816
21843648
2071242
2802630400
240579376
10496920
552702
745055040
53130972
6286291968
183399
22320
12958594
1165472
174994944
7228701
771964
2485989
14143836
1411871
131038624
5273475
13486458880
1379828608
82910616
2095919
2138193408
147026128
20008525824
1136405
58427
42287896
4993817
284446080
2394649
3561173
67494616
5657443
6214012
2847948
1598216960
80810952
26118643712
414015712
28071120
4357026816
8159328
789365
51048108
25373752
145533376
5169665
2262722048
281684064
4984873984
2560328960
103575248
3731011584
9504256
3709124
63830828
75172704
1225502208
134150352
5433332736
2928875264
44039568
1694626048
219501536
21656522752
5884431872
93754440
2819058944
23285039104
