36887060
919253
80684064
216410816
37525844
1204505
1342402
41875
34988516
27246
28513
339353472
1043428608
38961288
17726892
110775008
3157708800
117385344
1252669
1445919
866481280
3760173
14233338
69500424
770994
189022
3139
277421
12537057280
18899331072
544937088
66571000
122404520
2502393088
365314144
100521232
7527040512
29647382528
39219260
13599280
28485591040
44213456
18170518
169031152
266082
374853792
4132812
26303798
33508
1232073916416
258344845312
11794921472
545922752
112141910016
20026675200
1402199040
-9520900
79545280
3336854016
299472256
1458256216064
3564188672
47466532864
1537884544
3907959
7827160576
45759132
4458254
65700700160
12899801104384
890987937792
107611856896
6174248960
588822016
84036993024
537549952
315059208192
368449664
1431464574976
298738656
590213873664
195023372288
5546815520768
3189648896
47202119680
476030959616
