36887060
919253
80684064
216410816
37525844
36408564
1342402
41875
34988516
2627503
4588626
339353376
1043428608
38961288
100568616
110775008
3157708800
117385344
84265632
1445919
866480832
235673392
127770216
69500440
5402696
189022
58116
38554444
12537057280
18899333120
544937024
432272768
122404520
2502393088
1925466624
25673008
7527039488
29647366144
487067840
13599281
28485593088
3608024832
1512940288
169031136
2025152
6992709632
4132813
7079732
218033
1232073916416
258344894464
106980229120
545922304
112141910016
95405260800
6629378048
-9520900
605386176
32223784960
299472352
1458256084992
29355225088
312548753408
1537884928
22881658
162090827776
646662016
3181770
65700737024
12899804250112
3954014158848
889287475200
6174245888
4214395904
693818163200
3095797248
315059175424
2099991040
8561855823872
3635365888
590214201344
1334802644992
34153089204224
31987478528
215469293568
5849153011712
