37022720
909724
80684064
216410816
37000040
16325790
1300574
41875
34988516
642738
609195
350739424
940032256
43371216
61870096
178344000
3157708800
117385312
21553300
1445919
866480832
27492872
30185424
77718896
2357382
189022
16914
2720481
40631238656
17400020992
544936832
336659264
177154560
2502393344
1806633984
248635392
9084608512
32295825408
247649456
13599280
28485591040
350656672
-77540288
169031136
590078
1408710912
3192288
129676984
79100
1247125700608
136402075648
51484590080
749852032
112141910016
62405197824
2775926784
-9520692
437155264
13600996352
496458528
943088795648
5963802624
139705991168
1537884160
22836010
111155773440
781594624
18622298
142249230336
6967075536896
2119356252160
43162796032
6174245888
4162706944
215293820928
1949422592
218241499136
2063888896
11871484641280
4010505728
719127052288
465752358912
19921981407232
7390565888
1183436505088
2230187982848
