36887060
916333
80684064
216410816
37525844
11957831
1300574
41875
34988516
486594
434257
339353472
1043428608
38961288
38486852
178344000
3157708800
117385312
16172676
1445919
866480832
14242555
101004648
77718896
3178678
189022
12876
1010497
22620045312
18899331072
544937024
338175520
122404544
2502393344
758231552
259727904
9084608512
32295817216
272311456
13599281
28485591040
313745408
-40055688
169031152
832915
342977216
3192288
88885616
65308
512450101248
136402026496
125878419456
545922688
112141910016
44101431296
1615468160
-9520900
175243280
14246969344
496458688
943089188864
12036435968
86495027200
1537884928
14738147
98357379072
618027840
11639716
256248004608
6967075536896
1660728639488
237600047104
6174245888
1664047744
71841882112
966718080
218241499136
1713543424
7581882908672
4170735872
719127183360
279270227968
12900671422464
5415811072
875604279296
2552436883456
