1975592
1813
1341651
325676
421312
6397
276166
245159
629244
451039
206645
104896
301558
174170256
4171542
7828068
117890
598143
5551453
4329618
10822938
6655559
536928
4920633
1495955
284117
387115
100013
104139
421451
897973
151817
277607
5390
471435
91233
1291814
1330602
201983
305496
139602
6897311232
8036051968
25480216
31539006
1956926976
2309189120
17854322
2356008
5697622
32024576
7853770
1153276
3752064
44599896
45434
2422158
7808956
799506560
39848120
781098368
10296804
40800632
10961762
659562944
6740192
15429245
4787078
499338496
12678117
13072363
244312272
2614069
18985896
284226
1817970
93783
332320
222822
909256
44300
896268
151764
255333
715672
891148
114786
2562
1454636
2187488
140968
1069486964736
46333489152
1840862464
10008295424
22832273408
4997577216
497318784
8057695744
14040139776
9297675
1995658752
2889958144
2820474368
427035648
1130197248
6978720768
14788481
6867870
21008346
12346317
2876569
-203196
20178598
1487976
3789323
15109854
2499401
4569531
7191906
51060
9433440256
217077284864
1733460480
5125932544
37211556
1181007104
29942772
80005632
746285696
1529803008
16424848
443732960
6466385
41976140
315191968
332843776
16286828
562336256
6527699
222320624
12416942
13706030
115153112
279512640
7799762
1635056
86615
175091
2417975
2926588
142604
1067398
478869
839859
138787
713340
2700180
6558632116224
-56952696832
4391003750400
10628846583808
34229039104
9116113920
10230016000
52747714560
3570921984
8284978176
9616544768
3119846912
12520759296
15972511744
-385585280
1539644672
36689240064
278599360
3975257088
2128471808
8882732032
11485515776
538689344
2352348160
4896421376
5151863
44242504
133047448
3724763
24703116
54704972
4739755
2513761
2440893
5551051
5360668
6422982656
247090364416
3456966144
10704159744
81392852992
193449459712
8062271488
2084947456
12783694
36637292
1034378752
6073009152
164537264
924984128
451418624
3525229568
21572186
292972288
374079936
18919092
26617392
148806352
788863104
30201514
103814944
835908
4727448
110096
6108371
940670
6602502438912
-77355679744
7860235272192
13599175081984
553005744128
980804108288
9356971081728
9086450688
10688749568
52743192576
3757643520
13470725120
15775453184
8466375680
-367398112
1590785280
36911325184
8256045568
2113238016
8913689600
11736832000
2152875008
5480493056
16633456640
977201152
3669864
24783462
55482172
5842615
5394624
246114320384
3414981120
10583537664
332893356032
1383817674752
9069294592
335431434240
1030243648
6029694976
164501360
3876329728
306271424
150044656
773986816
30219718
569079360
6118900
-63350587392
7868075999232
25005918257152
2737429807104
3406508326912
33463751147520
1882144636928
3671967488
21904551936
126952751104
9281566720
8245229568
2143895936
4250432256
17861904384
1782148096
14394205
332169478144
935999700992
14705035264
1428289486848
-1095279872
1049302912
2728707227648
2658093760512
15997723475968
3632258351104
-1475646080
5780930560
1206401630208
1569358348288
