1634427
1936
788774
116560
39779
4676
222686
91
193285
69478
26865
7
7
69986792
3554945
2371236
33988
504127
16325
3391305
4567176
3199556
420794
36116
1314897
31932
208643
39362
98
39779
136683
16746
114
3578
1333
23
157020
2358
25993
8
5
7316375040
3018859776
10641518
60244364
12876873
1399560192
6465910
1253016
1572371
11650
2381631
592626
2042204
26316
27006
4709
30638
2188914944
2976779
215365088
4446046
19169
1289850
180423552
2456041
8933
2745377
376992
18213
2015955
13475794
3512615
17609
31932
116270
14095
92
288619
949
40
85298
16746
85
171148
417
51
2466
349510
7131
11
1357246889984
3341436160
799147520
692866624
28033838
2611179520
1419374336
4275500544
48291476
17413238
7671824
22440060
135255488
287802752
182297520
2593085
2394078
1482119
9086372
9743
1199105
6218
17270
850571
1972774
33707
870434
5936
18059
504
1007136768
43330297856
1943243264
6377500
3909746
261705504
4438967
33654
420806368
6669231
42686
344255552
1140511
26392
74605144
1734737
45419
1009673
3246634
54238092
1064127
27726
53490864
532762
6098
320949
12983
127
438520
3160
42
2312
60090
1154
43
1102
819
949705244672
254158880768
374718070784
9563892736
5668957696
3147399680
4612868096
82918048
106947936
6836173
5326860
579417088
6138180608
7716082
265645616
3900148
51013096
6373699
1019440576
82171984
1600521984
1283853
377681792
2326001
8122782
1954074
1532190
54964
90622
6757
50713
13167
774612
8042
25558
7649
1028862464
114913435648
1333296512
18824980
133925552128
947563904
13979540
384161728
5053891
68630
233744288
6524832
58637
4383540
120480504
2395219
30544
737128
53277860
291318
14478
2736348
729724
6623
353341
251560
1126
50
2494
1261
949704851456
226963013632
741565595648
11964806144
99752722432
1197866624
10092932096
3147399936
4612865024
143315200
2183918848
9887562
53293040
15101827
265645488
3900148
51013096
6094464
82172024
1600522496
1283851
110320944
2507391
8358283
2286212
90622
6757
50713
15363
7649
114913484800
1333296896
18824978
13768642560
382095424
23138702
730726592
233744368
6524835
58637
957949
737128
2736310
729724
6622
402974
2494
226962964480
741564743680
7065113088
358589530112
5878422016
14388601856
3243565824
997057536
29198016
35562360
5525613
7339310
110320848
2507392
8358285
4375082
15363
13768667136
506643456
23138700
811885184
957947
73594
248631410688
776412160
2714016512
2472647424
14066184
6417526
645097984
1065508928
