1975592
11892
1341651
1618200
421312
28762
276166
525664
1342402
451039
900503
1186914
426541
174170272
24830802
7828067
194568
598143
5711320
7811976
10822938
20811784
536928
13784398
9729329
1382474
2311685
520411
1286785
421451
884090
151817
446100
27978
2024665
192723
4374430
4057538
887727
431655
855984
49534148608
8036051968
24402344
31538972
10139745280
3738511360
96361256
18105888
23329908
186592624
7853770
2435795
3752064
55848732
57869
7420179
6243163
2853500416
108386320
6235268096
13790182
110528272
10961761
1706348160
6740194
10779387
13035890
1356144384
17421824
25319294
364904928
6584353
37869968
1384051
27391132
465749
2387045
866381
16873542
476043
883397
151764
446601
1025451
4361287
204130
742561
3740899
2358001
860949
4152299094016
184870207488
39961907200
36746915840
273615486976
4997576704
4472711168
8057696768
40104513536
27103732
8351421440
15145115648
14258783232
4372339712
2026521344
22955390976
67814552
49496716
102932056
445231744
47702624
71387472
146688192
6022019
3789327
41709568
6570876
12581383
12656224
4714677
16824791040
463228764160
4264477184
31514081280
119296632
9611278336
74698488
281179392
7936060416
19591254016
4939722
1376740864
6466382
24294376
1414878208
6191392768
34697232
1739935360
42922760
1574806272
16008503
20548704
649436864
417330688
4588281
14502200
634835
2507629
15642647
32686116
528405
18817804
220914
5192798
170704
3461111
5138616
6391066525696
2058596909056
4389335465984
25272596299776
29116764160
83641630720
83197263872
-66738458624
27418267648
29365739520
101584289792
14493747200
12520759296
42051022848
2468874752
11531405312
59069489152
6272279040
16989380608
6663362048
17004440576
69111947264
5483062272
12615225344
17665437696
50498756
141376704
87594632
69468592
299195136
405863232
108912504
6006484
16190401
37720352
11610819
13778325504
2667933859840
17321740288
43580366848
34220212224
842616274944
16584770560
15889797120
141935536
360985504
29093292032
48511049728
971216832
24655316992
2744323328
5769016832
27093660
4743569408
816597376
25173540
30132366
2836694016
3805470208
77904928
4356578304
15959258
59863344
674556
66147784
6317529
6412542935040
16654669971456
30400468484096
12142327627776
3080659402752
13409836859392
26803974438912
83837665280
84185128960
-71597334528
158430609408
314347126784
644063559680
93377339392
2437706240
11612690432
59418914816
11634924544
6723187712
17082866688
69940191232
3264514304
36328476672
62208131072
15229801472
69274344
299655264
403387168
396062784
11138732
2665444540416
17287587840
44807258112
1047580835840
12405285322752
47677825024
2203099332608
28794181632
48609468416
975200768
85500010496
4802757632
2848027136
3775933440
78520848
1916633472
65961360
16450826797056
30206158962688
66985031368704
14028215681024
26480708943872
92001387151360
7114679910400
157873111040
358338691072
752246718464
439187603456
11813967872
3266292992
19907035136
34069690368
30142244864
110422576
1024416153600
12038364463104
64328470528
7323652718592
73792790528
5702350848
13947879030784
29247615795200
74872663310336
18550169272320
355619209216
75228979200
7289245794304
29460665466880
