1939710
197600
970534
1618200
10659585
360681
276166
525664
1300574
3036719
67781584
1186914
7156122
82120048
25952708
335796640
1249270
660765
15699348
7811976
169550688
63026264
522813
13784398
18163004
116475288
30720072
520411
1286785
1898844
178590608
3131368
9696641
355369
6325084
192723
102936248
4031763
11080303
1820044
33454716
38730584064
150202712064
26869800
96304080
18839652352
6465731072
5437611520
123946464
56423264
152748896
170191056
412446784
164640416
625992064
978822
37849700
8699892
4447482368
5656894976
25932924928
20469494
161013824
90388168
230698401792
77592696
516678944
92628096
5868368384
5940609
639254528
2047686016
6063494
78631856
18010416
1782297600
45320056
112998952
21803420
125286952
476043
29743678
651629
1511090
324502144
770443200
3155540
6280586
20602022
173191920
7205995
6272820707328
4084330921984
132138647552
51714670592
213288648704
39458852864
641583153152
258041217024
1066592829440
151953792
55485964288
14301169664
305660821504
-3295897088
6645300224
17767704576
958030848
5524648448
5743247360
18717569024
96320824
632737728
52439448
229612768
90119072
292156576
618425728
3608070144
1213864704
37199644
308964360192
4584078573568
7874517504
20913168384
641411136
7943198081024
4539139072
11699966976
38685913088
54925557760
110824032
23844411392
65715328
114569264
199431503872
636470689792
971259392
14407164928
311105280
276647903232
430416544
4457400832
4036383744
2207051520
25400654
286312896
6652651
23253874
3810758656
17398937600
49854816
98240736
79420352
151264592
685000
533225728
48490516
325008261906432
10209019822080
3939242868736
34342736756736
1724787195904
34453267152896
9748465319936
27819331551232
110946099200
316321300480
124563144704
455231242240
159626379264
142516404224
1244015099904
1827014049792
742287933440
9931752448
46514774016
1038524284928
419307978752
2629012815872
9093593088
84497342464
-451680256
2382870272
2117411456
4059888128
14802587648
56582897664
29082781696
419107136
288354816
789635456
266433872
1953703040
131805249536
112554458218496
282849771520
1975123836928
1801742188544
5149169287168
30200049664
510423465984
624515136
2634439424
6502386499584
29039433613312
8111134720
60080254976
9751560192
401748983808
194939664
286337728512
98424070144
359957920
1160751488
183913775104
886597484544
1378775296
4761949696
391138528
1316317696
14409147
13082858496
48424128
28078409515008
1260634104659968
332436374290432
956048647127040
7032167989248
45930292183040
2303750832128
7222779707392
1909880651776
6117575360512
9241827999744
113014976020480
30404505501696
360090894336
541635936256
1043110100992
135252508672
3531273928704
320843874304
45811265536
581155225600
524478578688
1150764187648
1045805268992
45674979328
2361640960
15451684864
6060989440
56136679424
589975808
83100612689920
97989263360
568055889920
5288878931968
1027092573585408
930467414016
16635162263552
1399850401792
6556294316032
2003507584
24703276154880
170890887168
39430414336
146737446912
1337821824
594415058944
4394748928
943181864632320
204083373801472
504466960809984
2140745918054400
2517908739588096
1633247616303104
82497941536768
3822893137920
13346849947648
5487219179520
62826504781824
758592307200
340196720640
1905168613376
457436069888
2839006674944
1233390848
107770846117888
366086033768448
468723335168
545951815041024
3414870720512
293258919936
209400744640512
1006649066127360
563725262127104
7530512188964864
10653868752896
693350367232
385844259061760
1553396255424512
