85941
135086
5251417
2201490
115907
646
216410816
37525844
34459944
35810
492482
3996141
85941
3427531
1467811
76034
5379325
2203348
122632
38729
167595840
28614582
4797202
26388
1947635
43802
1790229
2827438
204980
2746924
866480832
208983312
136324592
9011007
39290
2506962
3451720
1468545
76852
36190
115971224
11385075
3167475
21699
1369035
30260
133023
168352208
69765656
5087265
22438
2148732
47786
6046598
49067440
191450
1692913
787790272
149875488
89117872
2594466
54394
1532223
915501
1549037952
12019880
271774752
185543
432304768
4559524
6821272576
174368960
150710384
61425
138019
112446392
34904688
3374497
12261
1392237
32826
3753954
36795436
149280
1169523
1732484224
126404688
173612480
1853514
75601
1289166
6570646
184759664
404429
1416617
179485152
169446432
4156016
2281501
129947
1901852
1320119
5508131840
27392074
231914576
412378
842539520
5487401
6613929984
148330512
46329280
27700
1686438144
7170781
3583102464
9136233
381875392
2129390080
3460790
5236374528
4549691
46291520
383394
1678879
2180569856
100590248
84083160
1945356
101218
1296119
1522975
5362245120
34393456
392302656
298901
498652576
4109316
6449214464
113235928
106425856
91955
2791626
4283396096
43905308
352256640
655974
977406656
6571227
3618606848
139257632
140670688
93437
3162001664
6287223
12223418368
29521830
330847680
1222093184
5658801
4560515072
3483126272
5384056
25189711872
1815400704
2386145
8352915456
41788120
806337728
564296
680782016
8208614
15918051328
129449760
62985960
49423
1042828288
5844713
47238746112
22561792
379909440
1600258048
7482885
10802935808
2180797952
12762908
27021094912
46968248
365883872
5812715520
6368277
14017378304
9483339776
4511963
23882094592
2065841152
4969374720
1891411328
4792946
23383564288
36073920
614950400
4370673152
8110886
9434545152
5193655808
3035313
27853234176
2128349056
19816720384
15242238
14865348608
618975360
10246405120
9324591104
4068712
11605697536
3034009088
1921180416
12502107136
19515418624
