85941
135086
5251417
2201490
39402
646
216410816
1376
21527708
35810
274014
2018648
85941
3427531
1467811
25384
5379325
2203348
44813
38730
167595840
24640
1965301
26388
663586
8312
1790229
367
242194
2746924
815979
122424064
53816
4985018
28924
1124444
3451720
1468545
26391
36190
115971224
13183
1418772
21699
546302
6481
133023
168352208
45690
2244722
22438
814608
10473
6046598
71544
278561
1692913
1013739
59885088
92049
855261
73055
482347
915501
2203725
7656975
103780
153838
-29999
2087255
1819455
117934912
81416
57142
138019
112446392
19127
1207790
12260
423190
7253
3753954
95647
154733
1169523
1067776
71835768
76176
595898
58883
448271
6570642
93960
553304
1416616
1366418
70834968
108259
727907
102934
556684
1320119
3236600
17820882
298350
588828
373752
3111368
1483996
71729320
93929
20693
363956
5683491
10613228
5976970
180351
904179
3276610
5984736
4549690
66481
520467
1678878
1122138
62581680
58670
693066
38518
484685
1522975
3883796
28165774
284605
220619
309312
1458923
3645127
57518700
35014
61214
2791626
10083738
26040664
240348
498193
531747
3321882
3819050
78164680
138800
45378
565441
2510932
11121107
34195008
225357
1740905
3993356
1819673
1356811
3450059
11479628
596541
2386145
4675516
37921400
277445
412639
507430
3156661
4002802
60533192
84282
53779
1148451
4634084
20629580
23756138
186987
745290
2235429
3795561
739170
4618546
22461200
39130248
312118
1353999
9565360
7481897
6110579
5028346
13228594
991819
7695871
2542644
6795362
11624743
15956152
259254
886162
6351707
3938681
5922948
3480266
12314358
1452341
5779463
7831913
15613604
2199776
5163241
6634168
900702
9191666
1324241
4949848
9145700
10273199
