85941
135086
5251417
2201490
39402
4692946
216410816
37000040
21527708
25847
274014
2018648
85941
3427531
1467811
25384
5379325
2203348
44813
6983575
167595840
28614582
1965301
27081
663586
8312
171088144
150722192
7046116
2264290
866480832
122424064
106003864
4985018
12491
1124444
3451720
1468545
26391
3084445
115971224
11385075
1418772
20358
546302
6481
8143454
168352208
69765664
2244722
13572
814608
10473
115556104
5607880192
12074411
2048472
787790272
59885088
105381592
855261
67016
482347
94515640
247474143232
1778930816
11144060928
17346734
473527520
3103400
6777729024
117934912
78252048
67877
8406969
112446392
34904688
1207790
10143
423190
7253
381577664
7502165504
10639028
1865811
1732484224
71835768
136641072
595898
40466
448271
371138112
6351073280
42819624
1828411
179484912
70834968
16139740
727907
114642
556684
169532320
7118897152
1856165376
25954064384
22668198
592473664
7263525
6161580544
71729320
14334246
-6146
68926431232
290357824
815140569088
1048756928
13984670720
1730293120
3460156
2921415936
408409472
10957074432
26597166
2051698
2180570368
62581684
118060160
693066
19088
484685
113718880
477382868992
1205170432
14961804288
21294182
449541120
3677700
3735028224
57518704
64907676
65603
243528000
894435131392
1851095040
44171165696
24411248
890094080
4642083
7960458240
78164680
47145136
116314
149483470848
600726016
1125053366272
1295679232
29112492032
278218112
4287967
4730991616
209185718272
440635424
715996135424
2528475648
358022688
751388262400
1607143680
32943878144
34858324
384190272
5681076
4684603392
60533184
78801360
32489
141414596608
340543200
1079607820288
1053155392
26465284096
3339592192
2622260
7502154752
130110013440
815280384
1452579225600
1456778880
44562862080
6166048256
3317297
14278975488
92487737344
399156512
703253250048
3283036672
621307559936
39706124288
749728448
862384029696
1454847616
54611296256
3468184576
4257754
7404405760
541883662336
455050336
1553941397504
1243080064
1058915745792
417869088
3171061596160
799442432
783607463936
1128289402880
444825600
1214741086208
2428912128
447985451008
1214466228224
250710949888
