286745
1193928
10595
2315
165755
6719320
50728
548752
641512
10999
61942
341090
2011531
15127
263568
841579
13102498
877848
1122188
159599
6093941
41904
502482
29793
4436
7857
14212
7295
5284
62400
4979
1434295
34018
80653
936493
3565581
50872
301927
323388
17409
443009
357917
14520633
1800372
887056
35123516
3013334
1712828
2852093
51709944
94450160
1653140
8520568
1366109
29403
74962
35814
1496465
3000819
16090
52364
23181
45455
66011
15787
31730
24160
18574
33565
412950
27762
129996
13734
336596
943458
1231917
79831
2668370
396434
49182732
1656256
2190718
786200
59079852
68721648
1161879
1618342
3058956
153510944
56268360
1409076
4047683
19662262
3418541
68915768
304772544
5141824
15246
1059469
1380859
14284
72990
35397
25721
460002
2407561
31963
110522
123591
128981
206003
13980
112119
11525
672251
80809
1349776
496024
3374615
2520104
131920680
81773904
6489354
2547319
11627588
5933544
76997448
23869076
4639673
14253265
5924523
93436640
874432320
7119320
13077082
24677628
77965368
319684
57437
585566
3746187
54964
43160
116960
976317
107693
572380
188762
66355
1405619
53192188
5707395
54632824
530661184
8842796
11371894
37128936
275070816
9817303
30142492
32987452
29403366
104430
518834
2703059
144143
392737
18958114
36920028
369189152
2307940
48619604
99220
69683216
