310866
1193928
10595
2315
123441
6719320
50728
420156
468489
7015
46829
341090
1818540
18322
290764
753131
6610890
1531443
1514030
119556
6093941
41904
407050
29793
3378
7856
10091
7295
2764
62400
4014
1043089
12375
63985
936493
3331192
16137
219944
329348
4574
293278
777225
13005962
1566914
684255
21849144
2639177
1083344
2007967
75498736
36549756
855582
4828613
1041566
35064
55593
35814
1496465
3102703
16090
35015
19443
45455
55999
14460
19584
24160
42123
29111
412950
31929
127831
4326
79622
769772
853666
41518
428108
383155
49545084
2091055
2176137
1808340
63202216
45169580
954965
3011580
3273319
169184608
97284568
2962341
3283199
11954559
15471686
49869472
207779360
4340981
12130
893779
1216586
15235
25722
35398
64936
460002
5513759
82593
65913
74865
128981
298583
13293
35284
24220
359663
49935
2076369
562476
3924938
4859708
103520256
84502176
1821958
6189159
7044861
10957680
86255024
468144512
2357133
13281280
12479616
121336400
1202936320
3472697
5886756
13609360
193160256
234616
46097
116422
2737150
32887
43160
71701
1691038
66608
233586
90269
63094
2964059
15964410
15750694
102409520
127262520
6382194
15077205
27667010
92979880
24806284
34616556
341548704
22534126
55138
165804
1694479
231298
49883
22377458
52462084
356207808
41560956
41793900
141149
47403624
