310866
1193928
10595
2315
848626
6719320
50728
941867
4415819
31524
715162
341090
3739259
29714
290764
1739617
6610885
1531443
930226
797068
6093941
41904
883307
29793
14488
7857
15792
7295
11207
62400
8280
7437269
88979
676025
936493
6245963
71663
474050
3890886
41637
369602
671945
13005954
1566914
1790771
58615744
4753271
6488583
2007967
75498736
112863776
959801
5377401
6833906
41667
623601
35814
1496465
5557173
16090
65950
118043
45456
64272
41415
56384
24160
22552
63657
412950
35345
482290
60005
321290
2496210
7442371
184363
2012196
892531
87186440
3984885
5958270
1808340
63202208
58286364
954964
7396048
9729516
315501120
304363616
4173033
18216668
11954562
13308041
49869472
206426000
1528787
33965
2264953
7715229
39197
254134
35398
52515
460002
8651243
108167
206087
358938
128981
267554
28349
145587
14566
1128771
154293
3817351
1652134
8400214
10200923
84389632
538804736
3408134
38285208
7044865
16083376
86255008
529492576
3487980
28359472
22963000
109715200
3341831936
19644872
5886756
13421802
136891120
216092
233137
2775577
12450925
151062
43160
134091
2306172
201742
1207411
318678
144581
6174200
8087114
50950132
391503744
809706304
6217588
15077205
34968584
83931984
34411256
154346208
1581406976
19576712
461560
607045
5596050
273463
848185
46874032
234026592
1151323904
51005328
157232752
613436
63065208
