260510
303271
588764
459925
37242
594503
225303
632187
9400604
33725
731342
3930541
169411
10507301
254431
753287
294289
842675
3077592
12035620
523653
227163
656424
9499838
40368
165695
625878
2869219
158269
216385
243921
3518153
93433
101083
55717
115365
22314
23405
130792
212746
582659
559991
13778902
19873
31167948
48352
1150492
10698226
125424
731117
1809413
1814082
5527611
53255660
978914
586976
8568567
58574104
4469373
1362324
83985344
10089990
1202037
13011056
1007437
177487
629776
14233372
27714
224383
29635854
98655
97946
1364576
27357
405636
8266088
24853
211098
7186725
131929
32769
668925
118186
192208
9636550
37425
3653916
54224
38996
588395
75114
157409
325139
43219
201340
62656
123735
21509
32829
87889
1696233
126441
490102
1355107
48861212
224612
3702184
4965000
2188531
1763528
14027475
98831808
6867521
3100723
415974880
9884840
8576627
40649080
2760380
9561129
46700212
4987634
3524610
229160752
23640308
7166136
145340128
264769
78759400
3151201
8041816
245434912
11589436
6774574
11769808
452984
8548742
30716
215751
44780080
150756
174205
2155592
35554
10337395
50507
469804
5939601
55173
119763
1632873
160371
27847190
91812
121380
1510126
16126
2478464
40083
141506
3132737
90289
47477
377289
16087283
51793
153014
2817437
46938
128130
689061
40037
72186
372557
988187
171962
315383
40946
285827
31243
32214
335003
6408269
7070376
2971499
22899270
14584633
91554864
4970590
4660968
569816384
20222560
18608372
456618336
8902828
121852744
1816668
75050968
534077568
8118903
21202442
110953408
3798277
412562336
15780633
14841821
59964472
-124669
189278688
11108258
191399392
489976480
21378024
21523836
236670400
10718552
248342016
4466879
49144044
304717120
22738940
162526
28275936
144288
107835
4004194
31594
20256000
187519
1150187
17601210
314273
81127
4061112
324082
4175523
84790
347941
6948540
97998
10753708
64406
723964
15983423
181307
136033
3194260
102387
740787
40149
144914
4353358
77794
819473
9876430
69876
276714
3175468
302602
2761032
33618
1260997
126506
436328
548573
27260944
6418869
729878016
44773424
11477196
195953168
-323844
180724352
25819576
135029488
683774976
41076264
67561144
328930176
29957128
209858800
3126264
28699504
870175168
53288804
121377856
8055737
32995112
582913984
33160056
6520080
140025600
22208592
386156160
7196923
204114912
852640256
54731464
42419548
186306752
160432704
9490948
78629
648931
13515988
228295
424336
566308
446547
10650157
191283
2787881
39290856
323228
598741
-92359
846313
164146
7752651
124757
1443192
15780172
203078
84926
860944
389459
1256114
5316295
299330
244193
2113478
225580800
13741426
187244768
2275921152
34612748
83852736
196046800
110730744
975078144
19704002
208552656
1055437312
166662096
131273432
453575136
312660224
57853352
326111872
14140576
83798320
1058548288
25577388
117858944
866254656
168682336
34848000
482324
3489849
224005
1682704
14037595
728357
1415888
17487898
3526555
686790
453183
11047747
808515
200317
826559
133692976
930898432
18263978
313688832
1318400768
113690376
229918208
1855335936
361701280
143020176
62577560
486265120
198818208
206029328
1151778
17026488
4607434
704198
749678
224443680
1345990272
272989088
354226336
86177488
109096
260305312
