274117
303271
588764
459925
37242
481715
225303
632187
9400604
5810
731342
3930541
134479
10507301
195471
575423
302379
1063018
3782525
19490496
508066
227163
656424
9499838
9259
165695
625878
2869219
126773
216385
243921
3518153
71578
101083
55717
115365
20224
5770
106562
165851
440061
559991
13778902
9540
31167948
11503
220968
10698226
102440
543305
1258080
2386957
6923558
36012504
478739
1898878
6776500
118352672
1834607
2953340
121103456
3546708
4820240
36601384
229689
163528
629776
14233372
13307
217865
29635854
53125
97946
808662
9991
405636
8266088
11017
211098
7186725
91307
32769
454023
97232
192208
9636548
17360
3653916
41689
38996
346141
57037
157409
325139
25657
201340
47716
111637
10334
14359
44194
625584
103587
341010
891330
48861212
146224
2556915
1521585
1695403
2023186
9251539
171259504
6064835
2968817
238336032
12286310
7891217
93802136
3779058
8996445
54197396
2561384
5586596
522401408
12641620
13254800
84482232
5475188
65810052
2887020
35578368
149169264
17616328
4601119
142888992
448492
8575954
36407
235555
44780080
114425
174205
2193242
22008
10143913
29329
469804
4748623
38180
87403
730333
160371
27847190
50050
121380
1362683
5695
2478464
32669
141506
2509029
58107
44183
253166
16087283
67008
153014
2718414
25792
128130
382996
32911
59760
255679
988187
108916
172226
19837
292728
15925
53565
259426
5070487
3774368
1867895
15777705
9384199
101121088
4109870
6004964
1244739840
19412176
3633316
382751616
7931618
209065520
2956648
16606090
656635200
1489390
14477132
58237544
1484406
281657376
11539145
7057841
88109352
4026672
218802192
9509193
34736704
2111247616
38086864
54943448
253118512
19886846
124610024
3642534
58659152
707743936
22924248
171756
33975188
159350
201752
1428750
27940
19303656
116178
1150187
17344254
277813
158914
2715252
324082
1432645
51537
105234
3630537
32572
10753709
45434
723964
12642236
138526
151877
2384931
102387
946058
31566
133932
3287120
78127
819472
5563372
67405
150858
1866566
162082
2320485
37749
907203
140417
431008
430045
12391269
6840056
4367200
3220300
2993978
293798752
3183195
854151104
16109202
121028552
2324548096
46274900
51250380
420174176
11292425
446187936
5236707
105067800
670225664
11846135
127217056
1846684
55594404
422213728
17560188
29807496
228259504
65375856
416967936
148372
213519008
811206784
63568156
15817682
138131264
106451616
9977805
32913
622167
9087038
255582
436747
1959707
446547
22793426
172607
2078466
27257096
396784
539244
1379386
971365
164146
4146378
125443
1036699
7925663
109584
96008
523060
447062
914284
8270205
139321
204173
1930522
334670368
6331933
68767584
1116861440
31710436
34707468
41674328
76978384
568361728
7189327
259098448
2773606912
19709790
46809520
382922304
229400560
42271712
312085120
6681969
179159360
1138284288
20126772
75727072
843884992
205211328
89056600
671538
5824143
134408
80891
28528382
542861
741510
11508508
1762146
751983
454515
10529544
190099
223473
402138
87478600
397422912
17810696
339355520
697338624
22728280
117726576
1658596608
279769536
65743020
57831960
443578080
30992248
115071320
390885
13390918
2519693
716779
648427
114397328
1160954880
846661632
155034736
199979552
319126
295237024
