260510
303271
614251
459925
37242
893208
241832
632187
9400604
139155
788713
4114658
270015
10507301
438055
1314818
294289
1003612
3077592
12035619
573343
247422
656424
9499839
142095
176497
655336
2961279
243875
216385
262741
3518153
156195
101083
50923
115365
30806
93119
191391
342820
1107044
609274
14219289
93507
31167948
267524
3842757
11081181
242630
1099910
3111961
2063202
5527611
53255660
1609865
427328
6481442
46214280
6265692
1362324
83985312
8406305
1202037
31196956
1367002
188460
665239
15047995
87205
224383
29635856
314813
97946
4221240
102728
418722
8573805
85904
220887
7436453
236679
29605
1139342
174174
201838
9636550
102119
3826439
98610
38996
1087440
124137
167330
325139
77051
171895
73572
152497
34995
90496
273990
4494643
210889
990077
2953609
50040888
484906
8480612
14325471
4319546
1880692
15055466
64050352
7799842
3100723
415974848
16022231
8576630
104460480
5250436
9251804
38774108
7530368
3033869
305113216
24346832
11182692
283542720
1366206
78759424
3106784
8041813
519288096
9098815
9852534
35130504
480057
8993059
92626
234026
47106120
479797
182132
5250396
91059
10337394
126414
469804
13632308
225517
108240
3644931
172268
28716446
203634
128120
5932666
63662
2634444
74024
158615
3907045
131293
65203
603900
17331418
125277
153014
5803613
93365
127981
1383556
62576
121222
849416
1120140
234717
474495
124881
357334
36261
113317
297939
7691719
16051417
4615288
47083148
17582246
95975392
5529110
5733551
566891264
47339056
19563674
713872896
12010600
121852736
1446363
75050968
1113391616
16306418
17301196
187504000
3258511
302495744
18419740
11876998
144285872
1999924
199579264
12979660
204813696
1202647168
46214836
27832920
356348128
10718551
216337360
5065144
930150
864812160
16663271
175664
28899184
430363
113653
5219328
108794
20843736
345907
1410205
14935603
356759
255872
7298069
324082
8451064
110993
814596
15833398
171046
10536239
117110
847339
20426990
322677
187977
7084929
101369
1164725
66058
186950
3833310
110326
858113
5485609
127975
379514
8890592
414317
2901484
67828
1400500
209381
726043
1065973
50207844
6327818
679126720
64094424
5220009
246724976
3099003
235482944
29465758
154358576
2537782784
28161358
30203556
88140736
29957130
489956384
13312732
57775936
514863872
46026584
131839072
11138885
56483824
433938944
45343068
17910078
289769952
35203336
281891840
3414219
254638336
1674549760
48234268
19317938
97151656
186201936
9650866
173860
638479
35833404
372636
590655
2175658
587587
23356774
232655
2249656
34076148
337105
577118
2770407
1493385
157452
10373273
135143
819643
32689036
214650
144156
1600521
511227
1838836
9981025
522639
365839
2274548
221295280
12744377
181871584
1617898880
35679868
102552808
250390432
69156152
2792363008
40963208
437861184
1650004736
191923968
146446336
689899968
307549024
56872328
700207680
13179730
243957936
1636236544
56951672
133273216
889061888
105546432
66930028
538701
8021864
376254
1274543
36736964
967955
658432
17922800
4364370
1130062
1044339
13055322
1217935
243765
511321
135759008
785065600
19015152
215852112
2163920384
84980064
375167552
363204544
671205696
159861120
80643008
741291264
232930384
270693344
1455741
26772348
3614163
1620884
720606
193486224
2250326784
237085296
241344288
189298512
1372459
516084096
