1622433
2609129
614251
459925
37242
893208
1718421
4072271
34988516
838865
788713
4114658
270015
10507301
438055
1314818
1867758
4427692
3917790
46853992
5084840
1722118
4201433
35386420
849760
1311267
655336
2961279
243875
1377535
262741
3518153
156195
340967
50923
115365
30806
621192
191391
342820
1107044
3715438
53643424
484430
106870080
1348307
11610168
11081181
242630
1099910
3111961
12359646
9716142
126814000
5468162
3978583
35702000
214705344
6121221
4081916
331493504
8828226
10147023
164785744
2319938
1298724
3605020
54623528
520354
1382482
105127728
1416953
425818
12497234
663662
2468862
28572710
438536
220887
7436453
236679
29605
1139342
174174
1173184
35189520
473590
3826439
98610
38996
1087440
124137
675397
1117214
339854
171895
73572
152497
34995
376487
1255727
11187564
210889
990077
2953609
175788976
1295188
19830778
40354372
4319546
6588874
54743788
366150336
17483988
9557984
491247040
32642776
10199080
148366144
14362965
34035008
126760360
6973500
18143950
1272055552
98855920
15368901
628072768
3685395
94021424
7546984
54747468
1343078272
15781908
61828424
188736080
2682235
28583410
573131
1215030
169540960
1645377
798889
21611376
438244
35597020
500697
1365494
45596472
1080853
285846
10268554
902640
88685824
1037678
505194
14544506
287636
2634444
74024
158615
3907046
131293
65203
603900
64520276
588284
448716
18908480
386772
127981
1383556
62576
121222
849416
3182906
1052966
1722703
356199
357334
36261
113318
1099027
22751580
52405168
4615288
84299872
27107736
360590304
2198262
18959814
3602375680
191818784
11940365
1399292288
20145752
343722176
22883634
102851056
328509248
58883360
21726452
296448640
14032844
466967488
71710056
8675768
575121152
10546704
465010272
35989108
148744528
4323268608
133047296
143119568
760399168
51316092
377761024
28742624
145390016
1127005184
60392276
906036
97930160
1309083
698091
12474806
451310
60818632
596897
2606732
91076320
1402257
1639942
26127896
640308
17007218
443046
2455094
61534024
460415
31974416
501041
1617036
67089616
955629
559401
11881608
101369
1164725
66058
186950
3833310
110326
2482600
25745670
606064
1268117
27049360
414317
2901485
67828
4705356
1075351
2397549
1065973
144170848
9365728
1416631808
79105176
41421732
1258756096
29665046
459333184
110905472
815719360
4440427008
210146752
186159168
2804161280
30845630
385668864
49355792
238867552
4561248768
81412480
557543104
46714692
244106704
5919828992
60793256
107486520
785281344
76904240
511505536
37182064
554156544
2476603904
107426704
163896384
961389888
624828928
30398626
432910
3121780
59133036
1659620
1199869
15182780
1559343
73140440
865127
7363654
218243216
1172585
2229134
19350590
2386293
933794
26439258
548893
2004987
73544696
822192
144156
1600521
511227
4143419
52656532
1622849
365839
6837238
896625408
77716144
563516288
13439279104
130389272
355438112
1374014720
259997120
5744068608
3243728
1340577536
5735109632
411437504
323498816
2096593408
1267915648
86639920
2614004992
53629456
779612096
4277419264
170040528
260756720
1720709888
937694016
124640824
1451709
32504096
742695
3994811
131498160
1758647
1976884
70262792
20079762
2093482
3600089
29682718
7002079
243765
2872734
227502944
3207301632
134964496
1341382144
7007273984
287499776
1147863168
5079515648
326371360
609698752
378303680
1914755584
1141338752
491719456
215589
38938108
12864860
7183337
1248682
690744576
2887666176
2558746624
363905152
867563904
3033524
893268416
