24592
619004
110
2201490
39402
1342402
2609129
1783
4748238
274014
3585
34988516
1186914
8112
1908
2018648
234051
106
1065051
5702
602578
621643
1987
30820824
172147
110
3765
677
3675160
663586
8312
1474793
69142
69500440
4057538
4719
35386428
1206451
3313
6860
1928
48331320
205777
7164831
508784
904
1124444
88457
5004
18810112
24239
1530605
241156
1205
17779558
64399
107
7023
227
2753645
352326
4577
1428395
147284
48139308
3413089
1099
29068700
182970
948
118195
5300
57316872
14073165
124042
8960
86
258398
29257
462
2381129
482347
72556
92579136
9419837
71506
2922577
90962
1041489024
39215840
5209541
3070
95367
5600
69867512
19868296
504028
82474
3405
117801
13706
945
1743559
21909408
945329
1940266
1233
15748158
14427
362496
1043982
89111
58884892
3370726
1586
18242870
77597
1647
116857
3247
30042176
6147241
36016
4014
264
275144
3873
442
11246161
248601
299880
133926640
5412203
130889
10408492
549719
2030049664
138562528
7273202
874
81414
6845
45904848
13394483
117451
41561
5233
1785930
597913
6444
76313496
10707960
195505
14605
670
868280
26837
6090154
194610
5208933
557034
1909415808
439347680
4859694
6313323
260772
192014768
20742520
262389
8642516992
314811520
82817
7659
2286005
432598
6537
207544832
15605076
1377542
286476
3268
704544
17854
6027218
86672272
640801
313364
494199
100571520
1985542
99108
340742
310817
2332072192
305496960
4567930
3107
194668
4960
28324402
8619770
110439
212526
1825
3678570
50496
6021
53903128
9459940
105281
7264
696
418943
5047
9800390
237462
22251660
1019461
6992284672
561000640
2778703
17939698
519967
434459008
57657280
279228
7774477824
216109872
240916
13739
5517903
190260
5816
157492880
15789460
3681427
392381
6842
10353599
114918
62051048
387986
11009
649068
7809152
912249
577625088
36824644
872322
12179383296
264397040
166832848
17786784
315551
1265420800
8855465
7876828672
1731056
348340
5333
10841938
107478
107870136
8830811
162635
351177
6583384
286014
21982160
1848829
5047899136
238247168
5859449
5569344
760650
366937344
17631166
557464
6966909952
237799072
54460
7318
4993041
1008899
7025
189723168
6689211
2438626
326014
2922
13368080
593364
90293224
1163801
14944
663837
5259296
1047489
513526336
52684060
2211491
26892904448
315115040
499175680
47550232
1237006
-14144712
43991252
7058770944
4927424
482033
4279
31504530
628638
126513664
19603394
401840
13527758
608369
611470080
31463386
644689
3065749760
39786392
21481879552
1088433792
20192860
168330624
22221680
467903
9708045
6744141
11883972
1569175
-54852800
57980584
847362
25644576768
346719072
72856192
-918617
649541
1640041600
5078563
8386269184
5851821
310279
5423
9066880
410631
185448624
12845054
295320
4302244
300510
523367424
81940200
1548513
1735190400
84917648
22683975680
1032829312
48134448
1527715328
6024387
1064237
20010898
14385720
710796160
42331740
2390129152
544034432
20519328
641140480
57096256
772227
1234961152
136641104
12911931392
1144486784
50257132
1760120832
14702886
594832
6974788
5401758
1530916608
74349488
1546102272
1987365760
9575163
1518934400
1675057792
79602688
308139200
2829529856
30015136
3754198528
2377675520
