24592
619004
119
2201490
39402
1300574
2609129
1771
1193
274014
3552
34988516
1186914
7993
1909
2018648
231133
75
1065896
4108
931601
621643
1905
30820824
172147
172
3813
669
6462
663586
8312
1433948
63836
77718904
4031763
4813
35386420
1206451
3354
6980
1919
96259
834
15624
508784
898
1124444
93126
5053
18810112
22224
476638
239723
978
17447312
66517
75
8785
235
6498
334941
2283
3550021
107017
161936656
3486473
1072
29068700
182970
1905
119017
5086
164523
14073165
124042
3812
669
596
29859
463
12214
482347
208405
20891574
8272747
63835
4395422
69114
6050792
141450656
1620435
4813
91257
5431
207480
19868296
504028
82676
3410
777
13940
945
2252
366354
3257
11343
1410
15748157
13925
363175
806858
149481
74069320
5825485
1827
18129970
99128
626
97015
2609
105996
7084119
54227
2309
361
915
14293
435
41486
250445
148534
33836656
3499289
107017
10400792
86766
18889878
574698112
4571275
918
79896
6559
135104
13394485
117451
109945
2832
23631
604517
6443
639170
10707960
1596
18191
460
6370
27227
15052
257440
8102420
354543
25470914
355296224
6120779
5372714
504558
2732377
23459692
400473
44717168
101176544
112252
5257
21429
427496
6467
239672
15605078
17583
308970
3411
3636
17080
24543
189935
2837
314082
380168
103156784
4169969
149481
7149959
818654
29231918
260378032
6177380
1827
143503
10586
106794
10008273
52202
132859
1354
25201
385120
6306
33244
4110772
473
1935
364
2793
31322
39592
236586
5748713
1240450
30536708
439361344
5603182
8964648
550830
2548830
17242024
1326210
52999104
377892032
242514
13539
25948
191608
5594
843674
15789460
19806
492144
3418
6712
118167
456166
2317
23956
2017
8680150
445036
2330824
44255128
481124
52104864
234528672
1532216
13196040
252538
4881369
16713661
40106656
18048
331141
7594
75209
115951
844132
65514
164635
4152
28429
270899
31576862
-15551
9470616
358485600
2172268
10942962
465612
2024791
19323670
692967
70213888
14843451
99141
7764
21275
1036483
16346
318712
4806650
5314
561097
3327
13705
976267
261320
3835
7420
4638
16855082
830759
6609843
63842436
1736089
78445624
-15185519
2057913
9645014
306178
3033483
10613033
41906748
32025
458799
4545
71155
624094
586008
3888
338573
40731
6433
3538439
26835620
1479116
17295320
11801017
32251788
1924535
7874305
2050642
59442
467516
51311
20020
12118030
425849
3248736
13994022
668219
54987008
124517064
1496530
23026988
434128
8414707
32600274
35954376
20776
645828
4361
75337
432003
472977
41978
123585
15860
7424
8094965
79499464
484078
15873710
53892040
56568264
8849429
33769352
3788610
101802
690084
182662
39037
12050049
35767020
16301350
3715078
46560
2427962
90658344
936499
4622223
94918584
35443020
16470803
13974124
6738427
35585
843643
81007
28238
21832056
90834312
15612430
11375780
93361
8033094
16594253
32854892
10587791
11608038
22271
14165838
9515160
