24592
619004
110
2201490
62335
1342402
2609129
1783
4748238
519601
3585
34988516
1527503
8112
2033
2778114
234052
106
1065051
9219
602578
621643
1987
30820824
290124
110
3765
732
3675161
1122528
29864
1474793
69143
69500424
3561956
4719
35386420
1551587
3313
6860
1992
48331320
205777
8798309
946101
1782
2318612
88457
5711
25962476
21052
1530605
241156
1205
17779558
111987
106
7023
332
2753645
563479
11696
1428395
147284
48139292
3814464
1099
29068698
322322
948
118195
6292
57316880
21426188
273540
8960
161
258398
30389
423
5859424
1304829
72557
92579136
8928700
71506
2922577
68262
1041489536
19583028
9773980
3070
95367
8313
69867504
24711132
1042771
82474
3678
117801
6306
2067
1743560
28060274
930704
6544503
6162
24452918
11577
333612
1043982
53795
83130560
6573960
1587
18242870
142374
1647
116857
3865
30042176
9812805
149157
4015
409
275144
9840
1194
10972379
741340
299880
133926640
7752395
130889
10408490
582637
2030049152
200130144
8430958
874
81414
7826
45904840
17876084
229193
41561
8156
1785931
945755
6103
90602224
32955108
195505
20063
1138
503389
92262
13398835
194611
5208933
828446
1909415552
276497792
9026894
6313323
224213
192014720
28100324
328092
12033992704
278612096
82816
8855
2286005
516236
6214
174994944
29434468
1377542
379506
9096
883014
50204
8110087
58577064
1725198
574689
172448
29030698
16763160
99108
12352514
362114
4897575936
290028224
9937632
3107
194668
6106
28324402
13495658
242024
212526
3472
3678570
151218
9446
50103096
11237486
105281
6403
654
776844
21873
12674238
237462
22251660
1211407
6992284672
409196224
22046116
17939698
535299
434458944
82812904
898923
4584419328
651379584
240916
12332
5517903
141945
19403
93673864
20055324
3681427
287853
12006
6981360
1413541
224784976
299026
53978
596766
7809150
809813
577625088
20195414
1464089
17576828928
838748416
166832848
13381312
969908
1095526016
71118992
17810081792
1731056
527116
10549
12939768
292253
187200976
8770364
191890
1128318
20834262
183847
17167134
1709313
4843447296
614235392
13023807
6476056
869325
195713584
29924344
1231610
4445028352
193479296
54460
9002
4993041
1015797
16839
226251808
14243651
2438626
786358
6171
14793208
862548
277188544
849283
34365
488922
5259298
967241
513526368
84063560
2360062
26496372736
863783296
499175520
66148636
2345550
1083008000
8008849
7901513728
4927423
576145
10310
17861700
1147290
339796416
11079122
655271
12795824
2233211
611469888
36540232
-38883
3833308416
7439494
22818263040
1484050688
59169352
2832916992
23180304
1045192
18978450
15815152
8867327
1620679
755572608
62958232
897070
22389123072
452037792
279401024
15482476
1212345
1599155968
33417376
15998709760
5851821
461925
4519
8528825
947829
302344576
10370322
827566
8771385
1114515
523367360
80637200
2351116
2209791232
180285328
31471798272
667811648
91466960
3598630656
16755871
1957657
22114828
17529552
941301120
112895888
3083638784
717154176
22499134
566761664
64825704
1656963
4272272896
198188944
42652954624
1468481408
80855328
1673996288
21301840
705002
50782056
29376648
2332054016
216978048
3947665408
2542604800
14114388
7504279040
1400269312
112194992
3622607872
3587382528
46833912
2919844864
5943300096
