1939710
12484
1341651
1618200
144560
5021144
47945
276166
109751
1327006
301243
9852
475154
34988516
305118
1026853
214584
357796
82120048
30131568
8275744
225131680
201666
596606
2431801
7811994
2029556
124776208
5299486
476705
9491464
13148863
681434
44635128
4833009
522335
367317
151011
2382400
483888
56707
133116
97440
28045008
1431729
1599071
28814
20232
38053
1582850
67891016
1829217
474525
981608
214713
136539
14428
21776
17154412
276156
3036714
514249
67492528128
7199553536
170551050240
33313410
-20754934
9151716352
4500929536
55074004
-313620576
16182324
22673020
39082388
4980555
357577472
1262218
6735290
10560624
46906480
222715632
121772328
215566112
122828
2823052
1745733
7262115840
103794352
2615287296
7962461696
9845855
76238512
8345079
491309312
654060224
7185757
5068585
14954938
17726607360
75897008
336914400
7689607
1132902656
3101271
23802152
759992704
497484672
6151381
24938434
946053
35909536
12082629
273467
616618
881543
123305856
18059550
10996679
3331686
12713950
213150
2898300
1672792
45547
106741
111445
39017872
1183746
2340261
246737
1611712
47694
4771020
55327
320686
22984792
59194448
391185
873823
1319832
135242512
3378359
7557060
28408770
17765266
291216
15471
514314
278391
208862
30285
5559863
8541503488000
52357038080
2235259944960
39295946752
41907912704
16159381504
1619242752
251751006208
5946898432
5429719552
6542146560
32701421568
91810701312
232750727168
158370693120
51057216
5019722752
4864348672
16091741184
130350071808
2627266304
4634389504
10363161600
56230464
5173726720
27819304
74991024
53638656
669044928
617147264
4655451136
2906806784
23013352
35662712
89065656
162042832
5727128
7762057
5436605
92065136
270758048
617347712
728850240
4117547
4626739
13436973
24809678
31217358
11016862
105100920
143739328
284461216
2878958
21112381440
267926568960
846559707136
2841290752
15013029888
66561344
6101718016
11095021568
71052768
164128256
207385872
355638312960
2651890944
4708474880
4439810048
3664256512
43063836
177272256
1101349376
5578921
17740836
109727728
76424716288
154397088
1442629504
1184857088
2142689664
21082442
2732903424
46263372
106610096
30098227200
81898176512
96612768
935372800
20602670
3916009984
1500964096
25545982
37029952
52904744
53316435968
550410752
880973760
132115568
964423680
40382116
45476924
22136354
393600
565312
2978630
3182076416
21834028
98282584
4658950
36035160
483911
46335216
482344
2571144
712096832
330145088
19587770
5628266
167590
85951328
768983
2616540
618298
1512916
44655
11629993
134341
442827
63370416
123628336
2097592
1338456
3307824
12886244
115275
-1173933
186158096
3977920
16417108
42580312
22697132
212958
8564852
54136
415472
11619905044480
254792727265280
4616537243648
2141353148416
5408066895872
130498478080
7696878141440
140769755136
71880835072
146371379200
-13529754624
2442576003072
7407876440064
4789918236672
25881395200
49793646592
16875039744
474296156160
7485271040
11311340544
6528691712
52699127808
538443415552
486125961216
1131255037952
1532360320
15427787776
15893360640
17285808128
25497847808
71483744256
95241723904
558104051712
196079222784
1269011712
16083585024
497268555776
10147605504
6198296064
22257895424
32158351360
136601796608
320082673664
310186999808
2260643584
9257922560
9923160064
5174692864
27871118
113412696
53241752
961791104
5026447872
10936213504
8288399360
54561308
87897800
94501648
239975328
424645312
244440576
2572472064
5251358720
5144720384
63117012
91873136
196417888
320034208
730511744
3969653
4650115
1733124
32704494
65520648
132123032
185084016
31490480
552270720
14985733
30798104
25279228
46159592
262690896
21084964864
371118800896
186264649728
212177248
33908170752
54588227584
55422308319232
187841019904
174950973440
515650060288
1151303155712
9816643584
14866930688
11093401600
64089180
179758608
868624256
2265602064384
5102523392
21383467008
11428659200
43369267200
213089888
75637194752
-8213224
510327456
565120729088
675326328832
7590343168
8547037184
55834960
76335497216
208638848
1441131648
1001484928
2136848128
6190851
18691764224
109183264
163545344
43833905152
134442065920
686670400
4233657344
10770251776
12152456192
87536152
55876624384
3917638144
1498290304
37510816
36963160
477431424
116600094720
491325376
4474674688
1088361088
4611537408
6657390
12199813120
128298400
173984832
31879323648
53444734976
630765376
1478498048
816497
3181845504
13774153
98307256
11330254
36080840
371593
116490816
1577669
463365
1423487360
1113813504
21308300
24558428
38765840
47791376
1348174
899475712
11648008
112757
595684
50859432
123648816
1146539
2230412
2878699
13876169
237641
48425236
7902975
12676110
43439812
53150068
431975
1236627357696
987820533481472
5117231235072
12518700351488
30796698091520
90113044381696
111112422948864
231617352171520
833828373397504
5776609378304
4401356341248
17640124841984
5929895985152
26271907840
69053317120
100902207488
5976948736
11877088231424
12317919019008
23664732930048
62692466688
141096681472
235617796096
366539341824
546100248576
990569889792
2475356061696
4294668713984
4004093362176
33856401408
102667763712
537533317120
374658695168
960458194944
3618451456
15416565760
11621015552
23925964800
177593188352
337634131968
324999217152
460887883776
1194007199744
16911258624
39676047360
94201470976
103756677120
273065099264
540490825728
13931864064
7519072256
37925060608
172731449344
382359306240
719512731648
806816317440
8497811968
20282822656
13004361728
36836315136
61382639616
60220473344
176184737792
326599507968
366968733696
4563939840
1073156992
8718887936
2346531584
28027486208
42588096
142426768
215314304
837358016
1014044096
2092892672
7410354688
15537426432
19807973376
85981600
410108288
80005664
340478976
3066067200
24872474
105471176
92940696
182849952
510384928
1264687104
11010700
29627010
118398728
140955296
348881728
38273512
231269711872
1398677045248
179478624
32580024320
112874381312
138807529701376
713381642240
1724649308160
1245654548480
5469249732608
10909968384
17747891191808
62647369728
101567938560
27735221075968
56358334365696
366823342080
1665661796352
1114321792
1365345173504
8049835008
34024204288
3893867264
45486952448
220767168
149274705920
153051680
1250448512
1665345519616
4282878787584
14840583168
17502410752
63597015040
275366051840
932829888
1002544627712
6741561344
109333872
136244640
75204222976
131488907264
652752576
4240590592
9755636736
14061790208
185294080
-1815838720
14239355904
212151104
120253677568
731990848
3246355712
1036509888
2702489088
41433208
14686288896
182267584
304166176
104236228608
144102883328
2088563584
4179541760
12537288704
13884999680
152006688
128864526336
38177560
1547070
4414260
2433789184
4014234368
21356996
38794324
150764272
166919488
1260032
2888040192
130563504
1659017
16417049
296005
157865504
30121080
41604844
408291335208960
5086931058688
14483144572928
30838804709376
119759727230976
189739843977216
958841785155584
2836506460815360
13490824675328
38226383339520
34062978777088
31712035733504
48825305661440
145767247380480
116678381797376
194931637354496
585139499302912
10356160200704
531687374848
11899775221760
12104121712640
23662059061248
54257573888
140961415168
106634747904
350470406144
1064720465920
3623570374656
12565714305024
17162804658176
43339567071232
116316913664
223056920576
1511908966400
664694423552
2764006490112
99798990848
32509767680
179303399424
325328240640
459183783936
714596286464
16952088576
97765081088
23274733568
14871085056
703229788160
83177193472
172835602432
381566877696
275182157824
174756691968
9785559040
20327090176
37500899328
88136318976
160133201920
150538125312
531086737408
722398150656
1437016784896
4399474688
32064679936
61645971456
67739049984
284262858752
837176064
1012235648
2075038464
7415897088
15532937216
19807985664
86174056
1042540096
632918208
833343360
11895085056
506399296
29620112
118219368
141260544
574861184
85880024
94649073664
94694415532032
633074286592
809580494848
1129240330240
8630745169920
9795216384
19330056060928
122973454336
365174980608
79307787468800
318348344688640
1496861638656
5422891139072
3445837791232
19998999314432
115911450624
39707840872448
223811534848
775085568
1252364672
2888595668992
-890819510272
26574608384
46674690048
154053738496
371810631680
2588662016
1073932337152
201649913856
9741864960
7257994752
65646992
214680567808
47391805440
14815341568
182138176
132779280
55244550144
144108601344
2092183680
2010152064
18144370688
18595254272
441031712
153556811776
14168717312
128142312
166663488
1262607
322882592
53495008
23556390
104871927742464
686106462912512
681240264966144
867717947064320
12631463165952
4632823726080
31539402375168
114328808194048
158048102383616
353209956696064
201023578701824
1240669217619968
1358292131512320
21174148923392
51304659419136
50015997263872
120501775106048
132595387990016
493772996608
289240743936
2757580554240
7921763090432
18165469806592
3073232076800
213832957952
252006137856
1395996229632
3147160879104
526004518912
507954855936
43022561280
54555205632
156440264704
672371769344
101545205760
93911539712
60928647168
101785698304
335665790976
743257079808
972071960576
17910910976
50826702848
296261550080
211597459456
629864071168
101312446464
830947712
1284858368
948807424
14227834880
2177836800
87124104
8847542452224
130861768704
264066908160
112150378971136
414793580150784
1323671093248
2457169035264
31844007411712
34158629879808
453031231488
70391913512960
21884670312448
74171637760
84443750400
831685184
3030976036864
269065682944
27076038656
23553007616
18767495168
373402880
124154748928
43284545536
470817728
83845110038528
29327781527552
307496002519040
245496606097408
1190257575854080
1468558705950720
9636009738240
123772233318400
163353292963840
220021024358400
719135633833984
60773653020672
1342910496768
2355171950592
2742513041408
14496259112960
1374137483264
99616759808
79660408832
288337297408
132996472832
879438462976
284492693504
879848256
24416194920448
62887204749312
274597298176
188196793090048
38584069390336
240432201728
24234835968
85813052309504
83950219296768
460530150014976
1418329868730368
246700958547968
1256418705408
285127114752
41827637919744
13634684059648
