1975592
12484
1341651
1618200
144560
5021144
47945
276166
76
105
301243
9852
475154
34988516
116
1026853
16
280
174170256
24830802
8551554
162362288
194568
598143
34592
7811976
2029556
124776224
20811784
522813
33616
24347
681434
44635128
2311685
520411
2816
144576
2382400
1215851
58148
339
97440
6923309
1459595
3044
18133
2865
72
7722
128951
41
474506
981613
15
136539
14428
55
17154412
176
3557
325
49534144512
6279432192
179153797120
24402350
96304080
38990888
10628586
73883352
4160332800
18105890
23329914
367389
8546018
431212224
5427144
4279620
56527
34955156
100411648
96345392
951806
57869
26653
14733
12130297
101309120
2149928448
6235268096
20469496
373106
2045928
549574400
76440768
1964821
28158
14954938
23360352256
72177080
1477863
10823850
3000365
16353
75282
1246049
2262206
41626
642
681531
35909536
4435162
273467
6208
881543
493510720
18059550
53556
866381
38191
1032
2737044
1217190
58143
328
111445
34801428
1183746
14430
567792
2541
143
4184636
108046
1814
13346866
135417
1937
1406
3238
345017
116
28410
1212
17997632
172
15424
412
278391
1099
338
8840
19550367744
172038144000
4428714737664
39961923584
51714670592
352187520
7585813504
185160269824
4750702592
9559855104
65297144
17102003200
200854339584
149689925632
860348160
44042632
17265678
26750566
41022228
1185489536
14005079
24537136
146031
68516528
20755331072
70817248
42427240
724456
183391328
3051717632
253044432
10294143
47702608
65602
173700
438875392
6142296
4280263
46086
52260944
214084480
378260960
399726
4132614
19316
29062
29744730
10565167
358109
169095008
340453
1048693
3339
47948632
839672256
-94709312
19739780
174975
152963104
5912712192
9641425920
162413584
2053976
850740416
90547781632
3499017728
14251012
8434471424
64940800
488703
357402048
310485952
10409256
85979
122644192
34031706112
125146528
1184061
993838080
4105059
62163
7293983232
38269132
497256
41471082496
301098080
742685
4675933
89531
6944462
9882392
53142
842
532921
133181624
1131846
21018
3150974
21200
255
33737996
15798466
225649
5371
605620
1577044096
23268482
326808
11994976
38636
1421
52031744
991924
3793
410871936
2193984
31431
47004
337527
71407120
692536
9859
802945
2218
86
11855180
112402
2239
20768720
259869
7794
3760
6298612
41169
849
99125
306179
62
112820
2079
311
213587
14400
164
2097
40928268288
450328428544
16032906240
15238326272
87839552
77277585408
6875762917376
30508261376
145337384960
1701701632
422826213376
4771161309184
797358161920
105379602432
-621169152
349895104
209301088
233511239680
2491913728
3414637568
144574144
37638615040
189578592256
369258921984
2320230400
1961777792
70324760
48023208
43828809728
44009312256
236219936
7199703040
773913024
1168442880
24550800
15148276
1214234880
32623296
33597612
518507
143170720
653137536
850071680
12656765
8361258
84900
83650
15906215936
33953416
90654384
2259736
600743552
8822822912
7497977856
14763802
42562016
521463
1055099
106539792
350360640
2991510
3263150848
8349644
9994470
461136
20320644
155693776
137471504
2487658
1656992
57514
65330
71553256
92674608
508041
331241920
701866
952225
39803
22195302
138300
170404
1323302
18464046
1558672768
10154459136
50008224
330292
43732180
138556538880
715575424
2398038
3739707648
16872712
97429
7883030528
11005452288
162493888
969822
1084851840
1883441856512
15158491136
98421408
24408272896
107021520
964689
118651052032
474479840
2900750
996258807808
2160100096
16931314
49507720
38355216
73905569792
273190176
744237
1943349504
4824806
36086
7093644288
69275992
284677
81801945088
143538880
1811537
13865519
10846761984
23948364
152735
360531296
9681540
5475750
50197
380
1009689
684518080
605302
33770
3853753
14373
116
21877950
-24266
6178
122959328
1932403
7748
16178
4100257
1690489856
20831888
185175
20816066
176712
538
193735376
1456231
22657
2433202176
5081047
120512
50660
86885584
1002475
6574
7393833
6348818
40013
4205
66450776
429326
8324
9783
15097288
219851
2244
175626
18628
56659
5520
919
3013
41088729088
938662494208
14262043648
42215415808
302321088
183801823232
263516798976
1593891225600
7052264960
25465712640
118029576
287816256
6874690748416
30435287040
145341317120
1701701888
996780867584
12128798900224
4109605011456
51999531008
74534723584
1078760320
539639488
310622945280
393102884864
5479404544
2715378778112
10631789568
6288095744
377886784
37744132096
189851926528
369420894208
2320230912
1968668544
70324768
48023224
70944047104
97006460928
758242624
482503393280
2509234176
534853600
73273888
25203113984
208163584
68239696
619669696
1213032448
32701920
33651636
518507
182073920
1105326336
1455518592
6113278
5799303
237262
7234
101351048
270849632
224860
459829952
1217533
4087765
220356
601647936
8824039424
7488114176
14763805
42620572
521463
1055100
628959808
1895784448
7468745
5160977920
20741920
59741516
1014964
432684864
1105701
2432408
3595501
71584512
92841296
508040
330966560
701866
952224
39803
68068032
269307
433411
1377257
358501
1564042240
10125260800
50002540
330292
539397440
310415327232
1710822528
21352276
3271072512
103938080
230181
66772533248
212649760
411415
88159166464
666913600
2251398
50605800
1083669504
1886264229888
15157048320
98421408
24443248640
107021496
964689
278305308672
979506496
26344938
1272453267456
4109592832
29256348
265679472
110814076928
201600640
3638826
2855183616
7095233536
69359592
284677
81988558848
143539088
1811537
13865525
10474540032
72574688
125341
327658272
65434616
1009965
685339008
601698
33770
3831629
14373
116
42165164
632953
1910
179521008
1400856
3628
45469
28295150
412421
2054
640238
194369456
1458373
42907
2431886592
5081048
120511
50660
150764272
379649
16016
9053401
91611
15087091
219851
2245
175626
13390
545
963800858624
14485753856
42146770944
220205184
380831596544
643148087296
838565363712
16157131776
11609759744
216818512
132967392
227112828928
246601842688
751023488
247143432192
4231791616
8748869632
4743747
792911216640
12128699285504
3451480965120
51999477760
74529071104
1078760448
1497534208
568149934080
208096460800
21488955392
12565719547904
64207486976
4713114112
1157110528
192883179520
4842978304
2099692032
37669261312
71238893568
97158619136
526997056
483217506304
1812891008
5047455744
48780016
26772101120
172868720
341156992
5780639232
310852256
181485840
1104019712
1456238080
6113280
5787297
237262
7234
201883248
379398368
531964
1459440896
119796
16016428
159725
35157000
253289
1300041
2063313
631447808
1897985152
7468745
5168462336
20741926
59741504
1014964
508848768
4399917
3891188
59088052
6030011
68139496
205133
489827
1486804
379823
541060160
310889480192
1711571712
21352280
3267821056
103938128
230181
46613401600
473525248
11194137
317566255104
1256599040
3488490
39278440
28120621056
422986400
2085525
1803371776
278511058944
1309235200
26344936
1371284701184
4109597440
32935018
265679600
337119969280
627894336
11971350
28511774720
589182080
10543761408
234846256
371387
327658240
38193528
25273594
1146701
1911
346099648
1400856
3628
22024
89463592
466283
12438
1074894
212540
183399968
379650
16016
9053404
299962
46881
197317328896
1556475936768
2651590492160
15176246272
17386184704
583270272
137914784
106052599808
587056152576
6407668224
323559882752
9596393472
9667806208
247822032
119568334848
495700352
360066816
4448103424
-75466375168
1277770596352
17608882176
10833986846720
71295090688
95922012160
685285440
870418022400
1898968960
35675303936
86517170176
5311972864
104671780864
905421120
314841024
1174709888
279166016
236185984
521299584
2852304
1413178752
9068402
7313794
194335
358572384
902314
648560
10177128
194754
962116928
4444163
7680344
35523344
20059210
520432
113761845248
323609376
5703607
218185564160
4359712256
15788839
164401088
93056860160
947630528
8088238
4052171264
375496992
149626404864
1474304896
6888021
8094589952
2667945472
173524176
84026360
334830
1074
107691
150395
793170
652572557312
646722093056
6391592448
301548109824
29757808640
386841664
144263424
309544452096
3417121536
1750965248
5372114432
882859904
1265526374400
14818283520
16401858560
48156672000
2417029632
239955184
337006464
896316
148333
6690818
7736651
33727620
153592070144
589466816
1827465
1389007360
880098240
2369682944
159894
426405789696
9369368576
2585645568
9710061568
137280688
15993715712
4115383
549009280
1379687552
