17240
1004482
2689590
584072
1258345
30413
459925
62118
51728
394376
31616
10507301
1383339
4588626
16976
42688
330799
1881936
15054
332149
7858918
18523852
1118753
91615
113803744
3770624
3812942
50455
355723
32817
18476
3527689
463574
18594
189020
93589
1181956
51565
496511
11498847
37539
333956
1769412
24491
15065
1369849
3510497
60432
41909
20171126
597721
10525648
2556504
7830637
385191
499977
339670464
14582419
112415784
22961408
392853
843793344
16719
1048708
61017
16708
412688
428551
18609
61946
4244550
52775
26098
243267
1686232
12169
1094499
3815983
81927
36887
24300762
694656
9138239
607380
4780711
25008
348537
658461568
6416573
54716256
23454512
115848
422391232
271963
256380576
1950528
54542944
108850720
795572
3944428544
169035872
386022
18328
53952
1120973
30742
14523
453344
126424
105947
681232
3677265
45196
143869
793398784
1069550
9332745
9271366
148022
363913664
51292
211863616
1080574
24531542
184691072
1150963
3313846016
79641096
77383032
765142
2766938880
1056401216
29354
452331
123408
101705
49326
170823536
2630957
29412778
168707360
484583
2210390016
67222304
-6206224
368145
1076180352
331589824
577293952
70756
26776942
213996
2241239808
452051520
326009536
294291936
