17240
1004482
2689590
650021
165
30413
459925
62118
51728
394376
28
10507301
126
436
19188
42688
330799
1881936
47
332149
7858918
18523852
225
91615
113803712
3597
22772
50455
355723
25
18476
3527689
66
18594
189020
249
1181956
111
1101
4833
44069
333956
302079
61
15066
1369849
3510496
222
41909
20171136
3946
17299
2556504
7830637
128
499977
339670432
40200
552312
22961408
1376
4834397
16719
1048708
81
16708
366
428551
32
61946
2904
52775
202
968
8604
19150
1094499
3815983
267
36887
24300740
2663
22945
607380
4780713
318
348537
658461568
7398
399755
23454516
687
2109521
271963
256380592
-337
276578
108850720
11154
19270292
643139
386022
47
53952
1449
99
14523
2036
148
1170
681232
3677264
20
143870
156776192
15885
208110
9271378
436
1348275
51292
211863584
5164
127677
184691072
11829
18115944
356262
77383048
3101
10270496
7922522
29354
1490
1332
240
49326
170823520
4760
127677
168707376
1961
18115942
356261
-6206224
2629
5507456
5035960
2164187
701
26776942
9033
5971074
3333238
3299221
3487797
