96941
1004482
2689590
584072
1258345
186594
459925
76777
319336
2634390
191056
10507301
1383339
4588626
96405
204320
2110099
6332940
100898
332149
7858918
18523854
1118753
125759
113803712
3770624
3812946
312673
2428318
190168
107822
3527689
463574
86258
200885
92943
7622359
328672
3039205
11498847
214471
2262709
5864519
112999
82271
9078637
2608400
290145
48306
132777936
5719392
42256096
2556503
7830637
385191
664505
339670464
14582419
112415792
34057644
463927
843793344
104272
6914196
339135
96234
2659946
2640819
112508
102145
4244550
320487
166197
419007
8796625
59180
6097742
10792366
328927
45027
93311568
2723396
42169864
2525337
24713540
127001
1205011
1162560384
10580347
125337120
62553784
262007
1571136000
290661
256380688
1950528
54542944
149134624
1477613
3944428544
227452032
2466271
132230
251883
7618793
136790
106273
3547982
211676
625864
3069560
5745911
151160
829260
1633649408
19187810
143036656
72110584
845119
1995510784
452590
218741408
15042682
90192824
378672320
4333780
5944841728
267792960
122358144
661847
2766938368
1446858496
127700
3238156
616577
283595
63572
480758272
4645075
86707944
425221184
2024670
6812103168
207599920
255262576
971512
2355647488
1533474304
776894208
309263
157811584
964063
5701427200
4122957568
1377186304
1255142656
