85941
135086
5251417
292444
2201490
39402
976984
40978896
216410816
37000040
21527708
459925
25847
274014
10507301
670596
2018648
85941
3427531
185847
1467811
25384
5379325
296840
2203348
44813
6983576
13964449
167595840
28614582
1965301
97442
6797412
70962
27081
663586
8312
21396152
171088112
150722192
7046117
13825220
640518016
161207680
22146572
2264290
866480832
122424064
106003864
4985018
3518153
233574
51344
12491
270471
1124444
5055042
3451720
186920
1468545
26391
3084443
8718083
115971224
11385075
1418772
64639
4557857
51440
20358
546302
6481
8143456
13855332
168352208
69765648
2244722
99129
6870525
83141
13572
814608
10473
9452266
115556104
5607878656
12074412
4559070
548736896
129736680
5910298
2048472
787790208
59885088
105381592
855261
2339421
21482
38880
1932562
30156
67016
482347
21279616
905634368
15987525632
100962016
67030952
443316830208
654833792
17556037632
19828458
211621840
59828396
7785371
6961459
10028041216
478940288
488935232
9981519
473527488
3103400
6777728512
117934896
78252064
81656
1727061
92964
295944
67877
3237419
8141644
9160148
112446392
34904688
1207790
62589
4825381
54336
10143
423190
7253
62917216
381577632
7502167040
10639035
3142267
385487008
295463584
4914185
1865812
1732484224
71835776
136641088
595898
1470373
18156
93891
2140652
32740
40466
448271
67298160
371138240
6351073280
42819624
4496360
540399360
204530272
5204782
1828411
179484544
70834968
16139703
727907
2166720
32240
211443
3220662
38458
114643
556684
25260280
1177002496
36869423104
96094824
169532320
7118897152
1856165888
25954064384
22668198
169232368
78283768
2549273
13474592
11452989440
441622528
444667552
3143115
592473664
7263527
6161579008
71729312
14334267
68533
1412043
26424
328466
2088673
-6146
1023012480
14939663360
61812400
278879744
1560357896192
8616588288
140588187648
71504496
68513075200
811433344
1234518409216
380875904
18895552512
5294092
4030905344
127166680
350847552
3322639
2322402816
46171088
37185859584
402349408
402600256
1730293248
3460157
2921415424
137733
1088465
382260
29695964
173111312
12190455808
21785080
3164829
361000512
374273504
5496259
2051698
2180569856
62581680
118060080
693066
1648297
28552
65534
1806467
39383
19087
484685
6415009
3174627840
61304815616
53576280
113718912
426672193536
1205170688
17537753088
21294182
127793648
155799232
1563932
12815141
11660937216
332251328
337125888
2486528
449541120
3677701
3735028224
57518700
64907696
32694
546960
5685
315199
1571347
65603
35530080
4986779648
67951411200
122098496
243528000
894435262464
1851095040
44171165696
24411248
174731552
152223968
2095110
25714696
28024201216
423965024
1247569024
4886550
890094208
4642085
7960458240
78164688
47145144
81384
1253354
16821
511824
1711992
116314
1605847168
12989852672
72637960
712836864
3624391933952
10326451200
164953473024
99231704
149483454464
600725888
1287055998976
1295679744
29112479744
7651964
4287316480
159214128
594263104
1892740
3708550400
61678708
46407843840
326376608
940497664
278217024
4287967
4730991616
192361
1079853
348010
255873776
643566731264
4657805824
88057315328
5883542
1036998606848
2305918464
7180230066176
4487819776
38239977472
168067923968
294795392
1217611563008
777476800
10228071
18563354624
142702240
221733264
2958430464
12975307
33924888576
2528475648
132313
22330498
1275085696
51510132736
72779216
55466364
667511160832
832950400
40265015296
24286092
136287904
182272960
1222190
16064208
11743873024
327727616
1643570176
2974637
384190272
5681076
4684603392
60533192
78801328
50120
775369
5192
506290
1388458
32490
158444928
26989035520
92946992
422392768
420439457792
16795574272
100928053248
158024736
66212503552
340543168
1945980370944
1053155648
31144347648
1927079
6601035776
49769352
240735104
663913
-417404064
40644504
47018684416
194274496
620312576
3339591936
2622261
7502155776
125735
488682
425502
984935232
25210732544
130344960
295154528
5108325679104
17093002240
260246274048
345852768
130110046208
815280320
1452578963456
1456779264
53114994688
9145620
6817581056
34303288
688467840
1281784
9702512640
63012860
62791028736
499135168
727183168
6166048256
3317297
7502605824
231877
528202
582388
653564800
1837511344128
2214662656
70470393856
83208752
914062442496
1190724352
20062872272896
9079927808
211473825792
451014950912
399156576
1380747706368
3706310656
4870419
17398677504
186879552
270838816
9640616960
56174120
68882153472
3283035648
285904
472127504384
1098942080
556429213696
1904458368
109129031680
4704669007872
869788288
2731049484288
453639667712
5552848896
18810308
14662232064
2905474816
2145908480
28320821248
72766592
910388288
4434882985984
4704260608
123166023680
114206088
44620251136
481204000
614956269568
1560770560
68667772928
10931690
4984586240
67598856
751506496
1489641
2891243008
54554940
27382933504
261903296
953118976
1758484096
4257749
7404404736
239515
1069425
673300
414415744
1838610644992
456606080
134208143360
12749798
992757088256
1679454976
10825810051072
8825587712
126180540416
411229782016
455050336
1140194410496
1055565440
20289248
15806370816
120157640
287176736
3662006272
34571292
1438418944
1243080064
58843
346862720
2576029843456
886991104
72586919936
142809936
873274605568
1220362496
13707406999552
10413278208
118647439360
237512146944
417869312
3171061596160
5606957568
15823714
55840325632
199188544
368629024
30126034944
51196768
77816700928
799442432
77316
591646031872
1486333184
5434183778304
7433813504
65574318080
2741059977216
3043190784
18605829783552
651751849984
5542856704
34724600
10110269440
20843184128
1973765799936
122181040
4251666350080
1941932081152
2413503232
562165056
1436830662656
5884567552
111651700736
34004980
1103445884928
5438491648
15326712430592
10725487616
157866639360
470962012160
121790704
1728380928000
-80919424
52744328
30954233856
134550432
464878848
12107956224
37894200
49360109568
2428911872
225394
287935168512
2235878656
4725437104128
4734591488
52343152640
2686079467520
3068969728
7563188895744
387408265216
4461441536
16224570
12577379328
9088700416
782168555520
1169616384
2975714246656
6920634368
181747728384
4568325816320
4377333760
22819880566784
1214466097152
7725558272
55316336
13191047168
37431435264
2346943512576
2165978368
4868651614208
6081347584000
3721639168
1128867954688
810201645056
1024691200
11107246800896
86830224
143451340800
3769620234240
3488923648
13935929458688
250710949888
7704988672
47074192
31584124928
14277147648
1845696921600
231118192
4826988019712
3598299955200
2090388480
1312417906688
1156475392
11727465873408
5760803143680
7870925312
2479947251712
2733367099392
2201390592
4576233652224
1384875819008
6514514432
638237409280
2507594530816
3382075719680
