85941
135086
5251417
292444
2201490
27749
4692946
40978896
216410816
37000040
16157797
459925
10036
216281
10507301
438055
1314818
85941
3427531
185847
1467811
16746
5379325
296840
2203348
30999
6983576
13964449
167595840
28614582
1207221
97442
6797412
37305
17798
339029
4096
21396144
171088112
150722192
8002119
13825219
640518016
161207664
14830157
1282468
866480832
79502512
81015488
3818188
3518153
156195
44013
565
180629
781320
3111961
3451720
186920
1468545
17725
3084445
8718083
115971224
11385075
975828
64639
4557857
34085
11448
322512
4222
8143455
13855332
168352208
69765656
1628665
99129
6870525
55082
7642
520576
7761
9452262
115556160
5607878656
15616054
4559070
548736896
129736688
5480755
2044993
787790208
34329168
63648160
510701
2339421
11249
62629
1195730
18332
41251
341129
21279612
1350678400
40145833984
17683654
69731488
126158389248
393222016
11203802112
11678200
211621824
59828396
5325593
4416531
10028041216
314277280
379566848
7039729
228949776
3371682
5386373120
71103088
57464496
43446
1087440
63559
83375
27190
2392587
8141644
9160148
112446392
34904700
913613
62589
4825380
33514
6606
163517
4070
62917216
381577632
7502166016
10679411
3142267
385487008
295463584
2974094
767662
1732484224
32886288
64157232
338034
1470373
11561
30726
1083968
22342
42597
267133
67298160
371138240
6351073280
40894220
4496361
540399360
204530240
4200124
561481
179484544
48622056
71131752
359429
2166720
24856
72452
2493505
21751
64209
305406
28661904
1177002496
36869423104
96467320
25190086
7119060992
1718019328
17766502400
17072288
169232368
78283768
1512570
10101711
11452989440
170579520
501783584
1894173
491595936
2153423
3442022400
43417028
51907328
31477
1040723
15012
84588
1400084
26989
1023012608
14939666432
34618044
634327168
1581939818496
3177030144
74128646144
111092680
36558307328
195663424
962089254912
111176080
19239018496
3440175
4030904832
86875912
247381728
2339354
1426663680
21435740
30123266048
289331488
315934080
1039809152
4412264
3187848192
25102
746413
141674
29695934
173111232
12190453760
19563820
3164828
361000480
374273504
3317245
752083
2180569856
30399284
66395644
590912
1648297
11241
21605
1547868
27215
-4902
265022
22442992
3174627840
44785123328
53963160
38866044
560772415488
787019008
19473424384
20271840
127793624
155799248
1000253
6511881
11660937216
223195520
132325000
1527317
415379840
2503755
2769915392
31703510
76378480
22070
338862
6611
154897
1117728
46349
45947784
4986780672
67951411200
60422176
66358060
894435262464
1365585408
37158637568
15846420
174731568
152223952
1587981
10934069
28024201216
269548896
1337727616
3138317
554710080
3012941
11000217600
29187330
34127392
30353
641214
12928
354964
994145
38836
1263354112
39675674624
34331512
255293504
3624391933952
2055372416
143173173248
129262440
108668715008
308609760
1149527130112
1202764672
13708578816
5450554
4287316480
148972768
502020128
1618874
3275052032
13105612
55086292992
239622400
595842624
500477184
2142562
4983150592
147539
584705
131464
65124264
643566665728
4183027200
101360705536
31349214
92164366336
627753728
5240274812928
2599327232
132876926976
307747684352
196431920
897057816576
1172450688
5065834
10662014976
104904168
260241664
1603028480
11171129
28222502912
1043274496
50498
3523687
1275085696
51510128640
110317656
45124072
667511160832
731245376
49898467328
18251748
136287904
182272960
1082312
7090904
11743873024
183585472
1466765440
1595080
485326464
1578892
5655194112
37812420
56178708
28670
330373
1548
204509
650514
23499
1169734400
14541283328
72865360
156456112
3155315130368
13047854080
84512595968
107451904
122134478848
159301120
1708212355072
934574272
22613704704
2573605
6601038336
19577196
143976320
329636
-97968416
29501194
25048537088
141764832
484952128
1758343552
2815112
4611489792
136086
264999
215342
2662031360
96922386432
170582816
754993984
5108324106240
17564932096
270303051776
249535456
39896952832
328717568
1542240468992
1279498752
28646516736
3253903
6817578496
8995068
695239168
906337
3303551744
41616120
39963107328
230177520
721160768
2644013312
4374056
6787574272
236221
467519
121122
287137888
2155398561792
5420167168
59726417920
69074480
538859995136
1848979456
17225283010560
9081175040
130928549888
229041700864
223767920
844440731648
2057348608
10131627
9647460352
150304896
27436232
9210615808
21547660
68808728576
1197041920
173503
320606404608
364835712
3754264363008
1858714112
91999641600
1536219938816
-30240304
5090503032832
284996403200
1980434048
15298570
10667866112
2017488896
1886247168
35327238144
124908232
490344736
-20725235712
5401818112
100984029184
29483308
85789294592
247893120
835426713600
1530924928
53875744768
4989159
4984587776
17990508
527903968
1140658
2255457536
41381392
38890868736
112055672
775119872
1765621760
2736961
3750083840
107751
552570
201192
203433472
486249136128
3998587136
69563645952
32528242
151455367168
135185984
-715249025024
7118979072
124878340096
160388759552
127265728
437475246080
413219328
14016895
7817038848
71321680
227038544
5069935616
19753702
26190706688
1011283072
76139
630907904
3399523237888
3746589184
114808070144
142392224
1187442065408
2143988480
12227973218304
7423187968
155488174080
423526924288
58774672
2326547398656
1381866112
26467984
32434608128
132672368
714641344
7664094720
62070592
12941717504
305198944
156029
214519906304
1086050560
4190892457984
7078204416
108616802304
1242214563840
1815168512
9988137287680
90095935488
4855634432
16372896
10105107456
16654775296
951458267136
564323904
2147768991744
982638002176
2718740480
46733680
2155038507008
3841826048
70323150848
7713670
682778820608
2444064768
13434565427200
6408186880
181266071552
509423878144
-25747896
1889068515328
625103936
10927674
33936211968
68758992
389055392
6145267712
17254636
42219319296
2603505152
67958
261409357824
1115869056
949437333504
2893578240
99876003840
2309620236288
1867108736
6063225044992
348989456384
4459473920
9948567
19498297344
6067532800
334902067200
2677202688
6216760164352
6284954624
54238212096
3098300121088
2589417216
24655771467776
610090680320
8037976576
23474942
34134065152
16776725504
1466228670464
451594880
7417271681024
2658533376000
1788920832
574527635456
381233070080
852839552
9919042420736
3087033856
92727197696
2453047345152
4394231296
11218387468288
253124968448
3596125952
31126328
22718832640
6604787712
1239634018304
720810752
3124815200256
1125875187712
3696309248
1218400616448
1112590848
8197305794560
3733551316992
3742970368
748441763840
1767554809856
859459840
5901290307584
1703713439744
3039483136
969585131520
1385898835968
1162823991296
