85941
135086
5251417
292444
2201490
39402
976984
40978896
216410816
37525844
21527708
459925
25847
274014
10507301
670596
2018648
85941
3427531
185847
1467811
25384
5379325
296840
2203348
44813
6983576
13964449
167595840
28614582
1965301
97442
6797412
70962
27081
663586
8312
21396152
171088144
340629920
7046116
13825219
640518016
161207680
22146572
2264290
866480832
122424064
102490528
4985018
3518153
233574
51344
12491
270471
1124444
5055042
3451720
186920
1468545
26391
3084443
8718083
115971224
11385076
1418772
64639
4557857
51440
20357
546302
6481
8143454
13855332
168352208
69765648
2244722
99129
6870525
83141
13572
814608
10473
9452262
115556200
5607880704
12074415
4559070
548736896
129736696
5910298
2048472
787790272
59885088
105381592
855261
2339421
21482
38880
1932562
30156
67016
482347
29860728
905634368
15987507200
100962008
67030948
443316895744
654834112
9628758016
19828458
211621840
59828396
7785371
6961459
10028044288
478940288
488935296
9981519
473527520
3103400
6777728512
117934896
103535048
81656
1727061
92964
295944
67877
3237419
8141644
9160148
112446392
34904712
1207790
62589
4825380
54336
10143
423190
7253
62917208
381577600
7502166016
10639035
3142267
385486976
295463584
4914185
1865811
1732484224
71835768
136641088
595898
1470373
18156
93891
2140652
32740
40466
448271
67298168
371138048
6351073280
42819624
4496361
540399232
204530304
5204782
1828411
179484544
70834968
16139708
727907
2166720
32240
211443
3220662
38458
114642
556684
25260280
1177002496
36869439488
96094816
169532320
7119138816
1856165376
25954058240
22668198
169232384
78283736
2549273
13474592
11452989440
441622528
444667488
3143116
592473664
7263525
6161579008
71729320
14334246
68533
1412043
26424
328466
2088673
-6146
1149120896
11185101824
20103264
278879744
1560357896192
8616588288
140588171264
71504432
68513071104
811433280
1234518147072
380875776
13295416320
5294092
4030905344
127166680
350847616
3322639
2322402304
46171096
37185859584
402349408
402600256
1730293248
3460157
2921415936
137733
1088465
382260
29695934
173111344
12190456832
21785076
3164828
361000448
374273504
5496259
2051698
2180570368
62581680
118060168
693066
1648297
28552
65534
1806467
39383
19088
484685
6415008
3174627328
61304827904
53576280
113718832
426672259072
1205170816
31430846464
21294182
127793624
155799232
1563932
12815138
11660936192
332251328
337125984
2486527
449541088
3677701
3735028224
57518704
64907704
32694
546960
5684
315199
1571347
65603
35530088
4986779648
67951411200
122098528
243528000
894435131392
1851095040
50231525376
24411264
174731552
152223952
2095109
25714700
28024201216
423965024
1247569152
4886550
890094336
4642085
7960458240
78164688
47145136
81384
1253355
16821
511825
1711992
116315
1605847168
12989852672
72637960
712836544
3624392982528
10326450176
164953522176
99231696
149483470848
600726016
1287055867904
1295679232
29112483840
7651965
4287314688
159214112
594263040
1892740
3708551168
61678704
46407835648
326376608
940497984
278217920
4287968
4730992128
192361
1079853
348010
303996416
1542899236864
-63872660
18066444288
51748880
1036998541312
2305918464
7180230066176
4487821824
38240002048
168067907584
294795360
1217611694080
777476608
10228071
18563354624
142702240
221733264
2958430208
12975309
33924898816
2528475904
132313
22330502
1275085056
51510120448
72779168
55466372
667511160832
832950272
40265015296
24286088
136287904
182272992
1222191
16064208
11743870976
327727616
1643570432
2974637
384190528
5681075
4684602880
60533192
78801328
50120
775369
5192
506290
1388458
32490
158445120
26989033472
92946992
422392640
420439130112
16795574272
100928045056
158024736
66212503552
340543200
1945980370944
1053155584
24315224064
1927080
6601035776
49769360
240735104
663913
-417404160
40644504
47018684416
194274464
620312576
3339592704
2622261
7502154752
125735
488682
425502
984935296
25210732544
130344960
295154432
5108323057664
17093002240
260246257664
345852768
130110062592
815280384
1452579225600
1456779904
26541281280
9145622
6817577472
34303308
688467840
1281784
9702515712
63012868
62791045120
499135072
727183168
6166048256
3317294
7502605824
231877
528202
582388
653564864
1837511344128
2214662656
70470385664
83208752
914062180352
1190724096
20062868078592
9079927808
211473727488
451015016448
399156768
1380747706368
3706309376
4870413
17398679552
186879536
270838816
9640615936
56174132
68882145280
3283036672
285904
145919279104
1414250880
2184291287040
6336033792
75212103680
4704667435008
869788288
2731053154304
453639700480
5552847872
18810306
14662227968
2905474304
2145908608
28320823296
72766600
910388352
4434882985984
4704259584
123165990912
114206104
44620279808
305153472
2601865969664
1421953280
68667768832
10931688
4984586240
67598848
751506560
1489642
2891242496
54554936
27382927360
261903296
953118784
3272779264
13481743
7404405760
299875
1069425
673300
414415744
1838610644992
456606784
134208086016
12749794
841352085504
1679454976
10825807953920
8825588736
126180540416
233826697216
215278816
1644411224064
1055565888
3796106
15806370816
120157624
287176768
3662007296
34571292
1438424832
1243080064
180382
346862720
2576029057024
886990912
72586838016
142809904
873274277888
1220362752
13707406999552
10413277184
118647341056
913396334592
322206752
3171061334016
5606957056
-2908916
55840325632
199188544
368629024
30126041088
51196776
77816717312
799442432
300169
591646031872
1247860480
5434185875456
7433812480
65574318080
3350548709376
5419704320
7484586590208
651751915520
5389336064
23859710
22262853632
15383133184
297358688256
829056256
2972461301760
1941932998656
2413505024
9217504
1492931837952
5884566528
111651758080
34004980
492174901248
5438491648
15326715576320
10725484544
157866639360
747114594304
121790832
1728380928000
3659444736
52744336
30954244096
134550368
464878880
12107955200
37894200
49360109568
1772543744
176342
287935168512
2235878400
4725438152704
4734591488
52343173120
2686078943232
3068968960
7563189944320
760484003840
4461443584
4278411
12577382400
9088702464
830653530112
1169616384
2975709790208
6920634880
181747679232
4568324767744
4377335296
22819876372480
931612459008
7725557248
23091704
13191041024
37431443456
2346944299008
362640384
4868651614208
6081347584000
8357719040
760915820544
717881540608
1024691456
11107246800896
86828800
143451340800
3769622593536
3488922624
13935929458688
250711523328
7704987136
47074184
31584124928
14277145600
1845696397312
231118368
4826988544000
3598301003776
2090388224
3400671952896
1156475520
11727465873408
5760803143680
7870928896
2479945416704
2280004780032
2201390848
4576232079360
1384877522944
6514516480
638237605888
3369839099904
3382076243968
