135086
110494
161369
18529
2221645
8539
78318
271871
1193928
10595
2315
147480
6719320
50728
558651
567712
6118
55742
341090
2084228
17168
110494
165579
18909
2194573
8025
79388
128658
15598
1188129
5663
63018
283022
146230
32910
3925138
32340
116540
401446
4584
10129
7482
331460
1300087
3795
8423
269486
964230
38268496
1063213
1701614
140209
6093941
41904
502482
29793
4019
7856
14213
16544
3299
153806
1946
1300036
22391
74148
936493
3565581
50872
237705
266911
14907
443009
127057
16731
1191369
4512
64101
393661
145684
34825
3715559
29086
119238
484400
7589
13243
7190
242499
1358774
3000
12515
213390
115552
29252
2171092
20094
94697
216406
2920
10902
5888
216327
704766
2845
9875
217903
678066
49568520
4840823
2191485
28042
3350579
19594
103272
1324079
42111
37312
18598
878541
3085292
21191
75339
4890
209753
489037
5779
16185
22865
15876
211314
621504
7023
774914
11071760
1482801
1049230
37726228
1673267
1017658
2514187
83801640
52869648
2200909
4229075
1185259
35035
68600
35814
1496465
3000819
16090
52364
25556
45456
66011
15315
30091
24160
18574
23882
650505
51567
275813
13084
330745
835574
1146132
77550
2668370
342644
1107691
116374
28544
2127551
29956
93952
306061
3784
10596
5960
220173
754514
2447
14199
1338349
1501757
35402176
3549693
2452864
30438
3318349
25060
103097
1454984
58071
51204
25577
909044
2550239
20444
36622
10443
264386
522858
12824
4239
13290
18257
141623
490258
13759
358234
1059229
11527173
1213948
1284803
26655
1921300
20863
88265
906848
29359
39802
24831
771733
1974076
22041
44161
2613
224632
268947
5892
2930
8534
14138
96176
217143
5189
391546
51331784
4060742
2330092
41281776
2151744
2921674
1169204
286452704
49026892
763050
2554737
1232320
44435
30643
20483
874173
2496213
8585
67269
67349
1060234
2001432
27349
28028
105231
68523
876357
1384802
43941
19187
30810
230806
440680
18295
20249
50458
951478
40544016
2457660
1704410
3003541
71073400
60316876
1306663
3257329
2588914
144191360
4367686
1165574
5315253
9511657
2846516
92900864
328981312
4569590
22975
1133961
1321142
25465
81469
35397
25722
460002
1647897
40230
88762
111836
128981
190408
19991
53063
11525
988953
63053
933094
367503
2217066
878166
1438576
19427606
1441929
1312069
28113
1970040
24674
85493
726323
27361
20751
20521
1568369
1940069
11207
72417
11743
433235
334726
8898
22274
4913
17711
220580
673417
15051
1500204
55486116
3610747
4052024
70589576
3325228
3242346
8460110
98794896
142912912
2877506
5497520
1025459
92805
36905
25529
1601562
2242420
17561
65201
84324
12204780
2045023
33593
63005
130111
77331
885910
1307162
73407
23764
33137
284117
629517
57063
25101
67765
737788
875899
22833416
2110998
2346746
46984732
2354751
2408831
4703549
111069064
81102608
2064750
2211240
664776
23687
26902
15207
1215774
1768792
2324
28690
40965
991218
1196862
9111
35688
57046
79867
400118
298948
78157
26087
23655
360627
431232
18229
23404
73565
311327
32914414
2518372
2980735
3909816
195559840
66905576
2004496
5091805
7669911
259003408
127551048
2453319
6041172
9740793
17289786
39604944
127039600
5595461
32945
1894067
1556372
22174
221608
195089
12976
837539
2074751
83268
55788
112769
1067053
3155070
8224
99068
669689
110840
65483
23930
830218
72432
1662627
195908096
150996576
1161057
6400572
4543998
7395584
100962368
352944064
2159965
15280857
9875405
81798064
556376960
3169266
10690683
23000254
100337504
132741
71889
1064991
3050062
54005
82232
116960
976317
55341
530714
188762
66576
2145608
1275966
17565152
2123372
1504854
33176052
3691790
1786561
2180905
92584672
150446912
2658176
11761570
648515
21017
48548
24339
269680
2478448
11035
41619
43584
1454171
1378904
10620
52981
79172
92630
1304042
2825280
44067
23128
29692
250644
687655
39933
29904
60381
557508
67668240
3152719
1526450
2435146
-20587068
5898447
1984620
2951172
10144252
92047720
279312480
1765627
10304274
17493236
11090096
218722144
270519680
12104244
21425
12528801
3241243
33537
188927
137426
144141
1006902
4235980
66523
1197046
188886
669643
6446295
72522
167352
446929
709671
41909
81948
587258
94664
23889638
1130575
1704990
2079875
105953600
23641474
2018948
3542213
4424896
48963388
133670048
3451393
16967724
11445644
5308857
75249184
442466304
3154940
37348
700306
2046609
50368
26020
97347
135095
622671
1793247
58852
459246
129207
660251
826051
102468
117366
165417
2507421
15899
67725
930040
36725
4781548
97103072
213892000
1474484
12347247
12019666
15124647
73049280
332346784
22828028
18237546
6161075
56606996
1112068224
9719409
12191093
23839682
238140368
152514
72296
592498
3624811
50111
111663
275624
3954524
275993
179037
1925824
326740
81587
34376060
13118106
169849808
639539840
5997588
7088522
26080010
183096080
15424814
13521057
400359840
23014328
36029
462628
4418409
160052
260179
42001980
789395
3815458
4892373
117507056
35344688
1256041
3099870
6673346
65188860
178339488
4218477
17308852
17240520
12882873
76891376
598114304
4773387
37580
909990
2331080
72054
35333
121191
67770
1084114
3251226
60977
204559
150276
1023889
1671254
88058
34467
211834
2696544
18330
68719
825600
122026
2173047
214246400
85484752
3334134
18257518
3443923
29619324
112159904
186942736
22484964
51181944
7707480
103601528
1520248320
16933226
25439824
75813488
331112832
143063
90708
1104322
5796482
42600
127164
426993
4734035
449081
255285
3130141
365850
74894
5885706
44128964
119134696
2408513
6081369
16591248
6951878
146108128
64351176
2950694
24999380
15490976
224678768
676461632
22780526
28379446
32242292
776332992
246031
100573
4425795
3424682
147126
163815
156467
3578753
104534
388977
4046264
340583
80921
35071104
18750636
109459336
578761280
4204971
33629640
3862480
428708928
29843316
101556680
715222912
76622720
169867
322772
5098897
136957
340694
16799736
47960432
127787360
28819392
56786104
380474
7722122
262535952
189796448
5021364
7753147
16985968
13777456
359582336
392656960
11581686
32600356
24818346
260523584
139621056
3865137
23268246
47505096
491185600
430814
101591
1124997
13226713
54534
74106
221918
5006372
108385
683547
7112278
532712
185036
69235672
14331009
193610816
2056777856
4000642
16051564
54386856
466476288
30600640
34965576
471378944
112890248
73750
805067
4633787
246005
587547
11180441
21697006
34377792
603232512
14958213
8854603
20293960
388520832
19702190
78376472
637357888
72184024
79666
182046
2358317
283049
388989
21114934
125857152
428637632
27030192
73363616
347445
17037616
18969796
3406460
128231832
763789952
9953494
26784384
21157764
288859584
21169844
70796568
109424112
18525392
150442
122386
1930409
537340
412911
55899004
37493584
1927752192
10273317
78771840
328041
21096168
25572338
381097280
26986668
90513504
120513
59520424
46577420
57682704
336674656
45716032
26356576
476202
21752314
19782420
242477440
