135086
110494
161369
17674
2201490
8539
3074
286745
1193928
10595
2315
145723
6719320
50728
24020
551205
9149
4019
341090
121828
1366
110494
163113
18382
2222084
8527
3020
129004
15823
1174683
6238
2519
743569
143669
32910
3925138
32340
5554
401446
4584
1014
7482
331460
75003
4311
4159
263568
779100
13102498
877848
143032
140209
6093941
41904
19265
29793
4019
7856
1746
7295
4220
62400
738
1300036
22391
5687
936493
222785
8059
237705
35362
4383
74454
128220
16503
1211451
4309
2512
1603309
146547
31485
3897379
27915
6065
443667
6469
955
6897
327881
50865
443
4377
1143289
114750
25232
2227982
21264
4070
225299
5244
384
4557
278920
44518
3917
4823
356075
1047898
35904368
5158413
388154
32666
3266587
12673
5304
1324079
42111
3840
18598
878541
245580
4286
52445
4890
209753
69835
10272
2792
22865
3177
159944
78839
1997
474937
14520632
1800372
302790
35228752
1957726
439760
2852093
51709944
19697828
1653140
732705
1185259
35035
5151
35814
1496465
249690
16090
6303
25556
45455
11844
15314
6393
24160
7821
33543
412950
12877
149826
2911
83270
835574
172551
19013
291334
17282
854387
117083
24147
2335563
27875
4277
195822
2577
1338
6925
248889
39782
3304
2883
1620331
247743
37952836
2673170
860087
26597
3384949
24157
5366
1016913
49552
5633
40392
1333130
237938
9369
15088
13713
639781
58678
2657
2341
11622
3414
176102
97459
1139
1148932
227786
58856092
2768416
453595
23385
1994036
19481
3766
661471
56360
3121
21884
1002398
149111
11578
10286
7614
166227
56835
4273
2751
-191
1537
115861
113816
2092
1013258
32405190
4906485
320681
56186520
5806176
648044
4383737
519332960
47818856
2630573
1004136
1060435
37344
2724
11869
1103990
217742
17742
7977
17202
1060234
408254
16094
10200
105231
20283
876357
276499
13591
19187
5825
230806
104285
3065
20249
8839
93690
47370008
861580
813095
786200
59079856
7749630
1161879
765094
3431466
132682440
10143464
1681699
1351381
19662262
1616382
68915760
119930400
1558983
17344
1133961
288869
15934
12788
35398
9330
460002
733717
9046
88762
23731
128981
12161
15509
12471
9413
482762
5585
419173
26327
322609
648282
1408906
60417540
2489227
889086
27008
2049849
19210
2225
590490
33342
3350
45620
1332526
218455
17639
18155
11572
-121891
73559
1330
2224
25741
3891
62884
249123
2958
530682
23931348
2299150
735437
107013576
4452139
893364
6729735
161419552
15839376
2819752
1341227
1292596
38102
4961
59212
1424566
181556
7038
13626
67659
2380781
311122
67400
22473
110408
32100
918533
438715
13986
8768
4359
95663
116223
3257
26203
10980
102783
138530
49612804
2485795
397803
72381368
678870
535144
3927436
71394208
12707934
3266192
428603
917329
23318
4277
42654
769884
262169
3436
5345
29851
1597394
148104
31394
4933
69685
13421
498023
226353
2833
4571
1312
104161
68297
1428
18993
13145
25548
45890576
3510073
831591
2772738
138762720
32334822
4009423
937104
8308673
363528480
21173814
1157657
535007
3965741
4589147
93467720
49657384
2665160
23021
1718536
258408
19238
13686
98877
11755
527435
229642
-542
106605
36673
883032
1180009
10989
99068
18087
101672
65483
16774
188175
18996
1138087
70109512
11900216
4802893
712761
11627582
867745
76997440
35577400
1028601
26236780
1898045
97117736
120531536
2699739
13077080
5518946
37278672
298266
24448
406624
1166704
11484
43160
30297
576409
88861
37836
41165
14214
513020
1492336
55554880
1649814
411951
47992548
335316
1250428
1785119
78221616
12550782
1135910
1243781
474484
29595
6592
12908
466797
88187
20226
3286
58306
567867
330018
16929
17213
57574
8162
922949
550740
6224
20291
5487
213850
67824
2001
46000
14298
33859
-33464772
5026646
348491
3847633
136803328
9051479
2205574
665342
344274
635751040
90727920
116677
3983707
15766510
1955402
268837248
87053776
4864223
42831
1481744
447013
38485
8574
85003
5392
1122502
570593
5395
252045
10461
1798241
901174
49472
56327
117811
1188727
28429
25209
157886
22004
10333813
4812104
581382
3721869
56323636
11085138
2159009
1302583
-1062254
246408112
41917624
1032271
4280237
11151008
2412174
84880480
88331440
1812918
5577
560275
202614
20598
6480
81655
14174
348502
124218
8343
254997
20182
1328896
877647
19665
18649
82793
428683
62693
14254
192238
12117
7208497
585007616
3440977
15723244
1853822
11862788
2688652
129811376
35965320
1693011
1429068
8232906
180426368
84121992
1098553
17701696
8907001
74919496
467276
29314
1361573
892201
13362
168705
50330
820073
275993
796479
728147
72083
12639
54930304
1519807
-409809
149668608
2809975
11371897
3005033
90960072
-61113
8608442
60542288
9198858
67777
286392
287555
58480
68607
71519128
7920641
761487
2157709
95663600
21146780
1004333
2457223
8665389
292914848
45857724
3731021
2724961
19998618
1389113
120046816
110103600
3378045
38040
1123373
307461
47113
40851
84268
16465
561995
825921
10733
299444
26423
1510163
2453366
26434
99973
61715
373243
42751
25518
183809
26621
6889461
259918736
47302320
2553524
-172056
30351732
649430
117790552
115170288
604572
10054963
5775561
261431248
243030208
8756970
36748840
7627244
262012704
175337
22952
1436792
1229304
22156
41383
105385
657726
192503
141743
2731637
149424
14537
7221985
224491616
37485284
2829568
1369179
13264025
1417159
101884768
67659808
543542
14578878
5108759
181911024
200113312
4916731
17510964
2404306
214827088
203943
37335
914460
1265834
15480
60365
46350
369393
111303
94668
1835301
42514
20245
16416782
1576888
128154352
36030768
11101309
16463677
10178944
127507576
26783466
97919800
62365592
5226144
248836
96423
480273
20711
103138
19755682
13164946
93091880
3309059
4073958
24754
6987778
167810400
27783282
4602797
1025307
21404504
1820610
86567880
35705840
1169460
27361592
3626878
131069744
159806736
2225160
25373380
6676160
164472992
249206
25892
1486580
653909
9014
61846
75205
519810
107468
55129
1168377
140969
30336
20324758
8059456
138716368
138217168
6714481
29365738
4822288
91245304
97408880
4937369
65498472
21716904
147044
146965
1074918
81289
109544
21369390
5457847
77034688
54890748
5312307
16560667
6629907
76390880
53312088
2279641
87068112
4968240
157211
46588
159193
38914
58831
21345936
7269549
83823360
6679623
87262776
224237
6008882
5342623
3191098
211469552
32860454
3906405
33852972
10635496
199886000
37151428
11273873
331196512
14156451
100757
81469
1096600
149557
240842
5429167
3539136
152732320
7132842
17520698
38610
20095570
6852051
116850304
4986844
12214664
50383
2924681
51881344
14072842
135292352
16062556
15218333
81204
12976206
15995203
8466053
