85941
135086
161369
122815
2201490
8539
112472
286745
1193928
10595
2315
848626
6719320
50728
941867
4415819
31524
715162
341090
3739259
29714
85941
109385
77630
1467811
5023
74058
164134
125869
2203348
7127
116742
743569
143669
167301
3925138
32340
146579
3277411
17284
106316
7482
331460
1928426
4311
10724
263568
2088438
13102498
877848
2469602
797068
6093941
41904
883307
29793
14488
7856
15792
7295
11207
62400
8280
7437269
88979
676025
936493
6245963
71663
474050
3890886
41637
369602
108637
79095
1468545
5622
74420
933801
96280
113190
2704460
18624
101446
2081647
19367
67236
3851
186678
1326130
1532
12936
1744935
145204
181860
4008108
19786
169191
3425684
30396
112293
5300
360533
2046446
2275
18735
356076
2074561
35904368
5158413
1858439
162168
3266587
12673
137878
6324438
64150
175001
18598
878541
3970866
4286
70746
9475
710062
3480259
10876
40819
22865
39811
159944
1122048
15748
1491194
14520634
1800372
1877509
51901904
3196861
8989553
2852093
51709944
112889424
1653140
7855107
6833906
41667
623601
35814
1496465
5557173
16090
65950
118043
45455
64273
41414
56384
24160
22552
63657
412950
35345
482291
60005
321290
2496210
7442371
184363
2012196
892531
448236
98033
117444
2901351
28059
113451
2042035
19761
65099
5953
408663
1450830
2701
13452
1013564
1823408
22213254
1745444
2172222
99313
2354816
15181
89484
4250887
52411
131480
15482
829599
3472900
15560
39990
8076
677227
2272984
4758
27697
5258
29397
191120
483233
4803
1779958
4185770
97613032
3044261
4686909
166972
3521422
18964
147754
6403135
111762
240198
56478
1211202
4416163
32406
61631
33189
1681708
3051335
12049
84955
-4974
43716
233600
929908
17550
2238441
32405192
4906483
1174397
72736480
7892433
11980174
4383738
519332896
107787136
2630573
13633595
5146472
30303
149959
11869
1103990
3510249
17742
16873
85368
1853894
7942241
61480
107908
105231
82310
876357
3455575
102093
35723
102726
590737
2229591
55632
20249
95253
656648
105138008
6703899
5454626
786200
59079856
124873008
1161878
2596313
4847730
-2589859
338837568
3888231
36546224
19662262
4117737
68915768
799492224
9575441
33965
2264953
7715229
39197
326006
35398
52515
460002
4717828
48770
206086
358938
128981
308267
28348
145587
14566
1128771
261065
3004099
1652134
5281407
380466
942022
80899504
3666364
1704135
105552
2361230
11386
100467
4305243
66499
171499
64781
1989581
2396183
9922
19660
20715
1486335
2085609
6273
28421
18940
35327
119730
1167025
15145
1806595
18984790
1494285
1679241
38368424
7160954
7056900
1735107
63205332
168777296
1135417
4894800
3828474
54336
127260
36172
873090
2925311
4370
10219
117154
5537983
8869065
46380
37378
107203
94082
1208264
1969480
29156
37113
19564
720958
1165004
35168
19606
35664
526128
3106546
70637848
2479060
2528880
95491120
6619742
4975039
3697456
82558832
284379104
6409666
12724430
5497537
120714
215724
54133
1663774
3613324
13011
10579
223030
8294288
11664703
47976
234627
274052
208802
1728528
1927173
42174
52656
131462
1310861
5082375
61871
34811
19462
1465190
111006864
6174847
4949056
2772737
138762784
167908464
4009423
6133577
30670522
265099120
263319856
5924513
13757740
3965740
24512378
93467720
99698384
11636010
100468
4329935
4361511
74969
150663
98877
90853
527435
2602781
29247
107068
323085
2375153
14712517
124008
99068
1034577
2240850
108559
269690
1577032
159476
8127208
595394816
-55163256
5885290
6279617
11627582
4581396
76997448
812792832
3868951
44110516
9802520
169108080
2146493440
35555592
13077080
18358436
293656544
216091
233136
2775577
12450924
151062
43160
134091
2306172
201742
1207411
318678
144581
6174200
1912274
14585109
3128628
2373443
124915120
10857071
1984469
1761086
128547072
254038112
2286795
6787566
4079937
42415
132231
35322
104107
2636606
18010
40629
148200
4150696
7638971
68929
87989
73679
66017
982830
6451503
105417
52089
68942
638621
2931307
27179
26239
28753
312453
126785240
4456684
8649660
2796014
94454760
171484736
2158103
5389196
606306
575332352
301494016
4259142
39186108
11110809
18125788
154516672
382482080
5609476
54947
4556102
7243978
55075
274734
46337
92991
599741
4290145
33968
725530
77337
1577076
5889586
119248
40826
4694
4365372
60122
144556
4745260
105102
201562640
16815194
12524464
1482556
99144832
287649088
2115557
15892352
6511610
1637945216
972715456
6846143
14572336
17568682
13740883
109801904
598383104
8980987
64181
6773169
7974442
94951
181392
71510
148975
788072
2234918
101929
1425724
347191
2526424
10687090
144646
34118
23707
3992790
75328
242880
3546028
141206
7015941
1158898048
391380608
33679096
11390316
11862790
3307103
129811296
397199360
4671330
15020271
103779848
504777856
4873956864
28118312
17701694
146062480
308900480
895002
154336
699610
20206090
196569
168705
178004
2470324
413512
2346750
9513756
595917
391559
82242928
33458660
72096240
287165984
20422230
11371897
46457220
520428224
22652136
246220064
1165265920
36545676
461560
607045
5596051
273463
848184
88346816
11435394
9510775
3636538
143222576
178368736
3336199
6658698
18701850
670191488
698911808
17943268
38828608
14579120
10176420
133656880
470343296
11826386
41151
4102510
6786669
69649
194760
100275
59557
491290
783217
51424
225925
41336
2575621
10044531
345195
134109
285240
1815420
103723
212279
710846
52461
11924064
229192928
326755392
6910618
36943220
14932532
13445815
68664208
391617696
11353956
41510444
36471196
337505248
1048408768
19171100
19445850
39367916
182328064
167447
202630
995375
6929154
159929
8214
102718
2297035
281979
4001298
15335035
599876
243783
25609916
583552896
625750848
10059359
62014084
36462000
20789128
165636960
996616832
17337868
49228376
74006576
697320000
2526388224
24560892
30893984
49945064
674390464
229531
633269
1502253
5921836
275589
39619
707815
3067887
345338
5879221
16862462
181830
322112
105319560
43671060
357958144
1729604480
57078844
16463684
65795236
683560704
66715872
109237792
1826262016
31308428
464595
3382630
5850960
757274
6033925
39943884
332401152
821427072
34069540
103590344
613436
29490058
676159872
436611936
10396029
36256208
16158556
10540084
68469816
380971648
11679401
49493148
26917596
258044208
1328342016
20073998
10649669
68630992
551522880
158012
254716
1800399
15975411
291192
1965
579180
2953840
320531
851250
14868889
346401
167243
46246840
43148540
293218176
1507403776
16447493
26147114
108112768
455977216
130280624
261000672
2246993920
8094016
223241
1316860
6507505
180189
1193700
50380072
110790784
212472880
1957211648
38616032
15579655
129084304
310680000
62031628
396078240
3513769472
68797952
286281
1526160
19185378
293597
1654738
109785256
166156096
2403921920
76445904
289986464
1231083
128447456
50261088
22448286
440686464
4619427328
3654306
17004554
72373256
38622708
28502256
101353296
4572029440
20186848
599392
2604255
6559114
770716
375351
39490396
224188240
847435968
58868192
71184024
965694
63457824
570400704
1293879296
137796592
61605184
1223857
146819488
83963600
156187776
1297542016
60104576
75163392
1523958
133448552
405021632
410258880
