49145
110494
106413
100394
292444
2201490
39402
274117
303271
614251
459925
37242
1195657
241832
632187
9400604
245506
788713
4114658
377182
10507301
670596
2018648
42432
32133
38487
104402
756990
17398
62500
70345
225085
1150984
41110
575770
108464
174774
340116
9050832
70598
73905
272713
3447609
29772
97442
6797412
70962
26919
663586
38054
302379
1151146
3782524
19490496
1045443
247422
656424
9499838
252493
176497
655336
2961279
334951
216385
262741
3518153
233574
101083
50923
115365
38693
160648
250655
497597
1559904
609274
14219289
183198
31167948
485057
7214306
11081181
404075
1744931
5055042
24139
31495
84269
553961
19333
892196
35438
53797
93260
2483878
22895
28372
108647
1274487
17919
34899
2441546
33605
16115
235766
17809
870356
68760
77396
188743
4464746
55219
58804
189704
1474477
41847
76775
3868710
77872
20255
522488
38537
1154108
2442034
4024377
44819968
1413557
176055
331250
8822726
72904
94121
564927
17814332
90488
118743
31250784
333298
98742
6220672
78577
196557
1880773
18143
94857
11184131
109996
39494
1056080
21006
2339421
21482
124576
1932562
61218
34368
643328
2868013
6923557
36012484
1083186
1969595
7977345
112176352
5838470
2953340
121103456
6266424
4820240
81224856
1590639
172461
665239
15047997
165072
217865
29635856
575209
97946
8731865
176705
418722
8573805
147113
220887
7436453
349506
29605
1490020
225141
201838
9636550
181445
3826439
149712
38996
1727061
174006
167330
325139
110480
171895
106573
171766
33653
145156
451508
7998627
287256
1425120
3822306
50040888
713784
11585694
22720564
6460445
759661
31796
31493
77073
1573512
25214
25846
91152
724884
21110
30465
1645013
44005
11916
344996
19637
788319
1892764
1892099
19107266
1652282
68129
127746
2503438
22283
26753
190118
5520446
35581
38190
8530326
93847
46075
1696035
22302
74195
669729
12506
34861
3927918
67666
33846
562281
13391
687066
14741
52970
1052800
21837
14607
211428
744980
3151246
6187043
39073376
4039791
107282
237083
4888243
73699
62092
323999
7207988
137880
75875
16748292
229236
63340
4293037
67040
140911
909719
29974
63165
5599221
126612
38665
811832
52374
1141265
25434
116432
2225222
82730
38156
702482
4157233
6671461
57245504
3423051
1981419
10493453
122350656
6926030
738530
354731648
10035256
5205920
138948704
2032530
99675
577822
19829880
103526
126986
28259736
419195
91207
7355153
78765
372381
9530917
73672
203699
67422960
347028
285850
12619434
79071
10672471
116576
376083
26306872
256316
274768
6147583
67412
6202635
49966
36589
742950
23087
3687340
25438
183132
8745414
33617
151063
964018
49325
1412043
29408
140057
3918734
24117
2039153
10096962
194514848
3624229
2968815
238336032
28719206
7891217
241320112
4630116
9255387
37324108
4958714
4616186
528875712
19813264
16195386
190143664
10314738
65810056
6310533
35578368
324159232
33995336
10417964
134943056
484768
9168586
171417
255958
47106124
762207
182132
11105768
137703
10143913
182174
469804
23977552
463813
148574
7133559
172268
28716444
375867
128120
8197526
117503
2634444
119082
158615
4464658
213727
76391
875497
17331420
183099
153015
10201540
159865
127981
1672555
95596
125641
1243277
1120140
362510
654733
143062
376836
82421
81742
550217
14310554
29954724
4354010
54896952
2068955
3693958
1804671
28158698
2625432
55958
105602
1782969
39218
27768
155978
3724785
47773
31654
6297080
126144
44261
2938456
36312
62736
519537
15407
43556
2696187
76243
44646
887602
32229
609405
22728
101911
1216852
57225
53469
435395
4650777
5180650
64664316
2682732
1790441
6682655
100588360
2000426
669734
208637440
4210772
6083108
87518888
2204571
35418
235466
5688737
48497
51196
9053519
176152
94989
2853982
33399
103215
2673829
33127
65458
21643852
261525
109813
6093301
66396
3024926
24587
153307
8053906
135709
172494
2602414
25642
2220446
22712
-1379
157276
18919
1799818
14197
142401
4337523
73612
62273
796028
25733
224311
12717
176831
765434
14652
9173569
18468232
127037504
7207696
3517886
13246030
239663584
8047251
3032143
323217344
12162151
16735743
139283648
5368385
69299
347908
5783254
137573
88695
15014257
230911
132895
4741217
98873
221860
5424047
95099
89429
22060552
240862
233091
8664784
134211
6113137
47683
277715
34270420
258247
204780
4192902
55175
3732850
120697
29197
613473
34436
2370718
68853
337320
9332229
112192
108601
1282745
58219
922485
18736
156471
2408334
69803
3393993
15256685
114881248
16829850
4373144
684744384
35016216
11917614
266595104
3640382
13359748
72559648
6769736
7317068
661884032
76844576
6934700
679446400
10687326
121450624
9342446
8836456
806525632
17624820
17983342
233490784
383850
9563005
153314
232498
78642192
1402675
425064
18599256
178331
11504447
129374
815643
28687900
273561
261816
7315247
113951
39116512
536572
200168
10794932
101554
27422186
235603
2156918
82368936
670417
299154
19204852
163119
12756636
87506
415385
30816242
232892
2285888
26617
219358
5838710
108020
34959
771829
84471
3183815
37703
555537
7953036
132428
73361
1857444
172914
6593657
102700848
7510221
4890264
1092365184
28113142
4803653
368003904
5473060
209065488
3054130
16606090
662025664
8575119
21141536
171113344
1184767
280701568
10181326
3937345
209911232
5579359
213034544
19219668
43151112
1651367552
44007648
56054360
427606528
19886850
119511424
4604559
87284248
270232128
6917110
179981
34637572
737037
212898
8047467
174182
19970410
353500
1410205
36228444
446492
503729
10121282
324082
9080823
164413
799889
28433476
315876
10536239
203980
847339
27080374
368549
192216
8923032
101369
1565117
87736
312230
6298909
129481
858113
17152332
166262
337608
10383500
464211
4076062
128760
1341942
441644
773535
867405
37281976
6550883
9013311
113569392
4853605
2009250
12521292
166777072
2657739
1571354
138210976
10367818
5679284
5980886
1679173
39283
192872
5598772
85559
50122
11100068
168154
84125
2464135
40022
119326
3108411
53815
32982
18881698
308366
167588
7038683
54616
1671691
82153
331849
16166364
119189
66731
2850415
20213
1409827
36013
32693
130499
14604
1200758
32117
9538
5022923
88966
51910
1185465
46130
453273
29933
230068
1789274
49272
1396172
20737902
336752448
7284132
2754536
493184512
20232172
3456393
156014336
2655492
10754365
99087248
2883443
5952089
625551232
25125956
16337730
322697184
6099658
108623744
5207953
18532580
520092192
11578640
17176278
43968600
211455
2899128
54304
84795
26182050
452435
211730
1673501
89710
4276619
71123
311534
8020851
167465
41164
4411243
55664
12591794
106580
58512
4828385
40536
11824178
110892
513717
19998992
328074
110758
11718896
68549
2222222
73565
791647
5797290
118935
790381
17497
177425
915512
48533
71076
393857
53866
1654064
71647
522539
5243609
100269
71044
277472
56069
5283932
26038320
269320256
32752038
7554568
552427136
28344592
9831097
138203920
10277420
31560610
161312384
7575362
13747768
210973472
81033448
41324820
570123904
9747408
185803568
12833327
74575960
1362254464
3845118
19101798
-32378664
366777
4370487
53977
103511
27464728
676502
164393
7920686
67644
6904963
72766
695778
30695522
362118
251241
6700298
62608
18722006
311813
116778
9253734
49700
13180176
228131
583022
54060388
462727
1110768
12544468
204404
13905823
115694
2500009
31829698
327112
1210743
49770
174662
4354630
111154
120475
1359425
112899
3625642
101055
1603674
11728326
338070
179361
484009
259921
12253052
230272144
2715532
20367588
2919148544
48341888
24129432
1259735424
15584422
124242192
6760350
43986744
1437367040
1366553
14137363
284190112
6936206
724039552
13237029
21249782
431024160
4132148
500200224
31632324
83839504
2640553216
85505216
41176748
655325056
19407856
93588208
4373632
153573216
1462822912
24895588
122992
42297100
582120
302902
11241371
139442
32800370
519492
2864886
41949976
808349
613060
8498268
265883
15796156
122805
1910870
26616014
431433
16235676
206513
754073
30664396
364778
475623
10673692
208114
19632568
350135
3860184
74930928
514298
940730
5608582
2330922
60976
798075
57554
759987
5263888
48366
575548
4115354
1162026
105562
6512402
3826610
24672628
-478839
350202496
5294503
885073984
19306610
140467952
1701418112
24697594
51724740
574642624
11292427
436779360
7486481
1072544
1031260224
42942760
128482608
6386429
50703320
1139540096
25490330
49183492
120384336
62932512
1517765888
12657514
123392040
2011461632
97808400
4101376
550114688
203575968
11144653
205120
562476
33275266
552444
637480
9686907
587587
35493992
273447
1981100
46940344
713311
870253
11313659
1783562
157453
12053137
170610
492256
33078660
177436
226224
2148158
624615
1422716
20426688
764961
349305
2721220
3225299
27695502
280744448
9861700
3131778
180137456
32677464
12452090
274000224
6401620
11036970
63531300
11250140
8863039
1389702272
19257786
25461710
164120496
8798178
65084104
8536371
54609792
741368960
12316170
27316722
152715216
151456
2307084
80687
114543
21587730
444854
299167
7675789
128618
2476816
24961
1076233
16115350
258961
259433
3133863
54888
14255048
339302
108313
4806426
57519
6965826
189161
392394
31717876
216684
290811
2888322
148789
3563681
69449
991997
13584698
227883
1274574
40691
127376
4087278
85056
54664
392562
35533
1374911
30310
743634
3787409
67972
149292
932161
571469
10885939
124527216
4249114
9225761
1284537344
51575592
39087892
634306944
5585889
217553024
9385027
94924496
878953728
19237792
29648500
292311264
3264648
300850784
39376280
11153030
146488704
3190400
410069632
12186739
159144608
1855041024
63849156
59904284
152915488
28342146
429726240
9491114
108641008
868786880
36198552
35460
13941236
392973
192793
4903842
70567
9546229
388061
1062447
36937932
468677
453895
13461875
200088
5211994
125485
769195
15638022
330928
4474936
94185
527305
26072734
170219
278083
7209447
299404
20423438
177996
3365194
42246136
1144999
203369
5466295
1527154
59803
1952935
25230
350427
3628781
67810
259134
1317431
1303942
71604
25363014
239797808
5331999
26530222
3394958336
153351280
62127460
329732928
5544542
212471392
14570089
108033040
3241216768
87727936
50971848
363493824
4486989
72519936
77219320
42294612
778577344
14009022
344008704
17226118
299243328
1749174272
83632648
129852392
828597952
46224000
440186656
26715792
396730496
2157433856
38759344
97609
32891056
884314
451642
10328219
5854
14227405
307760
2785924
88192712
721823
1707454
19057782
286196
16370256
227321
2973015
58148752
440092
17651206
131556
1828680
61005200
759184
565289
10313145
850625
19349528
377233
9280018
74938600
813917
594700
19538340
4478692
50556
2664120
91296
611038
5285102
275310
224002
2885726
1121548
154891
7291293
820759936
36827396
24782216
1070249344
18688120
953397248
47047936
226825120
1311348736
112561560
109606016
1350890496
64411800
1365682048
5979035
188772512
1210958080
28281060
230766656
12864534
82927240
3278727168
70812080
43916728
217769056
90553776
764571968
58661396
658007680
8246138880
149193248
109651232
303714112
162121664
14008278
278147
682072
46396600
797570
510973
8124491
436562
39221584
253052
2956363
125719360
614123
421136
14386531
1964758
647148
11906546
226622
431271
65943900
405020
197992
41837328
10496846
602429
151518
2590650
576262
392531
384500384
17580090
83552288
1697705600
44218312
10396453
158237808
69366792
1338105728
29677248
421839552
2833734144
119671560
39188704
551277824
336645952
49613320
322722784
13497897
249146864
368835392
40962008
122194048
217843664
430721920
116825336
639149
22641254
368067
3903081
61735352
231556
667018
22935956
5006406
1669192
1584564
16306354
1714960
334169
1070886
30088116
182994208
22700000
16317324
1618424064
123728840
60469672
1115522688
26991020
93595720
18015898
76647408
2540840448
61994928
45907960
394358208
12672453
723185216
37216904
19408376
477400832
7725135
492811488
41761276
139992032
4100099584
43727860
43030288
575004288
25734212
929203584
24823092
141121264
1124312448
41079256
115665
31442104
614654
227750
8696945
88543
6724788
547144
2278817
78526992
552687
744431
12745182
208681
8226153
89688
2251192
28905192
572354
6608953
257916
451349
40561812
377985
-26606
17788932
683739
26502566
279194
5592632
124292656
148158
357206
16333836
1353410
43218
2900244
93190
869808
7707004
148860
596556
7822832
703245
250039
4922261
1028138048
6843421
7045192
897904768
14259434
272425024
40778760
187371712
3025790976
61892256
39541788
708432256
26499722
452671712
17142260
54504696
2970236416
16990816
238296288
6991215
78898256
2469557760
25201454
41811388
395039872
53174092
913152064
27584148
373477664
2014499712
60292064
41302128
291329152
79392616
5286846
70509
425881
42081704
631296
456733
7549350
-61212
13718623
200299
4567264
55746172
1148845
995942
7141590
1924566
324264
7738169
122659
1955672
16623020
426527
754091
31501036
2200696
830434
204936
1218967
836855
387703
24028912
1819445888
108652048
3382492
370731936
5352002
1321536384
59527704
573561664
6427294208
232176176
262211488
968318720
29864688
737999552
20374662
408559360
1692484864
95378840
454232992
29311480
97977240
5286299648
86062272
152345200
585556224
136254784
3495296256
42737792
784544576
4586062848
174270464
135579968
956636992
477297952
6341286
134319
1324353
50677572
1277425
925478
11862606
691682
43323288
98966
2982430
57973496
920319
1651349
7499894
2147584
635820
50475140
345802
1924107
28990608
507730
1240205
52957632
8082411
1977751
386400
4417105
1210627
547592
222527328
27145100
139346304
3148355584
104025136
166764896
1084785920
162310032
2165779456
67501000
1196350720
5946219520
86211024
69202112
932037888
357629152
122678832
1253866624
35288604
452357344
3882409216
104519056
140069120
1050143232
461505088
81973592
728356
21377196
289666
1144496
93621728
619890
4228414
45598328
3798260
982266
1004258
17378436
2734898
1958937
346526
88535704
969052544
48977712
1093099520
2370467840
75350608
140087456
4004557312
568530240
128772504
80994608
1430493056
193390464
226854496
2036789
23035606
3120611
1328596
1648633
5391746
829314880
90456576
13093221
716251456
8578916
1401693952
78401920
460685760
4025427712
108781904
201103808
1475597440
46627048
1059745728
14197856
600178048
2801699072
73410272
103410040
4788400
161988768
2418846464
64120504
61917408
245367152
98052304
1129174016
8010176
533850592
2279883776
216170000
90868968
368092864
337012160
8681492
115748
2392034
51129208
855825
618788
9134704
452841
37553176
393985
2317545
123005184
227225
147653
12186574
2297759
547323
11675184
75342
949794
38938096
349738
1442058
13389504
-119357
1098498
273387
3566068
2163077
527521
136751776
26789868
51494916
2001277696
45541104
46543184
329352768
30895272
1532032768
13851925
93837560
5420913152
82610336
62292528
289706944
225284704
61523324
217395840
14489570
217259200
694571712
26966806
109590640
2174292992
490333536
63525492
340719
8290084
178574
3098127
41702848
245061
861353
11317947
4958380
1437055
611126
19389132
1855805
2644726
122266
1187724800
74631024
200803136
1696896768
120546464
213708384
1429490176
54115332
2891993088
87052440
2460514048
5318369792
292367136
477271648
1739952640
1232598528
43525732
1987259648
16427562
425602624
3175482880
79732552
-162814672
521826144
1125500160
207488512
570089
21488484
508915
10001339
172642736
1099540
4763845
30928572
17703136
2028752
1257838
69264680
8957969
5321760
751713
67729056
3597914368
54111652
697317696
4255190784
121561088
175634368
6815752704
754241344
182639456
568615104
1853698560
875202944
401131616
4486142
23434844
7210788
4561222
2634173
188904064
1663575680
1187000960
230366080
285974816
1320897
475137792
64415432
250099040
3860774912
143329184
262893264
1013405376
118213968
5512866816
49440512
2103917824
11995203584
237876736
267796832
975646848
545313536
80340800
1356423552
50227708
502943296
2742671872
114195616
525336256
3644725248
629591168
186725920
785258
21910572
282277
4078599
50375164
1647335
4769778
2839934
7475543
1975551
1281417
-2331329
3102636
4027681
994059
114327552
239161568
70330824
52795232
3435354880
132162464
180554544
-122683520
882556416
89164384
184870336
887835008
608559104
470782848
1162150
21303206
5245242
2588783
977979
199881344
2443353088
87768168
105842960
7209617920
348749952
813046784
3868320768
3368696576
106038704
241418176
2243645440
875177088
477243968
3358428
36950476
10266804
6873947
2960533
258036048
3897871616
515707328
831070464
54730120
1668304
391658976
138610752
3573978880
34809572
463678272
7394088448
417846848
409587200
5551912448
2171734272
400169696
203467312
1142286208
1138243584
426695456
1102204
21882184
8169436
5921166
1883126
184457264
1790942208
613962304
283047040
111438752
2040422
574413952
3113243136
3421355776
1513771648
452983200
3445828
336563200
162444528
4945554944
1282490624
963349888
510321664
3020310
540824512
1206505728
224448
