49145
110494
106413
17674
292444
2201490
27749
274117
303271
59116
459925
37242
893208
59717
632187
9400604
139155
141835
551205
44072
10507301
438055
1314818
42432
32133
6329
104402
756990
13409
62500
15933
225085
1150984
27743
575770
108464
33626
340116
9050832
38337
7259
40964
401446
6629
97442
6797412
37305
26919
339029
27735
302379
609636
3782524
19490496
1218891
66790
656424
9499839
142095
31952
65989
257388
23390
216385
51452
3518153
156195
101083
10275
115365
30806
93119
29339
342820
1107044
137175
2890819
27682
31167948
267524
3842757
1565641
65605
249516
3111961
24139
6144
84269
553961
13880
892196
35438
7435
93260
2483878
14486
2888
16282
176163
3944
34899
2441546
24053
16115
175365
13401
870356
68760
22275
188743
4464746
28509
6852
43385
238178
9161
76775
3868710
51630
20254
341427
25782
1154108
707490
4024377
44819968
880173
37099
331250
8822726
44825
14760
94359
3153158
14169
118743
31250784
170508
98742
3319936
37563
15668
172051
2419
15945
1393207
39453
6828
171582
7289
2339421
11249
124576
1195730
36285
40452
472732
1705224
6923557
36012488
1594992
358711
2919422
32040708
1553895
2953340
121103456
6493076
4820240
87606184
1433189
32144
131519
3273669
41472
217865
29635854
314813
97946
4221240
102728
81550
1751293
27866
22446
759592
35701
180
156418
16707
53055
9636550
102119
623496
24949
38996
1087440
124137
51643
325139
77051
85453
22087
152497
34995
23251
273990
4494643
34300
209540
2953609
9337872
123336
1625627
14325471
1447434
759661
31796
8696
77073
1573512
16925
3069
19302
130769
5608
30465
1645013
32008
11916
226586
14415
788319
677187
1892099
19107264
1359954
13321
127746
2503438
13078
6815
38408
923376
20239
38190
8530326
60862
46075
823926
20820
7497
67295
1732
5767
573481
15128
12833
91559
3585
687066
11550
52970
620090
20312
22568
208530
744980
1537166
6187042
39073368
3930519
43819
237083
4888243
40867
10461
91081
1552896
26276
75875
16748292
183737
63340
3543436
58644
19615
153062
5714
14060
1444186
39315
34669
198528
14159
1141265
21618
116432
1866782
52625
49330
525729
932896
6671465
57245512
1076098
549016
7137256
78522640
2994960
738529
354731648
5825256
5205924
122190800
1780451
18481
102427
3451499
34256
126986
28259736
274458
91207
4043752
38815
39297
1501168
16269
38393
15807913
34549
32794
2096812
22750
10672471
60125
376083
15385621
208062
307499
3576821
8839
685155
17805
11820
104603
4204
687790
9173
122511
316405
54138
25734
485823
49325
1040723
17222
84895
3544886
26015
547513
4028609
57586784
936553
2968815
238336080
18714548
7891217
138914000
3808229
4296834
26640468
294048
2651897
181084208
1157675
6953363
56957308
1493127
65810056
5280240
35578368
151498944
30458196
10121529
146464144
83870
1831786
20266
49901
11071470
143561
69450
1563304
27020
10143913
92965
469804
13632308
225517
108240
3644931
27448
6308719
75053
44641
1163420
14611
298732
10856
43522
631218
20223
16170
114382
4032048
38298
153015
5803613
93365
55576
440813
16248
121222
849416
193248
118648
474495
124882
144858
33647
113318
138519
1520062
16051415
1308719
10866046
2068955
743935
1804670
28158698
2004263
17129
105602
1782969
42632
6475
34403
691671
18911
31654
6297080
43093
44261
2572507
17756
16973
51329
2574
8034
661058
31520
14522
198191
12824
609405
15683
101911
749032
50461
43012
294417
1502289
5180651
64664304
3017613
840846
2571104
31169054
1456836
669734
208637440
3910837
6083108
87931424
2366174
7176
61534
1346958
26951
51196
9053518
129301
94989
1918138
20516
28579
682834
6158
20391
3769755
67799
82413
1279879
23571
3024926
27832
153307
7856786
90368
108593
1231174
2279
254756
9976
7190
98658
4750
277190
7243
88561
593244
11058
33118
49743
25733
140802
11586
24459
209139
23338
2520739
18468232
127037472
6329946
630121
6499741
53241480
3624359
3032143
323217344
19919620
16735743
128739872
2719024
13749
102940
2221477
39604
88695
15014257
198113
132895
3919478
78501
59540
985114
4789
51451
12192756
350491
41059
2585211
25950
6113138
35769
277715
20556150
145720
135010
2576069
5730
790135
31896
2499
342959
6345
352838
30713
156727
2661627
35528
58444
426140
58219
681262
24309
134641
1878549
86297
1323239
7918909
98794832
4037360
4373144
684744384
40511928
11917613
217148976
1178327
4328530
50347056
803139
3614046
272598368
20961600
6990829
106470696
2459721
121450624
6131539
8836456
741711104
4580712
18175014
183893728
93198
1414755
24225
53509
13496814
237694
92881
3213816
33193
11504445
78077
815643
23372792
198066
17975
2874587
30866
6255507
147684
40978
2517317
29211
5409280
61217
393117
25085476
101877
80373
5921112
163119
12375829
65452
625058
13438112
202913
297365
10519
44855
1204441
30566
25592
133459
59325
548569
19342
253371
1792130
61918
37039
1120469
183161
3644087
25208720
2851723
4012600
309293120
4673166
4926434
158852528
4786727
209065520
1348242
16606090
697317888
3762138
18793136
131712256
2398259
164577360
4264350
4106093
72136640
2668716
116787240
7807020
42862784
673959296
9303908
19120072
140241472
19886848
91519200
4843361
72419520
603527488
23503968
38208
7448566
120638
46165
1391948
39308
3707281
48157
348008
11705003
41591
179214
2316494
324082
4493620
98007
814596
15833398
171046
3147163
51831
348481
9038531
35535
18594
919236
41640
499449
14292
102944
925287
24165
106566
4407190
45748
379514
8890592
102070
775758
67828
548404
106502
726043
263358
11885662
2515420
9013311
113569392
4173090
866279
3276868
62187580
3325923
1571354
138210864
10654917
5679288
57942676
1804623
8227
105264
1211311
25238
50122
11100068
126299
84125
2176994
16818
36054
846015
12432
25072
7027004
45283
38324
3561378
15860
1671691
71389
331849
9802200
108435
108618
2479520
4169
406798
28051
5995
225817
1817
418080
19094
64590
2181886
40467
32395
339988
46129
432801
22910
127233
1591731
30111
761040
14288476
58510284
2919443
2754537
493184448
19010048
3456394
144098144
3295142
756589
31417338
2293525
1419109
197856448
19024832
1602343
119915152
4689236
108623728
3662104
18532578
318652864
5188283
18136794
82385728
47876
548353
5084
37259
5400684
64912
14703
1020395
17933
4276619
79208
311534
11633671
148121
101955
2451256
10122
3081993
36088
8951
841799
4267
2007566
23463
354046
8288554
73148
85350
2874432
68548
1614169
69487
979755
4406996
102471
105206
1283
45479
1025788
12684
20159
30002
21231
377677
9550
308642
1599796
29207
80811
157080
154026
827972
12460381
134563648
4325675
7554571
552427136
25764220
9831097
130521136
5826332
4752796
49306384
5421305
7090626
443428640
34954192
12828994
154360304
5922643
185803648
13939232
74575960
1230334720
5317647
21203898
7453487
84166
1233131
5282
56964
6209393
190698
42605
3348010
63963
6904963
80279
695778
10776283
289903
179959
3414720
20884
1675692
79652
44946
3266112
18650
4325100
81993
466511
22913420
136457
295686
5270624
204404
12690838
101474
3044449
21381920
290965
282186
4031
69080
1575977
34794
44363
292960
31595
1307327
19024
703523
4794121
112077
197310
763293
242748
6260231
61061640
5363068
6185287
1314175744
20757374
15395982
78849424
13041230
124242120
4123943
43986776
982575360
2398307
14516885
174963040
3660363
476936096
2637796
1395270
145201072
3071028
264266432
10581439
23474926
951586560
27742636
21841818
308142336
19407850
47500768
2737893
213045472
851715200
20506642
27750
6813711
84278
46055
1138743
44463
9809534
90535
574726
9973833
203067
140076
2168933
265883
9295234
97776
1460533
6371948
270389
2647297
28183
558901
16853966
153857
109242
2100029
209058
8339576
62966
1650463
16983054
232687
894319
3850344
1562205
35711
113213
21737
219368
1596120
20709
173657
815092
490605
96072
2450713
153861712
26573196
3674469
149177504
5059024
307227520
3318069
36593824
834982656
37027084
31189568
150609504
11292424
468653184
7984999
105314184
936576512
20914052
27126636
6471204
17336498
231694384
12012929
8287149
47475536
16312330
221557040
14027299
55604128
470237152
15534221
2477652
370932288
180855104
2342521
50471
223962
11290407
124794
182535
3267891
178076
7840350
41613
548584
19094958
259736
577118
6471008
1493385
125462
5722196
21982
678892
14005250
87328
57924
633492
327843
543664
9602118
522639
221040
710701
712408
12682958
111254400
10220440
3131777
180137344
24388704
12452098
167719600
3481519
6363118
79652808
2613965
2236822
798295936
-3548768
6598655
142654960
7167936
65084132
11578728
54609776
611354304
15737152
8761142
108237792
54349
1007482
22485
57657
4418746
276108
143424
3369620
37602
2476816
55806
1076233
12228110
215474
127335
1427584
22829
2595817
80089
29221
724411
13791
3379982
71090
323133
17140938
164045
135867
2475866
148789
2511113
60897
837371
16372719
138817
297176
6228
157447
1385458
8782
46801
119286
33923
1266577
7531
471145
676149
29011
156750
673252
348195
4859002
65283632
3490330
2985554
898160000
7093540
18687442
163956640
5843925
217553024
4764151
94924496
544184768
26455172
12861514
125453456
541983
192869280
12978579
5166905
85342280
2028479
166845264
10499098
59796020
975048192
10361189
20943822
93233408
28342138
353358656
7444312
110191184
705130752
14775118
7788
4656705
52393
50350
1459746
6723
2147698
82504
294043
12740672
327251
249319
2814454
200088
7802575
115173
992692
14421390
291861
1446864
46376
322790
11352928
68079
134730
1475269
186826
7265273
84270
836923
15040779
380131
175405
4904749
1310706
35625
345516
13917
175351
432656
23474
89064
277797
708118
93805
9460433
117274160
3162846
10007936
992394432
4750070
12230735
254796304
11143358
212471376
14787014
108033048
1409649920
53705360
46585340
394823936
2804569
193515568
12924936
13467038
163576848
2627542
188749648
6502452
89626496
1166373632
6648299
31576988
345578816
46224000
208296640
16990200
299397376
1746427136
38095992
42936
7047170
378127
101532
2780516
32351
4048799
121884
1688671
4854995
423122
539938
5907305
286196
11302644
99001
2879677
41855472
366919
5516638
76854
457309
23450570
236422
133668
3313568
252973
5738354
66755
2355937
31004750
508316
536946
17218010
2023070
27635
182398
13786
292934
2328854
83214
170698
2090182
743477
115532
7611490
439627360
20062426
17938516
195828560
5416129
423704736
19085224
174775744
646126016
61597844
28919444
517279872
64411808
1059138752
8551274
216277168
2009610112
27151338
50909904
7566853
74529976
579920000
12480194
17409542
118090144
44668620
532310848
20912400
388612928
2167238912
31716008
99149232
311734720
157154000
3761332
89408
354173
11018818
130994
128735
2000112
272253
10503376
161233
2199566
21128664
537151
476615
11594428
2457099
139575
8760537
82059
607778
20543788
263051
606973
13661656
1455685
718492
152418
1063396
383129
212727
50768800
4373338
84403952
598641984
22003052
23372136
104614232
44772340
1029341952
8939508
120225392
1677598464
22956552
55118752
423330944
132213008
14430500
187291904
6286925
105346544
484468992
15025819
58711104
113499744
272288384
82418368
298712
4502430
54308
846770
14277729
95968
258189
11687734
2299619
1130062
293494
2147639
805325
19215
301457
9384103
39931596
6318711
5453482
974047872
12742006
18512316
354952480
7176374
93595624
15686714
76647424
2613900288
42548736
43684200
281836160
3433801
129476944
27131908
13318840
97254544
2121704
105662976
14296287
37065344
844945984
10848470
27921028
136149712
25734218
779773248
14835334
215714688
702539520
25514462
50133
5751034
142505
53307
4740407
29909
3847227
204118
1508277
29439126
129282
107576
6801971
208681
6744282
144754
2019274
22569130
511230
3291468
66335
264206
28985620
183971
243226
5039871
53704
13045812
76987
2489643
55909736
426032
537388
13683034
1054985
31473
451718
23351
100866
1622567
62182
296978
2084530
205404
242768
2767917
581631360
8225506
3988436
268776352
6948276
-8399398
22022958
62270620
1477086208
50041492
51952992
229393152
26499732
290029056
13223327
42595428
2290795776
19256120
138556288
3668691
23516664
581231744
5784338
1885357
86056280
19678536
265268752
16050157
156289424
1619051008
42873860
62518156
298085120
94856216
2909160
33618
-7464
8597162
212368
215218
2772157
243004
2831315
85578
939146
17143952
300217
1056890
5646309
1809204
182819
3086917
59059
158409
3688625
144143
344617
12185752
1246362
645776
119252
492849
366195
116568
9937762
1074483840
54151440
10795371
19031880
9152694
428447488
19117954
224319920
3713926144
35077272
107308088
124741760
29864702
906194112
13823318
547946304
845571136
89144376
270961344
4991811
86617376
903912832
34668960
24936274
132165120
86524176
1290273280
17034236
368146592
1600534912
147475264
168345920
832307840
579556544
3541328
-33564
406821
17518794
205136
443322
3975062
358299
19004646
352591
3879229
47010648
657749
966913
3758582
2388881
268548
9933913
125979
1556059
14118133
475944
752339
14304920
658127
1347616
149688
1447557
449942
64049
223396624
5970779
52461460
330424000
16407713
47140584
349680256
55107500
1884308736
20013274
695871104
1730387072
71282608
79331152
1147148928
230458752
25616332
283407776
12888109
169309648
900663680
36297456
152647520
800909696
566195264
77863552
285527
9295532
171925
799986
24809916
87395
1079143
19662534
1362049
987932
942501
4352845
705047
494944
83699
19211272
549222976
25027194
381601696
889986432
-3253461
65741000
670409344
249363792
69012064
27587224
453084704
95191680
73633592
1066494
492490
674067
46538
520834
3687499
471664608
36160972
9236147
401757248
2407731
305058176
28224278
136975232
2319982336
21394578
61506500
533726208
46627060
497377984
16892214
554037824
2001812096
79937128
198860288
4404125
72915336
455122144
29897616
39401856
146205552
55803792
689155136
11161460
435685856
727409088
38697144
82491920
577302464
264819536
1550302
5729
1419300
15004837
140928
149668
2126232
453562
9724764
142833
1705461
22994560
584323
-47042
12893243
3215042
175194
3721985
88153
593537
23837364
202506
895556
16401668
1834666
639869
331164
1514284
494105
286195
96262872
5999029
28036932
1535178496
40153552
33756080
119757688
57484772
505893376
29523708
166400352
1054106944
65931336
46003172
313282336
135347280
22276398
281253184
7841784
136616608
861323328
-1647232
62256364
403491584
216955712
73350016
317058
4114631
80681
2944618
14116412
212619
511059
570987
3122910
1114447
263121
1745939
705241
490532
108825
681148928
20281722
124388000
1618194432
83974152
76822384
745154496
59262488
1118590464
34453692
381942144
7422893056
107433248
372680032
1527273472
1036274624
26519884
721853568
2591085
175056352
1406401152
13733488
147465312
1914896896
320088192
219739120
820441
10983883
3777
2674390
33498512
533539
2095051
12273567
6746942
1800572
600958
18021952
1576205
1134103
356235
45298676
531310624
16779320
438517696
845782400
31473012
118399968
1403462272
817617920
193894528
38285228
451829216
228726496
19492160
383323
7894120
1765492
2243646
1157622
67958256
473796384
381235392
185602832
191715184
501670
118750672
18166642
51474768
2536033536
29997826
63079728
287643200
69896168
1672021760
32962150
506470720
4005395712
61486004
156376272
793456000
356612480
65618372
722081536
9649182
126261840
751410624
21842672
204643488
480435328
240413536
170954832
541266
4170180
-2591
-90138
22541980
459952
1357466
13184083
7860923
1129213
447254
2003549
2274800
606307
102958
39598880
252449216
17405982
155154176
1874002560
37640200
158430880
485850656
330755840
83762536
43492936
372793024
183671040
159822944
589300
8104845
1286989
1312152
177334
72702008
980003392
34168996
328354208
404997216
65332000
210433024
1187902720
1200233088
152586016
64272820
804981056
511739584
385208800
1592482
22735668
3800927
3812951
664422
78414440
1308785024
383581408
225779232
74400032
2172262
62898984
102264864
945611200
14193424
99595984
2219888128
59088892
272675552
1256737408
614618496
285928896
64027464
386784960
233432992
164805360
1227522
17359632
986576
708834
649279
132579408
1204289536
332478656
253953536
41698808
804172
247816128
2781694464
1497990528
863279616
258247744
2951399
213895040
107087760
1561522688
572677568
252470768
173251632
1843163
142943760
374064576
182749136
