85941
110494
106413
100394
292444
2201490
27749
260510
303271
614251
459925
37242
893208
241832
632187
9400604
139155
788713
4114658
270015
10507301
438055
1314818
68062
73743
63221
185847
1467811
16746
62542
69182
219007
1174683
27124
711928
106321
174774
340116
9050832
38337
73554
272713
3447609
15080
97590
6797412
37305
26919
339029
26720
294289
1003612
3077592
12035619
573343
247422
656424
9499838
142095
176497
655336
2961279
243875
216385
262741
3518153
156195
101083
50923
115365
30806
96986
191724
337842
1141369
609274
14219289
93507
31167948
267524
3842757
11081181
242630
1099910
3111961
42741
40418
134942
723262
15814
621393
79252
109756
237843
6506447
29355
45123
171023
2163778
10066
64639
4557857
34085
20216
322512
16887
299926
65333
74123
186408
4368078
30011
55498
181500
1441838
17438
74673
3654736
43605
17811
347737
26772
1672465
1054359
5593510
28582080
1012359
176055
331250
8822726
44825
95561
564927
17814332
43139
116838
31250784
170508
98742
3319936
41640
197698
1954589
18495
88432
11184131
73450
39494
481162
15384
2339421
11249
124576
1195730
42230
40452
265075
2063203
5527611
53255640
1609865
427329
6481442
46214280
6265692
678774
83985344
8406306
1202039
31196958
613824
188460
665239
15047995
87205
224383
29635856
314813
97946
4221240
102728
418722
8573806
85904
219289
7436453
236679
29605
1139342
173593
201838
9636548
102119
3826439
98610
38996
1087440
124137
167330
325139
77051
171895
73572
152497
30667
57085
221110
4040467
210597
1048276
2950345
50040888
484906
8480612
14325471
4319546
192220
44350
50384
130014
2955375
20571
32066
109426
747715
10431
45078
2327524
32270
8426
183226
15383
1009994
2428315
1353720
18615764
309235
114791
244197
6459326
26673
67114
348973
11951134
53130
78162
22824858
150678
69681
3272250
34630
122480
1196620
9071
57817
7245822
50339
34734
483299
8890
1470373
11561
78101
1083968
31269
12523
268640
1003623
2868984
1860567
12895181
523489
91378
226524
4421580
37853
57773
250532
6516868
92212
64070
14524450
153719
49956
3431406
39503
144883
1000407
16508
60497
3871248
70204
31507
305441
15823
1262283
19135
76126
1504832
44415
14780
239070
1590905
3914404
54609440
3567235
1537483
6159882
110144824
2900697
1207483
205237952
7760896
6572727
120923680
3579020
99177
577822
19829880
66534
118880
28259736
274458
91207
4043752
42513
329624
9984521
45341
206640
67422960
359236
285850
5052190
56925
10115489
43837
376083
15385621
125020
307499
5459520
65464
5757999
43948
31869
562688
20393
3143154
20563
183131
4158526
59203
114550
529213
49325
1040723
14841
84894
2178671
22984
1880692
15055466
64050344
7799842
3100723
415974848
16022231
-947776
104460480
1096518
9251804
38774108
7530367
3927325
305113216
24346836
11182694
283542752
4905013
42632788
2894407
8041820
519288064
8310425
9852529
87029984
480057
8993058
92626
234026
47106120
479797
182132
5250396
106889
10337395
126414
469804
13632308
308392
108240
4299110
153100
28716444
203634
128120
5932667
69881
2459172
73088
158615
3907045
176621
65203
910804
17331420
125277
153014
5803613
110776
127981
1383556
64749
121222
1406895
1120140
234716
474494
131046
357334
89210
75496
406813
5379105
17853220
3458310
47083148
2055402
1322011
567273
28091350
1599412
54744
142061
2834850
18583
39092
168179
4485339
23012
46768
10111029
88586
50238
1617174
24450
83667
592538
4999
37506
2755540
61522
14496
565010
17640
715712
11857
34997
862884
33682
20742
213090
534212
3908178
44625736
890610
721122
8424272
100984832
3082960
1533238
259389392
8498495
4492900
50248164
1667048
71606
572478
11716880
55362
82777
23224424
92061
128223
3153265
22258
227868
7364526
31318
123564
44879788
301607
266509
5925738
44171
7677723
43254
406246
11920584
78399
188486
4437378
41892
4528254
27586
25944
334217
9566
2388058
33558
175697
3836021
99237
53104
1553595
41654
338862
12176
105453
863078
46327
3369080
5903055
77708400
1376373
778701
7318615
182926336
5201793
3473785
250652816
5905168
6484204
85714720
3698337
70183
328162
6128468
91493
78349
15071687
105891
122333
2815050
44017
193057
4465038
47384
85009
22164540
238169
162953
6222545
56450
5466993
63862
405416
22364456
97833
108661
3096118
47457
2889400
37910
27112
692657
18188
1585640
43713
150954
6259289
93989
62724
479836
41583
268577
14256
57436
1099323
48725
3199555
10573773
269472256
9096220
5312400
583008256
16715896
14967469
460207488
2898030
6562720
35329940
4576202
11407101
1063127360
40083068
15290078
454940448
12025586
140872208
6650457
46858360
1181691776
8048410
24872678
55742616
286889
9789285
43817
231674
78642192
925784
425064
9641794
120555
10578048
141203
815643
23372794
265190
17975
4855871
116364
41204844
223730
265560
4908714
30153
24437796
204335
2156918
44910340
476541
418738
16580182
190762
9981340
69746
625059
16567936
187702
2248511
24755
206703
2923287
56289
60428
1077740
135011
2517146
43101
418097
7637978
150486
37039
1195981
311349
17582246
95975408
5529107
5733551
566891456
47339080
4367921
713872896
5317149
114561584
8252670
37538152
1113391616
9169126
21063680
135019936
4918550
100322744
17499934
11877002
144285840
9074543
134475616
10227514
204813696
1202647168
19625160
27832932
243260864
14227406
245940080
8193625
930173
560193920
17786264
175664
35623224
311552
113653
5219329
87550
20843738
345907
1410205
14935602
821453
255871
7077860
165753
8451063
113988
814595
21449076
172613
9618296
86488
847339
20426990
245130
187977
6549983
64909
1296840
68791
186949
3818066
53664
858113
5485608
220877
379515
8975972
414317
2661051
84202
1400500
227610
398784
641305
37829552
1716268
7040678
18159352
2830893
1522840
6003279
83731520
2510529
522934
108253520
6894435
3270615
65246760
844884
45288
186137
4465455
62883
59969
10821819
63118
93315
2632773
28686
154901
3452471
17069
80197
21244610
248310
201074
2301300
51698
4427395
20995
191006
8070888
102743
96829
2517006
29801
2451284
56015
17139
240735
13965
999784
30725
178195
1504112
20867
42453
516864
23216
375645
15146
94807
1234632
34188
1544686
27567772
-339528
5988964
1780021
382762240
22335058
9075340
93020560
370714
8357338
78079304
1618802
3931851
1381471232
12816683
11538924
243495792
2337206
34611664
3925573
18662876
282270848
2230814
9219908
101191456
254710
7854498
64752
231619
38616052
368289
233328
4452498
99900
6186573
63792
367742
9213560
111900
384991
3532256
78909
23725512
294535
89299
4206106
39750
14328445
133026
800441
25750140
231818
228291
6722664
130127
6036204
54598
944560
15289281
94223
1382852
18039
161601
1943926
40812
91628
440826
105930
1406102
12171
361311
4710786
128435
18763
903873
247325
2670728
37097372
112083336
4266268
3000625
234314320
12399419
7717946
187416656
4528238
6136992
116636384
1684577
3970537
1032452928
25510972
18640764
202114208
2641809
45657904
2692544
23242356
503005312
12561060
6847786
87975896
296677
4782437
61641
160793
20833196
367409
242130
4980466
133940
5887636
105112
571296
16207804
177219
311916
2728886
83174
16656381
236486
99292
5808019
52845
8876240
168896
476034
26417390
497512
211761
10509053
149139
6525894
67935
1500465
15799840
125091
1192383
25418
52997
2732646
24065
94907
546859
85179
3061330
14062
488812
5612826
89626
44908
1483698
284433
21683534
174489888
3584390
10796138
1906894720
74639384
45331656
1233171584
9067088
352349504
13967547
85190928
1803304832
22241878
33201100
363056992
6849940
551773568
52684676
15882632
275291648
11914462
288343008
19537272
55499584
5006616576
24100354
51522816
379779392
40845832
225208624
6117627
88111496
377729600
21415546
136433
35554416
207528
152691
5437600
80886
23102786
278747
2864886
25592376
713556
629561
6178963
233137
12605169
55938
1460533
14278859
244409
9965726
114767
782003
52716036
307885
159868
7958217
559269
24945772
197298
3195038
47951984
585706
768833
7972575
1659571
137667
2557715
43318
927219
3156981
137332
180842
2652203
725757
129819
6327817
679126528
64094436
2929785
246724928
6489365
235482944
29465756
154358560
2537781760
96038984
30203552
419330816
38655388
489956224
11303955
57775904
1856679552
14286510
169456784
14750016
56483832
433938944
20997488
17910072
178455552
27852084
186368016
9488661
254638368
1793357696
64951696
32924598
401783584
118567808
9650866
173860
638480
35833404
372636
590655
2175657
742154
23356772
260066
2249656
34076148
324368
317175
4819910
763637
584074
14849712
52331
819644
32689038
315351
287943
1633170
493587
1838836
14993657
331923
323403
2274548
989130
-155988
91057168
4397853
1370110
257266784
9343318
13666393
192812128
3719205
4163622
61075076
1895765
6739810
410610976
22261982
13044826
389096928
4165009
57637496
5488554
50326336
496552256
4330126
18315880
92666320
124740
3377733
74714
132048
16225487
420990
233143
6099924
160206
4235617
53464
368179
10430839
118683
210048
2922699
60925
14500406
174337
121727
2770157
47972
9689975
133112
385647
24866536
286299
196305
7324109
95399
4000217
55668
378420
13638180
153493
742503
24549
133835
1830107
15568
59599
569792
74364
2413931
28067
144319
3771642
189223
87193
781133
146530
22947736
63670748
8825354
11217725
1622763776
70296496
38883264
810134720
13036808
254081088
5872533
-14711346
703232768
17360950
8902373
276718496
6168671
304095680
20548450
16120239
155366864
1754531
270793952
6854184
192471296
2581784064
32489394
41956616
349448992
19485410
336148064
4893493
186649056
922512896
9395636
107421
28320052
400410
193044
4290208
32009
16994364
270715
1269518
53412676
450468
438239
10371602
252144
2722283
53678
514494
26962476
202823
11066338
113455
582466
23985890
229912
379251
3937772
359515
33055506
233152
4899732
32103382
398731
551075
8187513
806056
36651
744371
15928
9527
3184955
131325
188282
3533532
694077
32969
36979208
92025856
6738800
9312859
1007986368
77973272
34078440
758325056
9468307
161340576
3289348
14309014
1661796224
27575840
20558972
254041808
4023215
559019200
24916946
20264150
160915840
6718082
380901504
17754420
93004760
2720857088
17191348
67540056
541750912
22079908
223642048
8220657
72933384
1938660096
18092240
117824
16422811
332895
188074
5667255
107481
7312465
196600
744478
57311992
2173739
706609
14273352
140504
2451057
136176
1169923
23411264
270774
5808378
15256
893325
44879284
230825
308204
7082872
619198
26768840
159671
5977166
46572460
393482
533658
11223809
1155836
93144
1969525
13479
790379
2807039
79517
272889
3103310
526310
44949
8956916
1221399680
68589440
41980992
799592768
9732420
762810368
29467484
350107008
2776440832
70166784
129719048
395432352
21571276
883364864
24098192
338018816
2101586304
67735592
146217440
11405817
91991000
1710076032
35194932
83639328
523155840
54183852
1458108160
30002988
434164256
5689138688
59969096
101340792
382584480
95694720
14953690
152522
934715
18337160
312813
812700
8070781
890326
36896312
230991
4731013
70753616
1716438
567389
11970441
1429985
565865
12734730
30358
954333
29491658
223073
1818635
8942506
7460070
587440
175354
2111072
646225
345799
210436384
19179820
151855792
1617898752
49728740
81516736
275179744
55338672
2792362496
25721370
437861280
4455777280
93297328
73770176
354886272
308507776
22472364
633798144
18673726
243957904
1736757504
6177401
147376016
527553984
260015680
68044224
632977
8021863
62611
1274543
36736964
589351
945742
6557036
3066521
844261
440533
8727761
2400646
88776
1132868
17778708
100786776
14268070
6820809
1824225280
34419732
18856144
575917504
9100070
112407536
7006604
31806002
667323072
18122268
38808296
177118960
3454775
525098144
33029906
17680338
97200560
689922
231902080
21315556
87759864
1485106816
14262802
32903332
411571808
18656552
282365920
6077230
165702848
378507648
12637005
54346
15880703
395174
46773
5585805
78079
12110080
183068
607984
26825722
547555
1891003
5294217
485162
6013151
83185
915285
15410380
223979
7174821
64339
453509
14580233
134235
316494
5463370
128801
12400682
97608
2676638
21330480
364172
246090
2998294
852029
64139
1091207
19749
487560
1586052
47688
192564
1903842
708834
130262
9419886
478396320
21678568
28545804
292851456
7688522
509085184
30766726
151434112
2902014208
42200932
63414560
-87022168
19334348
479385600
11894781
108086800
900280960
125293648
228135808
9076318
32854628
904677056
43810336
43079684
197762144
64196008
524533824
30383688
337830496
4456545792
96215112
50683208
506824224
45281424
10292371
54145
1009704
35149748
267359
597016
6753832
847927
29615416
238381
3416301
87784712
2531094
839245
4135169
2584970
301362
18297334
156065
1636427
32240006
1093496
939220
29160370
6258781
441088
395184
1334254
375436
200268
5892290
1262895232
65844552
1571605
345554560
14255874
223728304
68861768
115892944
5913371648
111725952
34722612
549241216
23189860
920342272
15890317
137785136
1035344128
55074312
311979968
16884180
99384776
1207943424
28707026
19073110
222927920
77438088
231147184
32806760
271362176
4687573504
73989560
47234612
492127520
54475560
13143942
166378
1290905
70475408
723308
1051415
4880599
720542
19212954
388641
2429248
60375344
2020114
1527438
6071761
1822935
239576
11271285
145520
3380720
26614070
728929
670881
21019898
4275850
686076
172188
1977201
646019
346462
951016640
36709844
245923680
4854473728
19367444
111206152
1179622016
157745728
1316803200
89777352
678746304
8013059584
121582304
224904320
870321984
307637984
52186844
1289113600
20685120
309006880
2714317312
66804804
213162464
3609749760
608215040
144283376
822634
25830938
153822
3396038
64817968
850843
2732730
34502836
7919220
1321316
1076199
19389148
2925661
2291939
575122
92265216
785066368
19015152
167996672
3643310592
117168272
267664640
2047004160
1327702784
90974672
14986014
867502592
263151200
420795392
389150
15631382
3541623
-52030
1157992
7840546
933595200
40518260
30222392
380431552
6888348
469832704
36208444
129684184
3715855616
116100248
149466224
702519296
-4088348
431516864
12833390
165947088
676897536
37601268
195556720
10015851
144672496
375509312
34350812
33629168
247858368
39648228
1565613312
18548694
136528224
-54146116
93967008
67242352
271735968
264391808
4502732
143669
992221
13551881
269337
507981
3353504
814168
23137872
201794
1816917
51885688
337850
719526
14149699
1343101
210649
4917734
146005
1046162
24258562
160888
569608
12356310
1844
321338
21196
1976032
528018
310228
595288448
23093144
230488448
2164119808
57144860
106159632
297207968
102059224
2350130432
66667360
862755904
3340942592
146401968
124703904
557012800
187188784
23232116
651904896
28345636
298639264
801248704
56257804
88318368
2963439872
344667232
36147488
670723
7855042
166287
2880315
60626284
774729
1913117
8851140
3132209
851453
985763
13241105
2624151
593962
334367
591785728
13336235
302360032
2233879552
51999144
62186924
315233312
113242320
1253114624
59419424
1297395840
4686754304
205117120
130226208
517654656
266947744
26456506
526640064
27438412
468052256
2738225408
102824112
104676864
4321671680
135999440
68280416
560441
12549951
349702
3559950
25987716
687941
2159944
36585652
3845581
779810
1127741
7017832
2206104
633629
532078
68745312
4159267328
18494060
717324480
5118745088
149393712
469472512
3605476864
1229156096
246553888
145802528
1116036864
334033568
184019888
1804328
20758518
2002715
6112566
1800868
401277472
2250327040
237085280
530393344
189298448
2212659
394081312
22535060
180371424
2780968192
46827688
45988916
297908704
160698160
2704329728
24658218
744307328
4898297344
160284176
62729584
357192288
210592720
9356450
792491328
17462978
338678432
1254940544
50152928
151145648
537146496
395953664
66714752
698986
21162798
373504
1287205
29626182
519214
1000537
23973486
5551602
370764
647644
14363886
3312710
207915
562127
70940600
544871424
43633380
105627008
3643586304
24072632
262886816
3292664832
1031913472
163622400
84368464
1361642624
480423616
222458800
1500560
9836412
7461033
1596540
1553905
89453008
1716374784
33200284
604903552
3769734144
140403712
295367648
3253227008
2297674752
234785728
230600688
421938624
442083232
115331168
1921723
28752860
4400837
4822430
1898748
512129952
4906664448
1012790016
274670976
96354360
2943153
355932576
92996976
1330384128
31484928
66724104
3775892992
78940064
469763776
2432450816
1231246336
82448624
96069504
750511680
198642640
447919008
1433142
21063058
2981993
1937151
1469305
220515792
736630912
1308354816
372710208
169195488
1114493
257313568
1644229504
367867264
161606464
119236864
894680
842947712
127570320
1422567936
1038564736
901384576
554106112
1377506
416939584
378443232
511310752
