135086
24592
125155
14706
292444
2201490
39402
41852
1004482
2689590
584072
719476
72258
459925
76777
122879
1036139
49941
10507301
670596
2018648
24592
121085
14575
290057
2222084
42366
17440
6317
77833
1065051
5702
11834
287101
1790592
2761804
69549
13537
43916
779604
3873
97151
6797412
70962
48959
663586
41225
87280
871055
2452940
32616
332149
7858918
18523854
612980
125759
113803744
1960451
6132532
119397
957022
50936
41431
3527689
224226
43545
200885
65909
2973751
74006
533198
5055042
18815
7080
72781
1073190
2663
16831
260104
1975915
4627944
77716
13611
47332
775646
4364
99587
6999403
85045
59310
782068
6800
89304
899633
2731574
17623
5603
22371
453197
2194
25263
3413260
20700
27196
352326
10913
41711
1127737
3927027
28760
94633
6812578
14168822
166750
105235
284197760
1874429
25449570
40230
656236
4007
16305
2486333
11912
23583
308424
2361350
23841
258114
1932562
59105
83113
927640
2667704
38174
38984
3332645
300451
90062
47477
51032564
920473
8453630
2556503
7830636
185124
664505
339670592
9979728
95275536
34057648
263460
691081984
40675
2782540
81829
45840
571778
1099437
25914
102145
1890032
152294
46488
222577
2058156
12617
109709
983235
3852807
26007
5880
22191
510964
5855
24847
3476382
20640
24615
271446
12401
75262
1020499
3498453
15048
99533
7241905
16440529
218194
117531
423808992
2262289
13252658
40720
650591
5657
14281
2279421
19902
40116
377946
2397026
29648
210650
3193453
63164
6299
34317
971087
3240407
10429
16777
5445381
22535798
45363
85090
233783760
1239404
20489196
22588
371364
4831
8093
1609018
17551
16097
279195
1151572
7376
175834
1500824
11057
61950
1088027
3366694
16003
34366
4655166
15059488
97162
61946
270663424
1007672
9908855
2524891
18942042
75348
372833
1088656256
5021256
59575780
69455352
382967
563675200
15606
2118015
26134
33352
266684
914632
19861
135378
1267140
88632
104880
1100176
310706
24825
2554447
-1203680
110259
46488
50645292
633864
7095828
1544153
6883994
78116
871570
759763392
3949996
30089302
20121796
71230
676205952
290661
256380688
1465673
32069186
149134624
1235275
3525173248
204463936
1035422
26253
143383
1582258
38975
30002
815166
112223
269714
11240
37782
881487
2378006
14236
47849
5163255
28473588
128029
113923
328514272
1619225
15890291
22931
393769
4072
10736
2085064
20853
30674
220930
1111548
14403
138686
2265240
60978
57166
1046271
4387849
15176
20577
3873014
10254658
129434
160727
391436768
1838291
17381604
2351384
14504768
153801
578933
3065779712
5693343
97283136
49793104
544921
626921152
13976
2363674
15211
22673
269099
853560
15127
226371
2231606
49493
89187
475462
257340
34977
637665
3201645
14071
26373
4760938
14606854
174585
120590
191180160
1739631
4036389
1872519
11543739
60079
799839
1723846656
8076750
65785080
51274472
318642
574927744
6970
1371765
18452
18285
134673
671010
6271
147953
2069405
64344
37863
718340
221542
30358
3966067
20186978
114140
101446
162317600
2510218
5328355
1800134
9716605
31223
768154
1240792192
17877336
79869400
35395764
234316
948680192
570088
287078912
5109413
44429640
652709120
1831946
3791805696
345640480
864491
11208
100617
2193974
45865
51845
1173528
324999
209563
1423053
-45766
62902
350746
612471680
1570089
-1334362
7796214
356393
265634048
151379
231635744
2187308
29747348
206734784
1561272
4450439168
119936096
122358112
411393
2715286528
858115328
61203
620235
187844
140557
109603
827530
4072958
12988
19697
2452986
58681468
207516
232690
122751104
1419751
7580631
1670678
28426832
81999
404128
1661000064
7532066
159774928
111931664
450517
892692672
8389
1553128
13834
21176
71403
933823
18167
112360
2239320
57752
35735
1199822
350612
32051
2994110
21134742
117324
132765
250165296
2166500
8611794
1423695
4493710
15756
1181611
1079486464
6451531
93720176
55565888
21020
734232704
249125
894260224
2306688
74950888
473893184
969695
7880483328
199608560
902001
12391
154878
2131344
99908
76415
1175319
353809
82588
17526
2944503
10933688
61451
71720
101237256
693918
5968117
2533546
7576491
87698
619968
2690069504
10252128
57970132
62090432
209544
663120064
217502
516310464
1252581
25176692
353405440
2435438
6450820096
152463360
468518
9871
97784
829469
38268
92834
683126
207982
109337
1607910
3800342
85659
401676
1481301248
10471314
77807752
48379144
273643
1070944640
255442
1544228864
4727648
23385316
574547456
3147057
8254507520
362265376
204765984
1864649
3863978496
746135680
38516
445843
439541
286768
77496
221558016
3026179
39610592
239494080
326145
3215349504
123647656
147605312
670814
2270167040
73058752
529812128
160649
45209
4221989
45042132
157834
209078
158576144
523930
15888524
1897889
21165696
85218
469556
704111296
15153955
26064198
74083904
378887
480749120
496452
947030016
4135272
54314824
525919456
3030347
3193635840
279032416
629931
5754
95645
625729
74229
75922
831201
31920
204357
2171397
14340971
232649
414531
1797063552
14939360
107509648
49708444
267630
402863296
889410
1783035264
10023503
29572588
606087936
3880085
4886950400
248399904
302300672
476354
5078261760
2144879616
24188
809594
191672
261266
1295170
2660334
36299
356887
1779347712
9957538
36291440
56878552
394575
889147456
477263
338920768
4150274
24053074
444882688
3181935
7103771648
219105904
223272336
1109130
366783808
604161984
86742
602738
151812
178111
437929
994918016
9478226
17467750
378797248
3118872
5362437120
203948784
289998624
1047537
4684477952
1065446272
720929024
121437
38238348
821328
2627511808
1356903424
307302880
1015909
7333948
58503
486753
2613836544
6673773
64793728
49751280
646270
41937564
749473
967165952
3158200
21195262
653748416
1830683
2168764416
365353728
254842432
2019336
3758919424
969267072
68995
239590
199433
342575
656387
1266374656
3308672
36184848
640434752
1279568
4981892608
416301696
261380480
2325041
4296079360
1646065408
1157514624
220987
288153
490420064
6587301
44019048
572170048
1917949
2420247552
127048480
72943816
592957
1232425344
1398774912
472311616
171112
169442912
1956886
4236659200
2389476352
239745184
517004608
713219
1501221376
3620521
42185844
288527872
1824748
4580876288
306923360
284238208
2253185
4216153600
1022055808
940874304
67395
44930116
1219370
5357522432
1559663488
931262720
105708760
838268
3812316416
990970880
245989648
1357533952
220769904
2163837
5838442496
1752778240
1536278784
1036783424
584764032
904200960
