135086
24592
125155
14706
292444
2201490
55
41852
1004482
2689590
650021
1144
72258
459925
76777
122879
1036139
76
10507301
424
2581
24592
121085
14575
290057
2222084
70
17440
6317
77833
1065051
45
11834
287101
1790592
2761804
634
13149
43916
779604
100
97151
6797412
79
48959
4645
43223
87280
871055
2452940
142
332149
7858918
18523854
1146
125759
113803744
15499
101820
119397
957022
69
41431
3527689
201
43545
200885
911
2973751
422
3615
15963
18815
7080
72781
1073190
46
16831
260104
1975915
4627943
321
13306
47332
775646
60
99587
6999403
198
59310
6244
6801
89304
899633
2731573
706
5603
22371
453197
28
25263
3413260
156
27196
4102
10913
41711
1127737
3927027
499
94633
6812578
14168821
4725
105235
284197792
50468
204949
40391
662366
94
16305
2486333
272
23583
7856
2361350
-2
258114
18572
1159
86328
927640
2021181
261
38984
3332645
300453
2403
47478
51032560
28400
115023
2556503
7830637
758
664505
339670432
68820
1132957
34057644
3173
10280730
40675
2782540
390
45840
5897
1099437
170
102145
6802
152294
804
6179
30717
12617
109709
983235
3852806
421
5255
22191
510964
42
24847
3476382
423
24615
3675
11956
75262
1020499
3498453
543
99533
7241906
16440529
3704
117531
423808992
27190
390331
44155
646789
57
14281
2279421
411
40116
4288
2397026
60
210650
2793
1444
6299
34317
971087
3240405
342
16777
5445381
22535798
3705
85090
233783760
21318
377063
22588
371364
14
8093
1609018
152
16097
2399
1151572
285
175834
16997
855
61950
1088027
3366695
800
34366
4655166
15059488
4659
61946
270663424
57209
398627
2524891
18942042
636
372833
1088656512
480919
1057219
69455360
6300
15872557
14847
2141701
43
32010
8799
914632
169
135378
35902
1454
104881
12931
5224
25828
2554447
-1203680
1883
46488
50645320
26464
94909
1544153
6883995
1183
871570
759763072
99045
1114260
20121796
10301
16696594
290661
256380592
64352
1736447
149134688
25680
182564992
1801552
1035422
238
143383
18216
432
30002
7625
554
3702
9012
37782
881487
2378006
-23
47849
5163255
28473592
450
113923
328514272
21291
189417
20279
357663
52
10736
2085064
384
30674
4218
1111548
149
138686
20198
1357
69793
1132728
4491523
915
20577
3873013
10254658
8511
160727
391436736
33878
239807
2351385
14504768
1259
578933
3065779456
22416
2206854
49793096
7880
9319024
15550
2252536
343
40796
3368
853560
392
226371
52682
920
89187
16861
9898
34977
637665
3201645
277
26373
4760938
14606854
4914
120590
191180160
11266
64821
1872519
11543735
700
799839
1723846528
125880
1080344
51274472
6438
30047492
6970
1371765
477
18285
2619
671010
194
147953
14505
251
37863
10794
1812
30358
3966067
20186980
4965
101446
162317600
41387
91973
1800135
9716603
2016
768155
1240792192
504069
1358838
35395784
11401
13716313
570088
287079200
79977
425336
652709184
26097
85522888
5229632
1021959
270
104621
39440
1795
51845
12485
11700
1988
1423053
-45768
1153
350746
178659728
59886
1154633
7796218
4003
13025940
151380
231635664
20600
235031
206734736
21096
66091816
1868670
122358128
12622
55307896
18217294
61203
9398
4581
1628
41840
674622
1481978
800
19698
2452986
58681468
3966
232690
122751080
42024
119897
1670678
28426832
1368
404128
1661000320
337704
1932496
111931672
12988
19389816
6691
1225767
246
37551
3228
933823
220
112360
49982
744
35735
12457
10659
28224
4979335
22644966
3168
86213
338348000
31712
211777
1423695
4493710
3315
1181611
1079486464
453269
1828626
55565892
5624
16486691
249125
894259968
188413
666004
473893184
75873
107608744
6700991
751737
140
106833
10949
2899
76415
7183
6554
3251
17526
2944503
10933690
3002
71720
101237304
23285
60050
2533546
7576489
3150
619968
2690069760
339624
2562013
62090424
6777
20805826
217502
516310464
137587
347905
353405344
69108
116105912
1084667
468518
156
97784
14052
574
92834
8364
8676
2698
1607910
3800339
1706
401677
1481301248
658344
861471
48379152
13029
19598426
255443
1544228736
286581
632181
574547456
69159
66583248
9447170
204765984
24440
68501520
25380516
34044
11803
3862
6474
77496
221558048
98973
191160
239494032
24897
57695824
1755034
147605328
43700
68969816
27621890
17305000
1133
7521
5077415
36033960
4323
44655
154299888
61691
549986
1897889
692935
2552
469556
704111296
104529
1553183
74083904
10397
32002994
426316
-91077664
50621
667941
231178784
86241
127228416
14481375
558233
286
92913
38130
1219
25486
9602
2090
5137
2636326
16105469
1328
907689
2895974912
522276
2210958
25530236
1246
23352400
168238
1783035264
107410
1316495
606088128
96441
135202048
3248874
73701992
33424
76898264
54837596
82665
19607
7023
1636
1295170
4636680
509
356887
1779347712
149106
2558800
57039272
2909
21122554
436918
338920768
143075
761116
444882656
49290
98957456
1266172
267358096
42284
62948644
21627548
42976
19337
1092
3053
287174
994917888
268020
141350
378797216
22530
54803416
2361656
96985912
17076
105949848
23573174
1771313
2628
38238360
46115
41967384
13149858
992540
1055253
9332248
554
412704
2043326080
107919
963681
74381632
11260
30282924
586175
906701632
115979
300053
351612288
36708
230699760
4569394
118511656
20578
57615204
50279272
56335
33898
5736
7770
311162
826217472
20699
1966272
394167360
27203
209737056
3516557
317926944
46232
158615472
21612820
13570649
4129
187251
694235840
271507
616367
306690016
92745
50004288
2821688
105972712
34707
53348112
19283442
13788134
2058
231991712
57274
46012816
31348752
21850468
5327564
487333
1219509632
88456
1288399
241634976
76881
59419884
8138488
284238144
13061
27796656
36032540
10359234
5155
400152320
104535
59927100
53205648
18395026
150870144
28315
49326864
14639032
16286078
32037700
542038464
58062
155628128
36672248
39718984
16485250
14805121
3083841
