85941
24592
125155
39458
292444
2201490
135791
96941
1004482
2689590
650021
1258345
186594
459925
76777
319336
2634390
191056
10507301
1383339
4588626
17879
74806
27571
185847
1467811
88524
17440
17086
77833
1065051
28796
25722
287101
1790592
2761804
127920
35285
119473
2088260
43432
97151
6797412
305393
48959
2405711
104387
204320
2110099
6332940
100898
332149
7858918
18523854
1118753
125759
113803744
3770624
8937221
312673
2428318
190168
107822
3527689
463574
86258
200885
92943
7622359
328672
3039205
11498847
15672
13864
52485
774931
18703
21507
161563
1252153
3393283
78807
25145
88062
1423770
33826
63623
4557857
195714
35736
1575379
19327
89304
899633
2731574
33997
14515
60777
1250816
22195
25263
3413260
93729
27196
1316136
24236
110309
2347045
4161767
33240
94633
6812578
14168828
396557
105235
284197824
3211095
15508382
106674
1748029
37149
39961
6959774
155900
43258
2480386
2361350
101763
258114
7583154
117061
200859
2262709
3045576
113000
82271
9078637
2608406
290145
48305
132777936
5719392
42256096
2556503
7830637
385191
664505
339670464
14582419
112415784
34057648
463927
843793344
104272
6914195
339135
96234
2659946
2640819
112508
102145
4244550
320487
166197
419007
8796625
17045
76792
687017
2693880
15517
11532
43141
910628
19709
18160
2497856
71678
17135
994598
17974
136692
1779923
5333702
46194
56369
4766930
15051347
197484
122397
224666544
2390964
17258412
78009
1185158
26469
30279
4431181
112627
50004
1905513
1573663
75769
137821
5802372
66879
15890
108768
1986893
4254469
39721
16777
5445381
22535798
108262
85090
233783744
651324
14082575
50730
944314
19667
20250
3984892
88865
32033
1813673
1151572
30397
175834
4355208
10494
136159
1775642
4394448
46918
60863
9055393
60618124
285740
135887
461596800
3081899
29850812
2524891
18942040
126780
372833
1088656256
15271118
94594824
69455384
412656
1084606080
38524
5300900
148204
71189
1974169
2344342
102005
289763
9604483
199358
104880
2502188
505392
77493
6097742
10792371
328927
45027
93311568
2723396
42169864
2525337
24713544
127001
1205011
1162560384
10580347
125337120
62553736
262007
1571135872
290661
256380640
1950528
54542944
149134624
1477613
3944428544
227452048
2466271
132230
251883
7618793
136790
106273
3547982
211676
625864
13025
129523
1151396
4718669
33898
34761
2755428
19361190
106891
109040
200095888
1933438
5581628
40118
656344
14908
19003
3011585
78370
32086
978614
830841
21425
81625
3324134
40878
60639
1273391
6371584
73493
67826
10030009
22268186
517095
192491
406951616
3232748
32134400
1844298
8504813
116612
384746
2245197824
8303405
101898928
30306410
352330
671283712
27612
3719847
106686
64361
1440643
1665680
63325
281821
5982114
123157
73677
1871074
348099
29314
1111447
5523920
26677
50365
13871982
45050968
300782
211143
534116448
5532449
29287592
1872519
11543735
116363
799839
1723846528
14918464
85758120
51274472
383897
824602624
17976
3455188
94880
30990
1191781
1810777
38342
232745
6839067
76241
37864
1923909
495157
67747
7138160
38324272
138323
175599
380544928
6474082
23544412
2619605
23664974
140458
1105651
5114359808
52149208
236685584
42313332
903382
2786933248
570088
287079360
10298467
36798144
652709184
3395019
7107668992
323505792
2038390
64196
213152
7150411
117571
140858
4574975
1194546
371441
3069560
5745910
151160
829260
983792064
19187810
143036640
72110616
845119
1995510144
452590
218741568
15042682
90192824
378672352
4333782
5944841216
267792896
122358160
661847
2766939648
1446858496
127700
3238156
616578
283595
73090
904066
4354503
43457
48399
3239476
68837608
264116
239227
108809216
1808936
25614236
912569
14940003
118918
297758
759684992
8257014
59368820
53600792
245240
980254784
12740
2378386
70588
26643
723562
1232789
33952
208319
4757907
71568
41461
1220570
266287
39477
6328278
26983134
209107
158359
327311232
1952733
26514056
2095172
9075575
82587
1261160
989383168
19973884
208388176
71166640
725901
1892247936
193705
713724672
4717941
87771944
237418720
2045653
10428262400
271775168
1339374
25476
128078
5101596
84721
84296
1510486
547214
211461
17302
5500814
25029080
418031
136150
285812960
2649972
16446096
2304139
37350284
184105
802419
3707063808
16772250
243010144
158303472
717055
1693333248
217502
516310464
4537958
44975132
353405472
3068392
5623344640
233955408
1100059
32969
199693
4802111
45707
182066
3056213
505378
218096
3183469
8703859
144298
879573
2289867776
17463648
170795024
95774944
384187
1818606848
1430292
1936645376
13729698
45749508
716337920
13613033
29045694464
599211904
204765984
1933397
2460847104
1965430016
114713
3193174
1155725
393668
63573
480758048
4645075
86707936
425221184
2024670
6812101632
207599808
255262608
971512
2355647488
1533474048
776894464
309263
20660
7264097
40330024
149778
106821
71757440
2558075
14244100
2986625
35710052
126428
484413
1560607872
22211076
119470896
40018084
402730
1141775616
430377
655550976
3627747
41341804
178747440
1653310
3598760448
210807984
874462
44487
99003
3260788
125017
57744
1852428
929981
211313
4065255
14629223
185216
999800
5509664768
37387644
204214704
75932232
1158070
1738534272
515152
2253415680
6018567
42813548
1012691712
4007979
14744621056
488123200
108356272
1363548
3346249984
2713948416
69743
2860810
258569
482114
3598045
22665724
132058
591829
2722179840
8809376
155394400
104759576
751598
2407933696
861043
1459676416
7610839
111714336
903505920
8606509
26374979584
1233988864
127365104
1827116
3923891456
2373616384
162174
3179332
864026
248657
818414
1752712320
24173012
98086240
1067602496
5111885
27685724160
411522880
549958528
4607975
8124936192
2432872960
1308236544
484211
157811584
964063
5701427712
4122957824
1377186432
1838807
8814115
45182
574206
1528089088
11319346
356323200
115499664
419681
617159296
240452
457594688
9006995
77458112
411255168
288725
7826817536
518587776
275119168
1031010
3950258176
1167572992
71040
1014611
415328
43888
572192
1417389568
20634520
59291400
641267648
-251804
5324791296
658794880
146823872
1328754
5177632768
2592733696
599828608
275020
381589
993807168
8618149
107748288
652259328
4852077
20920305664
654639808
238558544
2785480
6065550848
6327638016
1070273792
450826
446446976
2117159
7477473280
5490275840
2098778368
919727488
600284
1515070976
7194166
15572014
401455200
7747065
13385736192
470589056
406269280
3467836
5227262976
4358266880
1280387712
402564
332822080
3432235
6121475072
2793351680
2336347136
244996208
1782658
4465692160
6404253696
1156142464
2985421824
273513280
1560519
5512463360
1213779072
1806045056
821459456
3027320320
767247424
