1588329
41852
1004482
2689590
584072
1258345
1828
72258
459925
76777
284757
4072271
34988516
2627503
122879
1036139
74649
10507301
1383339
4588626
53844
241142
3663448
28640376
10340099
1754058
41225
87280
871055
2452940
41935
332149
7858918
18523854
1118753
125759
113803712
3770624
3812946
4113
85694
488281
45703
268002
119397
957022
74664
1365412
41431
3527689
463574
672478
43545
200885
92943
779078
15325083
311624
106870080
4152222
38554444
2973751
122714
1171992
11498847
46052
441487
3431258
23262738
199763
230021
678030
18969872
12122358
460057
1233485
120390640
71937056
5466249
1311137
1540356096
51087196
155609744
83113
927640
2667705
55835
38984
3332645
300453
167129
47478
51032548
1115507
21390132
2556504
7830637
385191
664505
339670464
14582419
112415800
34057648
463927
843793280
2888
92978
1003311
36501
31748
2618663
220411
84558
1103815
724926
13284651
280578
40675
2782540
144049
45840
1040762
264424
36200060
1557698
1099437
46718
102145
4244550
499307
2469460
1300961
152294
71570
419007
49697148
964071
18171318
115035352
3392243
55691
473872
9290666
32223076
419360
273508
32394302
264518768
2016067
1467855
2112747392
22557052
39536048
725589
15639099
7792488
361676
331393
56905756
37752428
1964304
1231593
2521406976
22229500
18963988
55480804
130708096
1898291
5513518
16755788800
262644960
517788704
494776384
2204633
15545518080
24825
2554447
-1203676
194022
46487
50645292
1442650
19908472
1544153
6883995
56667
871570
759763392
5776946
86223184
20121796
93122
766998656
290661
256380640
1950528
54542944
149134624
1477613
3944428544
227452048
74171
303284
40717
23660
2489652
83115
101219
3606955
2389435
173783
579690
9159720
608555
235557
43880052
1050401
517717
15571049
1035422
46853
143383
2804894
84322
17095802
440912
808724
44289620
30002
1282206
211677
2110681
843134
5335740
310965
64427984
534511
2981591
46194736
222303
333468
34036492
241706288
1500164
964108
2185325312
23747750
123857440
9747584
76194864
663124
4884617
17070163968
70826600
1343713280
500068480
3469147
11235973120
442854
66546132
169795200
1667705
861990
1133222912
37374484
105112664
24033584
29084328
678964
3936771
17110358016
201461520
875839872
226559648
3297679
10361061376
2724965
11113962496
77504216
680157696
3333536512
16272194
91601010688
2366337536
1423053
-45768
96579
350745
612471744
3210247
50480200
7796218
333341
758905280
151380
231635664
5898696
27384952
206734720
1686204
6578307072
189387344
122358128
661847
2766938880
1446858496
19748
1662156
322293
174898
1900162
546445
315887
923339
32060636
970330
625163
7588627
8655413
16225646
391544
1412888
58575452
853692
61203
1042939
255929
1186044
29449764
1352680
116801
5119241
175304
30834428
244457312
1124450
1225577
1997468032
12065054
129322256
17457260
107409776
1082181
5188674
9183116288
160446368
1060100608
637149056
6279334
11044642816
1449382
5826630144
32781436
259270880
3517186816
36578580
99595485184
7520268288
22101156
51960836
1165305
2952935
10034392064
182572448
600615680
471352832
2659496
3222766592
1772436
9066950656
93768448
950462848
3845934080
25111670
89197699072
1736362880
1671706752
22736742
34881933312
19603441664
77496
221558096
4276414
41309232
239494048
1127061
5822543872
170754048
147605328
621272
1938906624
747071744
776894208
2314802
144107
635995
11999567
694940
159642
2666083
4276986
2718484
494442
29485986
3231546
266931
729108
6401455
72348152
638129
5400203
7550526976
204777920
1085130880
399881536
3756859
16889303040
1472025
4122916608
49671772
728641664
4529680896
33133116
60563304448
2671435776
2094894208
13836839
19550967808
23114366976
3676587
7695160320
156816752
476329888
3246072320
36322608
146044321792
2789972224
1808606848
11494135
93810630656
15316617216
9934305280
38238316
550592
5001469440
1796509568
517028192
180476
7140115
3326744
2086620
1656830
6034430
2217015040
70683888
458512000
2939215872
13607997
41706930176
4022453504
2133248512
12083748
70588211200
9129354240
13506189312
1515594624
18751600
51408519168
17937793024
5925953536
682206912
3104472
1720198784
6051099
35533312000
33025548288
9926810624
11232081920
12894599168
