7753
41852
1004482
2689590
584072
1144
135
72258
459925
76777
4251
24838
766855
29
122879
1036139
76
10507301
424
2581
1058
7573
32434
872832
1105026
151
41225
87280
871055
2452940
142
332149
7858918
18523852
1146
125759
113803712
15499
164497
530
2839
43332
34
3957
119397
957022
69
8184
41431
3527689
201
16580
43545
200885
911
14666
532006
52
2632746
210
4808
2973751
422
3615
15963
4133
25961
64172
1574309
588
7002
25578
822900
1167006
407
11079
3969532
8934602
762
53632
230394976
30870
92685
83113
927640
2667705
261
38984
3332645
300453
2403
47478
51032560
28400
115023
2556504
7830637
758
664505
339670592
68820
1132957
34057648
3174
10280730
562
3396
35352
35
947
175253
201
6260
2288
12323
432952
41
40675
2782540
390
45840
5897
5434
895993
134
1099437
170
102145
6802
11783
51072
589
152294
804
6179
1879894
340
5793
13083
30717
4091
33364
163882
2771403
470
7757
1846271
17357386
1560
53076
135358144
11574
165232
24617
728230
819592
235
8453
4599351
9909889
2424
82727
152605088
44784
43390
3045457
6160700
624
210593
994090176
185821
400238
19408362
4866
7144202
24826
2554447
-1203676
1884
46487
50645320
26464
94909
1544153
6883995
1183
871570
759763392
99045
1114260
20121786
10301
16696597
290661
256380640
64352
1736447
149134624
25680
182565024
1801552
2698
27245
44
620
234915
279
2373
5046
28487
119
71294
21584
522
4286
1621557
237
14137
6480
1035422
238
143383
18216
432
642323
80
28610
10120
30002
7625
553
63281
488
176
3701
39079
12454
231970
3003557
436
13794
564885
19858230
1998
38858
148222320
31862
124358
456954
8656385
432
564015
939618048
96135
992807
72747272
9929
5174606
5729
2031954
5953481
1996
51513
162132576
22420
104727
1386172
2302263
553
79985
1830819584
167112
746325
11467474
3338
17950134
87328
1235692416
152947
495819
118642600
18554
29688902
1896074
1423053
-45766
1154
350746
612471616
59886
1154633
7796214
4004
13025943
151380
231635632
20600
235031
206734736
21096
66091816
1868670
122358152
12622
55307896
18217292
1522
366319
75
10875
4293
108439
186
49713
18782
815
17641
10896
2359
581357
122
44679
34499
551
61203
9398
4581
23178
9849
2424
1628
1952
5160
1501829
19167320
2211
47932
165343952
15504
126283
1293930
6050743
1031
110492
767149760
183396
875478
33774944
2625
5295578
73633
317450944
42697
436879
205458272
17108
28070544
1688978
971971
3178947
673
348243
879867904
174729
619329
22845666
2319
9128141
102235
491639200
60092
228902
157088624
19308
73028688
595104
45510760
14146
30274624
9329496
77496
221558016
98974
191160
239494144
24897
57695796
1755034
147605312
43700
68969800
27621890
17304994
54483
122
28901
32412
373
9283
5954
2271
1833
36508
21252
5298
1132
1713
839804
11488370
610
170102
869628416
50619
861570
27757602
4291
2532603
196204
525738656
14164
870350
334527008
33177
227995872
1330029
78649152
13223
7706446
16546434
105113
262863616
71096
668613
118234712
6051
264663216
1559344
89428112
12053
47971044
8648001
6486679
38238364
40454
41967384
13149858
14421591
29786
7781
3555
2050
1297
160047
553088704
9624
202784
195903360
15420
24738308
2929743
64702824
6750
40094820
39670600
7182318
59538888
9010
83006992
48448220
14234863
-2249864
4408
120946032
5743
58018588
12123093
14155845
8970813
6602248
