1588329
96941
1004482
2689590
1297030
1258345
1828
186594
459925
76777
736981
4072271
34988516
2627503
319336
2634390
191056
10507301
1383339
4588626
53844
528598
3663448
28640376
23156964
1754058
96405
204320
2110099
7928727
100898
332149
7858918
27332206
1118753
125759
109445056
3770624
15980340
9881
85694
488281
45703
681976
312673
2428318
190168
1365412
107822
3527689
463574
672478
86258
200885
92943
1977366
39346576
800070
106870080
4152222
38554444
7622359
328672
3039205
11498847
125110
441486
3431258
51373156
199763
466121
1648255
46423416
38925300
883491
1233485
120390640
149205248
5466249
1311137
2261443840
51087196
185276000
214471
2262709
8503553
113000
82271
9078637
11491852
290145
48306
581580800
5719392
30708164
2556504
6373557
385191
664505
202043840
14582419
193780864
59379224
463927
695752832
4634
161448
2311062
81169
31748
2618663
220410
84558
1103815
1837963
32356516
730650
104272
6914195
339135
96234
2659946
662463
36200060
1557698
2640819
112508
102145
4244550
1043365
2469460
1300961
320487
166197
419007
122435032
2455815
45096592
115035352
8796625
96663
928205
10735352
71676096
465839
273508
32394302
713604352
2016067
1467855
2347457536
22557048
297474496
1679894
37327296
59024708
1058052
842809
169564976
677672704
1740333
2027651
6306605568
60319696
284994816
55480812
129049760
1898291
5513518
32694503424
262644960
1245180288
93552160
2204633
28121456640
59180
6097742
18642666
328927
45027
615512256
2723396
24327712
2525337
27328444
127001
1205011
2089406720
10580347
160812144
127669984
262007
2503134208
290661
506526496
1950528
77200344
348339456
1477613
7936556544
361635968
129773
796084
53272
3714
9282726
485155
205554
9699438
2389435
173784
579691
9159720
608555
593912
104598352
2409431
848200
36892980
2466271
132230
251883
7618793
136790
45369584
950596
808724
44289620
106273
3547982
211677
4675489
1868574
5335739
625864
155734832
474431
5196979
92711920
428034
445895
69856944
180596672
1859299
1080736
6955323392
33832768
253416384
9747586
99655920
663124
4884617
25520500736
70826592
1667036160
623650176
3469146
22063310848
784312
122922912
668234304
5618034
2206528
7880332288
105147760
298497632
58316352
286214336
2157607
11676884
52308553728
638056832
4921492480
407193088
9789225
49911902208
2724965
16243859456
77504192
1002786816
2862103040
16272191
162894544896
3746466560
3069560
11677574
151160
829260
2010717056
19187812
-23122448
119028840
845119
2086484608
452590
566154368
15042682
169424976
403709952
4333780
10853558272
431164256
251239232
661848
3551810816
1605667328
61025
5151299
475519
361308
4985449
-247650
441796
1931826
37324036
1513509
625162
7588629
8655412
41079640
874447
3311509
148478240
1770864
127700
3238156
616578
2101361
65673444
1352680
283595
12424042
138483
52062012
322736704
3769710
1227291
5969790976
33416116
225605488
28375568
63241184
1865693
10282783
21092976640
116076144
798289344
3184228864
14415872
7044988928
1449381
9598461952
32781458
399218304
4716975616
36578576
82547458048
8003840000
50263536
216798896
2509391
12479831
53783617536
391193792
1975264256
950923584
8472392
40525418496
8878034
13529179136
127676584
1514092288
7120739328
116191664
280910954496
12250352640
3026428416
22736740
72945262592
36271931392
63573
179963616
4645076
161205792
164651776
2024670
10943041536
309937344
310500288
971512
7763024896
3317865472
1151495168
4064907
365328
1442806
34016148
1879443
463722
9631534
8661960
2718485
1643394
79380744
7192264
309263
4225405
13761004
63001204
294148
3633932
37032120320
260281520
1559703296
1792699520
11495204
26130130944
3475594
25534584832
149394336
1445292544
15061547008
35968024
234632708096
11333083136
4539696640
13836842
21547636736
47270719488
5865977
51062874112
282237856
1598748800
14732670976
72854640
360665350144
6207456768
8589083136
33914788
185334464512
74611793920
8017840128
293226688
964063
7533855744
3787746816
2230475776
347561
7689078
10216847
3104872
2721154
3227477
9188571136
50709300
1666997760
4121389824
38162388
311894573056
7010298880
6078830592
20715204
96552263680
33469083648
22689701888
6749363200
29504184
145700536320
75094245376
25692762112
2033095424
4771397
5015001600
16528737
171405295616
69429460992
36874989568
10652251136
22062542848
