1275548
2762767
1
459925
459925
1
90852
15807
2315
4072271
166781
2643788
4072271
357399
401401
80377
1383339
79304
242577
36447
6435
5377105
4996333
6449743
10727902
709956
2645203
459925
459925
1368658
23624
469847
1377535
27481
81755
90852
15807
234185
133156
20493
56442
31629
2091
33899
17029
11854
9916
11714
1590
818158
4182705
12214872
12397190
412083
979300
1170428
795968
1605399
5720814
84439
3261210
91679
2086810
1429411
21336
1370911
2233853
16080632
4637825
4585151
1322099072
422042240
18952034
117264160
2287823
5907771
10285794
21756880
3093720
1627144832
1168455552
749148480
3834594
3300135
1381020
211531071488
26750
465518
1377533
29391
81982
310216
1453566
1307
515622
1793378
33597
931104
47957
358534
272386
5290
1877801
1108425
938808
8650
14155
216710
125700
21536
1436098304
42838
26757
2264
467235
288767
108369
8990
2484730
2219560
312728
130564
53066
13247
637
2880669
463666
929394
12021994
238473
5401824
49627
3891613
7834032
85521
4962267
8309
786746
111241
100500
4821507
8120
483020
74536808
23029004
1219501
15282950
140193632
44283880
44439692
46735076
8840562
16957600
46061152
41042212
196638
26182952
12004148
4924874
7756348
7351664
2726526
4832090
2628407
-1896788
2672625
10939188
9155371008
3968180224
44418376
1660278400
22384644
900770304
900166528
9398390
187845504
556283920384
6140205056
15219435520
2865745664
711582784
6303681536
1122553856
12410490
1805425920
226020208
6200497
7304925
4697595
4432545
20652294
14070241280
12150521856
2510642432
45515992
17632776
2631772928
1478382976
2156705024
5934970
11931518976
13058758656
3462484736
286013632
7786863616
5095873024
1001601216
2408635392
2307702
1745102
644735238144
334852
1466907
662115450880
40748624
218522779648
39680253952
8855
6937993
36657
1105096
49110
489118
277160
4386
6242469
1439584
10981
10342
125139
34235420
14949156
549734
10961802
230066
4140981
1715275
57456
772845
23778002
25316598
7553801
8574448
3955135
68857
2525878
676136
41085
25267
41819720
21005688
17636664
291561
34470
4670324
1458384
2417077
5503
35436200
23307892
4261183
19845416
5076426
1166807
1864826
8437
14245
505347
237814
14264157184
71591
4112296960
9704
7073799
2141068
51876008
30029742080
7831885824
159676
60465
20095
2413
1527679
1696815
3146255
69146
54783984
22139772
7778057
32650
35358968
13312178
3695593
8832706
6113766
1424510
3701236
8070242
7115637
608364
28690
26403284
5741971
10373797
10006
18157912
12763468
3059814
1829592
1818237
1519847
18936428
8152947
4238433
92961632
36417364
77818200
39703080
40330056
460523
25149960
33740528
22471548
16442413
56866840
28380560
21968040
23333578
223925
11459838
16622716
5243705
5636531
6048594
376233376
781964800
145225040
270425664
69968600
111962736
885820672
216911632
78302896
48705852
250843056
58571572
20503684
81808056
40787788
978153439232
13945948
19278112
12896209
9344097280
5071345152
30152532
1231087104
12115218
9777600512
7227268608
174236176
1249417984
2222952808448
49303814144
51694739456
15643835392
2848685312
27738767360
6092766208
76190696
12295737344
2285222912
42339816
773523243008
18169214976
5039908352
3276607744
894541696
6243826176
1231844352
20220736
1821614592
319165696
2424326586368
3242645520384
682749526016
5709270016
90220503040
20373260288
11832153088
17584961536
1554562048
710987648
1287739904
1673194880
3847656192
6270582784
679684032
8150110
845319744
1494773120
298909856
2355781959680
4847549022208
9513080
8156739
6947102
2222993664
4008876800
4005829632
7953027
14505006
16756326400
16656963584
4698658304
17345730
70245302272
92035317760
38984589312
6538232832
39771549696
32500424704
4845710336
11232850944
23027424
17581256
29515915264
13671527424
5243848704
873065536
7198479360
6682372608
1023476352
2790643200
6081497
5062519808
180936491008
61392150528
2743329792
42221690880
7267883008
1620045312
1765616384
1058845504
3914032128
20202493952
2859559680
571062464
3741934592
1536431360
4529601
4024186175488
2001016717312
2301321728
642033319936
131061374976
110491
32408378
999864
10260583
179896
1543212416
673700315136
136218894336
112
603680640
124765392
26216777728
45387784192
6602004480
2128027
35867
576607
31998610
7030579
48570
1985955
168243
43878
50728
6248970
14647576
90969
73184
3286649
1076601
5265
18894488
8124083
2672173
3065258
3981
8040
42975004
31022184
219160
16844340
365788288
343340864
68554672
215859872
26386848
824235
22617926
10324206
283657
35183956
34073328
9435365
4409581
7074455
34777
890733
637492
88009184
38525712
6547751
41173084
2725223
-530998
18225086
735106
50121
-996888
2540000
1161297
5032245760
68895848
10833704
41431132
120618
252000512
309951296
87217808
70258704
57578296
12164326
52120200
119653
64575
33396888
36307680
7149547
12826301
3543219
2469817
3384155
5408
70513544
17845932
19541750
33094048
16000119
10709095
8058564
2605996
940489
4051018
911933
5611
8758473728
202899
43311464448
135670
31224482
25848894
24735617024
81673297920
43556880384
63871
18057156
6177672
1636393216
-3428441600
26016385024
5704982
2979225
7086502
27214156
386762014720
198149931008
156669181952
108569
12532
23517698
13777027
8325
22644636
6281525
1798018
871252
7644995
758989
314807488
206180864
54330036
63357200
52598680
17515424
742976000
56926928
55770028
25737244
9882370
5857918
274747296
45440272
21078868
74765504
10167066
7872249
45041980
88959
81046512
122140488
48847476
39839236
21646722
19656414
163803392
76646880
15678114
14954081
7764729
11424826
121664736
71477872
66502512
16876056
3425483
5448107
13944191
907703936
599164416
85802128
597456384
254667760
326010976
395992960
108520208
100179872
-7282064
169899200
120643480
77745248
79978464
38244860
1927753984
407131264
997655680
291802624
182305088
473518144
16857612419072
232936734720
10299292778496
1376759578624
16781920
8376819712
40015900
880139200
7553576
8327528960
3518589952
102558152
803400448
2313762111488
73520168960
22964701184
2494129664
10803274752
2595980288
48360892
2829011968
1278334208
13477809
4905390047232
70798524416
106863132672
54656405504
5487758336
61071917056
18464024576
48880568
13398692864
2652814336
4183986012160
9766950666240
1642586308608
9048682496
330284040192
160032882688
56382808064
70411993088
25426673664
12985587712
12073593856
19672367104
64067219456
16916260864
63477416
10836457472
11910639616
1228840320
5055028658176
1687877058560
2568775270400
461894549504
13586733056
81307189248
20387366912
13025097728
8122930176
1354384640
617961408
4169839104
840288448
8232378368
15907681280
2918575872
11225296
2637772288
1215372544
986355072
616915664896
1783014883328
2415829450752
2375628357632
3102679236608
380717367296
5933212672
37390737408
14114953216
82917253120
140070813696
31985430528
1213996800
17425600512
17324941312
2900067584
2121169280
1939844736
1521896832
2451087360
38520752
3780926976
7369038848
11068336128
737773440
252000944128
9710717632512
2549675982848
56725050753024
726668804096
13227641536512
10286557822976
7607748
3398977536
3760277504
20632586
13807291
12967318528
4812674560
1030486528
11191765
52190625792
21791666176
11489167360
45366218752
10706792448
5722986496
6708411904
15009736
4668064
157108109312
128570949632
37116481536
10189035520
40060014592
18676391936
8190990336
18104614912
17567112
28823033856
-24237113344
72712364032
146108874752
73183895552
8572954624
27664177152
12569225216
28133971968
100399308800
14944172032
18403577856
15194823680
4545578496
21268146
52328841347072
6855803904
7445963776
29254967296
-4368978432
25817292800
5325303808
862011264
6326391808
2122646656
13944174592
29462710272
4261138176
1186513408
1667517696
1984553216
2610848
4918989312
39904858112
21188460544
100908351488
194198405120
28264099840
18066274304
38821912576
22157451264
589682624
5621304320
3317214976
4031767552
2785372928
1519232768
11388128256
6841828864
18482661376
2080126208
25881853952
22021960368128
6230173024256
23250646073344
2214031785984
595175079936
105545472
22685089792
3002853120
117552734208
174565359616
34845929472
83349792
640643
1201569
104344120
37523776
970121
65919192
2885368
203281
758460579840
11419150336
11060059136
93025009664
210918981632
39168086016
1654127104
286221729792
1778106368
564612235264
729942400
23346388992
8417712640
8435971072
6191029248
24906798
7624226
34986
2438449
786760
6551861
15706708
6556136
63307
6289052
3097121
687627
906657792
49648888
40507264
59357
128806168
56386344
16780712
35364464
71750
33971
24266964
13197152
2221012
3487926
2656
13270379
19603556
2149728
1587470
1407689
6462955
3806
6592936960
678354816
272767904
186235456
358799616
181557424
706371
87927600
12378345
501802272
1086812800
198657264
895749568
58708664
73423960
102085872
68862720
877099
39713072
55040584
6190659
18462797824
123645168
14629736
24736010
63469616
9335273
12408401
1444852
1012071
40107
2233527
2662984
832956
238522464
303982208
42571172
8251572
51073568
68875144
5140786
11216510
8886127
26018794
2155181
90917265408
11302952960
4668005888
405619136
114053784
54176800
179341792
102511696
23621152
117509632
75282
1862424832
271644608
248146784
424121344
11485583
145428496
143933200
20632068
19365812
31807454
2506291
80857
28243548160
141894704
99377096
14093186
23391892
17436190
12391165
19991552
4257479
2169422
4286376
3491266
10589
186499888
240219216
59860220
10148042
17112588
30169746
6146169
9246962
23461024
38728008
3292783
564901824
30237607936
15594789888
556838
603405440
357687968
41304768512
404772192256
214530801664
14229152
17098314
503240320
373062912
15060009222144
12848625664
494701084672
53080972
18378642
3551186432
311737568
11589148672
2495175196672
270879309824
36653720
1432075894784
1349528064
24341239808
98307
66414528
68959824
31758968
12112775
174495712
21151268
13104011
121735856
17654030
183595808
151006336
70517856
1855522560
715822976
542797696
479209664
166620496
82435016
683066112
366030720
88684600
38653096
489877888
122093056
70582792
101183328
91426112
1364482048
974862080
224458384
247119072
182682208
115672368
715543104
44055080
92305120
12077352
546980032
51357948
3968251648
320858720
1563203328
875571712
525196800
640794112
2119238016
2684404488994816
1772969000960
71901359636480
17937071079424
57020640133120
1101879161389056
1744292806656
6414318698496
16051498647552
1607056752640
7606526976
84125528
883291392
2313762635776
30816786432
10081906688
63635760
-362128384
1395868928
12173606
1420748914688
51457318912
38595829760
3603291648
10828427264
6055400448
49093880
4245996544
1072400128
17188329095168
6431851937792
1228552536064
205522632704
118496739328
24516001792
44302249984
14033989632
15600548864
57942396928
5345927168
56762520
3949553152
5520734208
1379366400
7129540329472
40814491205632
11455916146688
2481282088960
45525573632
334012940288
356732502016
38380023808
232071266304
21792428032
17269368832
8788092928
10880243712
48557768704
23161475072
176962880
14437348352
3328675840
2173289472
9658600259584
83699634798592
1175661707264
9721450856448
28716730155008
4738305228800
108814352384
59255382016
278728572928
528738615296
116875337728
22375383040
71571685376
180687470592
-2037616640
21336711168
30498750464
4628240384
27642259456
47691112448
88142774272
2133505536
63902645747712
94762396811264
39624692989952
1899889950720
18140918448128
8272789110784
1951806521344
3393311997952
685693534208
1751852544
42145288192
13435403264
42338017280
111340044288
37774569472
11323895808
21124917248
22483439616
3623808768
1489579520
1465566976
4228647424
8230796800
1529379456
7166187008
13684192256
17073540096
2429200128
471233363968
616914878464
8183594614784
4251153596416
9837672923136
20152796053504
3905039630336
163743924224
2034344787968
3205172297728
210400313344
47271243776
5927088128
26231595008
55734878208
15161054208
30877429760
163882172416
59633553408
10654330880
5955592912896
4201767680
2344003328
1243603200
2776123392
5830089216
4657362944
866785856
2548937785344
2379827151634432
43948114444288
1253739462656
980623107817472
115190787997696
19423555485696
198586466304
1527717036032
48606347264
7597084639232
9019046494208
3895612669952
14550684672
4596191232
11444173
48303726592
14808658944
1293013248
12036765696
19813790
18250508
103362650112
101240782848
23292704768
46263025664
14661033984
4067095552
19288326144
27020036
246149791744
177705566208
20606660608
89018466304
26313480192
18134841344
52603940864
14544844800
7205018112
3981545216
4272377600
27100930
27913153937408
62807994368
881773051904
260088725504
87881064448
138239442944
45472120832
38797803520
5165732352
100542767104
114717818880
10339346432
10908111872
20111757312
19755167744
24108690
379820670976
112310878208
659461439488
468324515840
193346732032
87156703232
217912803328
143395340288
33732071424
42780999680
67556384768
17492537344
36877475840
169035972608
108415213568
18146476032
999622443008
119857731338240
65296333275136
4479289344
126426488832
40766758912
96801980416
268298747904
29927839744
-2759959552
42199314432
25476595712
8952410112
2130525824
1814740096
9375129600
12860486656
2920862976
20263387136
15885924352
12194662400
4533709824
56517066752
2264749312
27752058880
21322362880
22121994240
18130927616
50555998208
66974629888
173403865088
50839437312
984598183936
4771192320
8841438208
363485824
4825843712
9712701440
8824420352
1718777216
2794809458688
94771372621824
9095544307712
100534026240
161376321536
77765271552
861145726976
770296184832
200152662016
47262629888
2897089536
2969031409664
4646255460352
3634839040
128450125824
72863924224
84347633664
27134414848
236988352
166959296
557936
70998464
2970696
516878144
531791840
71390088
1760715
17947188
50078672
4632698
20425256960
10283236982784
5947304443904
25942253568
34567376896
2562512128
86690668544
70619971584
47333855232
51875467264
1605105920
2871340288
285406816
2390842368
1814201856
3273020416
534143840
175604908032
25178380
49824496
11873563
83690
4168090
2553483
842997
15742412
65936984
47715384
13739200
44768985088
25443938304
229991648
153129504
46749140
94204608
74322
266010528
526635168
124750904
34209536
35076732
38075164
99935
102479265792
31036068
27206390
21723886
470023
5978938
4911219
5446
28600026
38258504
47703896
10210467
528816192
25166016512
23479680
1140025728
269605152
1191298304
152470768
227664576
94785840
147409632
-8037
44186004
34789288
17617274
1795325696
2724031744
96121808
86130240
574057024
483824448
126247152
134440736
197447552
180134624
69177920
22709092352
168314109952
113675763712
241664736
23275042
95678224
32469954
33217608
32836324
9421506
11135053
18654306
44489792
7128853
570121984
94385072
462402624
220131776
104333344
788175912960
1510946944
182906011648
1063856512
983257856
264022288
401331968
137787856
212086384
617762176
72776760
15633102
53286896
31489430
66372
1657900672
1107329024
437100320
249552224
536598976
618255744
79847080
110147784
313337600
71755384
57247988
286442560
380045393920
59929026560
236127552
373845952
51862508
37778992
31945776
61553020
7676185
12676329
11493010
36570308
7869783
401862400
184096912
153930224
373768608
82595720
15419537408
11061876736
73086369792
532295104
497226016
63753949184
1640431232
310197813248
30134845440
2430966693888
693914496
26114002944
5648764895232
288366592000
340461952
35056603136
28285067264
90689306624
29664866304
479822080
145626384
686815232
462081728
104426672
5368129536
1764080896
835747968
3706971648
804189568
599526464
1177418752
1038479808
642751936
5259009024
498944448
582284608
13645172736
1217973134032896
11971736006295552
7019738571997184
3698308677632
12859672176361472
24158337499136
42336948060160
219392650510336
22327943233536
2044751654158336
781333430272
627120013312
2932401537810432
1242775683072
22715167670272
3149554778112
9867517493248
2813672292352
1157616762880
21320511488
17507835904
134645584
5454548992
846904896
10336866402304
3140539645952
25677215744
110512209920
12430572544
45776948
3890880256
5457072640
1450028544
2479154790400
14044694052864
11187704037376
2805496807424
89311870976
122145685504
58264932352
108058312704
25058682880
39850557440
48055873536
5474284032
15074521
8394338304
4368562176
568695360
42354517999616
16667823308800
6530263416832
9263658303488
2709257715712
233519562752
329973661696
110826422272
36999331840
61799559168
44604964864
10586556416
15866953728
32485439488
54212444160
1359208320
103237810126848
20119258398720
15172894720000
13959784562688
94695355056128
5268841693184
10285702184960
50331346010112
8547258597376
39554220032
132336967680
503189078016
533225013248
211906756608
82933653504
25055082496
159663226880
59600318464
17702940672
70218399744
3653155840
75607695360
76893642752
52199600128
10876640256
19057983488
66700099715072
15273226665984
95321749192704
110794956079104
18761943875584
12870737723392
24401978327040
17873961484288
4523736170496
293180440576
423722876928
129948213248
665550127104
644549902336
636682698752
206444298240
46522221723648
22089539584
24532817920
4093075968
5224824320
31409997611008
11176990962876416
473566382391296
5120178782208
1180811919360
13326177271808
4063780929536
5945431162880
40107386077184
7706282819584
1874590302208
5709359480832
4606888247296
1416439398400
55039262720
25720891392
16170080256
138543333376
17311121408
69814435840
89532047360
110638735360
23717171200
11480482185216
4155029504
11339688960
1336458752
3711875072
3948386816
7805022208
1135457152
1238810570522624
2348118704128
-658840092672
5950723325952
7792396075008
1496420843520
6706912821248
19137038385152
35969168310272
3766331375616
2219205306875904
9340875776
50477879296
11059652608
19763439616
66330173440
36548816896
12823010304
29037806223360
2452788992
4463192576
4423744512
1343887616
182075491614720
20747342034501632
44810568204288
1621138210816
5948274900992
48315890663424
4301575421952
60857039978496
188412011216896
48703276580864
48208558424064
1050147286941696
1824885835825152
3546016804503552
684446256726016
12815147466752
13543283884032
6007444996096
10082500739072
22523531264
43012767744
6619096576
6503641088
46529028
67932053504
97427185664
26129016832
2396473088
8448127488
5676623872
10162654
10763306532864
277689008128
178900467712
91043225600
48451592192
17043941376
23457124352
121894731776
11853893632
3382945792
8783695872
15218585600
24540128
285500506112
248017420288
238930100224
78058389504
-11119731712
41222905856
11893700608
14542238720
73663053824
41091805184
11134767104
1558858694656
25605340921856
42357089107968
392599240704
226595536896
499971883008
213269479424
175999680512
136472035328
259801317376
189798924288
33560702976
47630544896
69391474688
-94946288
99610927104
46939992064
67756593152
15071499264
12185212289024
114651766784
461196099584
177548181504
357470109696
1080221696000
992138362880
92906266624
25264480321536
7847206400
51560824832
61208522752
10517972992
18664535359488
794701020004352
11981355483136
47484207104
37059936256
70015590400
97480425472
37402443776
121142149120
111939846144
283745452032
74019241984
78662635263885312
2364964352
14793240576
4484862464
5807847424
7335349760
13395189760
1693970048
7999367151616
93748871168
105120219136
34841104384
23072346112
101025079296
148268990464
7722441216
69379479830528
6062000640
4313719808
11566563328
3083367936
297678781022208
109218443034624
8664547065856
-5791497060352
119044956160
515965190144
235063425892352
14472958705664
918570926080
511295717376
482392145920
229633507328
8552117248
41428774912
1716322041856
2129419042816
19210588160
39777296384
8755494912
341614450966528
184984064
938990912
87472128
415373
52683360
26831008
8573064
252570080
306523776
391223648
57474024
753491456
156578873344
37136584704
2136237410353152
6737653399552
28980692992
11027596967936
50374778880
276820721664
9583850422272
2340330496
3114280704
6224568320
845527360
33443243098112
18667656
24399640
52982824
9459454
3131545600
3214341046272
317471200
782051328
168144576
25338296
-1092095
54698616
113288
590687168
229363488
275428352
115926544
475527168
216074944512
32289542
80384096
23690288
3917595
49152
14018641920
2077905024
1843238912
743286272
257094848
501704928
206443376
166386752
87479992
25671772
297709344
29499290
27111813120
124670544
2251090688
4024998400
751198336
15080997519360
19841192820736
2514630475776
95518224
459898336
302642592
166806176
19859398656
2050640314368
51339857920
1749661440
3299518208
1085229312
99591240
838897024
777249152
103840888
174956528
190934848
321235488
42751276
7823666176
1463811456
2102272256
1606115840
478817792
12489212297216
189487038464
3164382167040
232697696
370513088
526722368
48571932
648629321728
10261654528
28808237056
4965568000
377442402304
-1104155246592
1362198134784
-3200356352
111974514688
1880785920
6721203200
5286727680
513666881421312
3153851930640384
1364993220018176
3100698757562368
33018125876199424
6093032269021184
10079422807801856
32284522577920
19894514000855040
33843266403172352
19788434767872
95839552798720
117709333331968
76957643440128
21229299826688
1700567056384
4815682797568
2205958799360
716276662009856
908249399296
2517717745664
432460759040
4285525615706112
13989042978816
5963641782272
34159122432
99945021440
15477415936
45153444
8690071552
4727488000
612961088
5972353875968
19026371674112
450429714432
36618764288
72504516608
67709575168
15997732864
1180165210112
24793323667456
57071743533056
28510936629248
6141418405888
16370873925632
1676575506432
256199311360
1040958357504
243705643008
37583736832
109443481600
86668222464
22793113600
22452256768
26401753088
25135943680
7431865856
2115425796096
30257025384448
53944726323200
26132275527680
5202367217664
8929826308096
11965592240128
3763919126528
187401273344
395892719616
353242415104
62718685184
34207866814464
139407659106304
528792883822592
385150923833344
61620558495744
19991615242240
88660993114112
102138080395264
47591341424640
10659737632768
30885193711616
27689624797184
6773896904704
356090281984
312165203968
245173616640
467880640512
578273542144
838062440448
208614293504
15656908140576768
12049574912
47425069056
-8908595200
16170963968
19546826080256
21477910904832
78942086103040
18585588072448
19357675552768
225522944573440
225572772904960
32688954146816
9100866049015808
72407556096
347773337600
578480832512
58896244736
-688989929472
14650472136704
119989944457363456
436839781498880
9691450048512
3341998358528
14204956311552
27543025483776
3340762611712
5708585631744
40445895770112
25532158705664
5294331527168
1872780224102400
72129052672
66692214784
23897532416
59171446784
31765028864
95174680576
21465694208
72560553230336
3146972928
4104797440
6078663680
1098067200
1347487924224
3740005302272
9816059674624
3141423071232
7700243546112
9666154201088
11068033204224
2430299537408
13775566436040704
37599031296
50559262720
49681448960
13555988480
13106128355328
1766896435200
3751706009534464
18636660015104
43894947446784
9868719161344
28259722985472
36565371578220544
41592073224192
96098249080832
114335519080448
362902187933696
26902957916160
5095767932928
5189595037696
395397776277504
2997555822592
3055173238784
5678779858944
415741694181376
1322273059373056
34727432192
41005862912
31513513984
6910309376
16974206976
11388909568
29662026
17637898240
78224572416
68815331328
16600057856
3302602047488
19573547991040
294456590336
1053195370496
74423902208
72059322368
134932209664
68829347840
41940746240
42041135104
2953767168
35563786240
16296223744
15190527574016
600429559808
1137033609216
850744049664
92298297344
39187373883392
6751795426623488
496373430484992
159340134400
1023468765184
96782614528
549166743552
987350892544
791266590720
173465075712
161367290019840
28960798720
37020844032
75099963392
5566317056
7432950513664
17764608000
564837089280
628581859328
104835883008
323997535305728
12796785852416
353044097138688
72204697600
200795095040
21364895744
142629847040
147696893952
148152532992
34288308224
52810741710848
2535003136
18013681664
6375325184
1338663424
5266498650112
34773544960
97184038912
76575424512
10902082560
30156833947648
630840360960
66647268261888
244145738219520
331321830277120
132713281486848
44739059515392
66739735887872
93609476096
227036004352
353452991447040
3498521395200
34905788416
39656681472
3433054208
81687794941952
367014624
733615360
562683648
172623584
17972903936
202597646336
43246002176
31361632256
2672852992
11552841728
3527664467968
625426366464
13168625664
274647840
897983296
666509184
115003112
18696409088
118535659520
17376049152
2368868608
4527602688
5906638336
843939136
119983489024
149782233088
721967185920
34260685684736
851926272
4845093888
2672604416
1064054400
164374544384
77093044224
-17940807680
135317864448
2151951368192
8627170884714496
1290116773445632
1322260442906624
1234490149102944512
481570456600576
6068243865272320
44058234083868672
26641390079311872
5832073814212608
16469209382912
45907307397120
9556853784576
18771102138368
40670827737251840
20392139816960
5182418671632384
80961782797041664
46015658852352
6446292402176
7057539334144
1133476839424
137945604994105344
14014344069120
26963374768128
5142561161216
50040725504
24523415552
92460302336
23898521600
3762510888960
8196711776256
12663269621760
10314488741888
3658885890048
20659715440640
5710896680665088
69740143837184
42697305882624
28440854003712
15415033987072
13056608305152
15089830723584
5563677671424
411106738176
493662208000
502533390336
133661335552
26061685391360
9800703279104
25125814534144
97050054098944
112319635914752
15521395245056
2093521410457600
165122970484736
43799342045200384
53780842283008
46569298591744
17325453475840
118976071860224
147858292473856
199183822749696
50747550990336
19363808514408448
264994029568
483610591232
1012455047168
88970264576
212883476578304
14031814922338304
32036083466240
115956978286592
102751941951488
14851336306688
14413356194594816
27951655550976
56599448393875456
2248930492416
38112063389696
4100240179200
10859589926912
16007764639744
11122584322048
5738410803200
7280195589373952
74291445760
63377227776
144676864000
9857837056
9160475900116992
926724825022464
3362382151680
20678883409920
21361512677376
1455085322240
1819016897232896
32770344615936
8574175283249152
16043825638146048
32113596301312
10640794058752
24038279741440
26686538775527424
101547119738880
38947577135104
20281381032558592
878874132480
4632845930725376
10026562355200
457071694708736
2838558649876480
16321927168
208922836992
187558248448
30752786432
2661424824320
694657351680
209253253120
824790548480
665851068416
165975719936
28388091756544
27235402645504
213575821950976
212439760896
470119219200
536083562496
244609105920
93628543296077824
2824723754909696
239369248047104
99899129856
106587947008
83493969920
42429595648
71147525767168
4080345022464
34503401668608
175515784708096
117756989014016
303728007577600
36425227567104
91539728498688
21822716248064
130824273920
1749884600320
-14385094328320
2709082341376
800117882880
5529277546102784
7791712789734621184
2816967849279488
3851078508948226048
28311866069483520
62312403437617152
391736182439936
6842153107510525952
175756571312128
93036054839296
63894924034048
17565957752881152
2998146657352155136
48981980297035776
13999980675072
36484727963648
22972939108352
3997763633152
47396276928512
5166341535301632
52718693515264
129423311372288
58541951942656
28242092228608
1083347115704320
136335247540224
18445269628616704
23694214692864
145696665632768
62552776114176
25721403604992
-9223372036854775808
297079263985664
2896335728910794752
9894696583168
19598514585600
15511755685888
3144093794304
2830693235465125888
32098488418304
547614721151336448
2602017352581120
17044791388798976
33109735381139456
7627093655420928
22657494379659264
671541844949073920
17978754575892480
314806338846720
168571191689216
17048002363392
15095585979760640
5236694710222848
907751920809017216
42106111318294528
4372355627352064
2216596200142929920
1614907703296
9131090807619584
26448522425401344
20130009205178368
9574737306976256
149020281246056448
-9223372036854775808
