57825
2718718
1
459925
459925
1
90852
4058
2315
4072271
166781
2643788
4072271
357399
107425
80377
1383339
79304
62469
36447
1687
924872
456375
415067
12304810
1952671
2219326
459925
459925
1368658
23624
469847
1377535
27481
20718
90852
4058
234185
133156
20493
17872
10142
819
33899
17029
11854
9916
11714
598
818158
4182705
12214872
12397190
261766
563339
1170428
203725
1605399
5720814
16670
3261210
91679
993879
1429411
11433
865966
581346
5281258
6525079
389644
190026400
101517640
2569157
14974598
944032
7085603
27570714
11302590
423048
1043444992
171688976
702564096
1844733
734006
1381020
211531087872
26750
465518
1366715
28533
20872
310216
1453566
1307
515624
1793378
33597
576903
47957
358534
86198
5290
1877801
1108425
938809
2151
4319
216710
125700
21536
368677536
16427
8831
1408
467235
271078
108369
8990
2484730
2219560
420222
101997
20278
5956
790
1365311
400615
369081
12021994
238473
5401823
167177
2308887
7834033
85521
4962266
6820
786746
111241
587589
4821507
4034
393139
74536856
23029004
1219501
5489383
140193632
44283892
23186108
34377080
4220658
6008338
46061144
41042212
232964
26182952
4878396
4461848
7756348
2656578
2522342
2572527
380685
2337585
1400268
1925615
2150531584
813883840
24030474
168172464
3246903
92796512
169851056
2538509
20791316
25898479616
1973086848
2310534912
268539680
19536814
728526336
144929536
2751274
63282252
21876640
410604
7897911
5717215
8600436
11201824
22815248384
4155575552
9702025216
9794486
4497679
1046485952
2555089152
1344858752
2019447
30282166272
6255671808
1674747264
876795584
3637633536
1866410240
712813568
1525785344
2604829
2011115
644735303680
334852
1466907
662115516416
129417144
218522828800
10321724416
8855
6937993
36657
290137
40951
489118
89218
4386
6242469
1439583
3731
3965
125139
34235428
14949156
549734
1722818
230066
4140981
1715275
57456
460156
23778002
25316600
2766755
8574448
3455123
68857
1531102
146548
41085
25267
41819720
21005688
17636664
114345
5822
4670326
1458384
2417077
3047
35436204
18236036
2458941
19845416
1834795
1166807
2390098
3387
4261
465146
377761
2786325760
69082
1730068096
6917
1671544
997106
9805768
4643613696
2740367104
80744
11266
3992
1114
1294344
464779
3146255
133157
50920036
34889412
-414200
32650
35358972
13312181
1396333
8832708
6113766
610434
3701236
4507291
4827130
223011
20175
12221491
5359547
4413095
5537
7511116
2380728
629882
1032018
390235
466653
9506807
5972297
2645112
92961648
36417364
74446552
14999398
40330060
460523
9014970
54045260
7123968
7990048
56866840
28380542
3534914
23333578
102497
8840011
16622712
3711988
4376116
1968570
376233216
781964800
79758344
270425664
57123352
41995572
885820608
10738630
59000324
41697668
250843056
40209824
53756572
48000608
13741138
425455353856
3123589
3635778
151454
991046784
196906880
5326566
62779808
2935300
2039660800
1965915648
15936872
40969800
196600184832
5697632256
9623419904
1673509120
602814208
6279103488
1556632448
10251892
220996656
98224944
5949172
114734030848
2479774464
2063411840
600216064
127493328
1058439040
141464704
2195847
193574608
23498846
494585217024
274069766144
72228544512
679057344
8182780416
3208624640
561965056
1120107520
209657568
48027224
64698168
76932048
947896512
778098624
140290096
1265193
159015424
179249296
24700880
37289312256
7149790429184
7408467
2105705
4606142
5136290816
7312024064
2278613760
7317078
3415423
17086945280
11187042304
10427695104
14405543
110175567872
89175613440
25784225792
5572012032
32215957504
9578768384
5251551744
11131857920
16417117
10080613
33988589568
14662438912
6628014080
618990272
1741880576
3303574016
1443984768
2077265792
3074257
5637391360
85982978048
28078131200
14315985920
6707768320
1795900160
1053371968
7000465920
589729856
3665342464
2921780224
701529216
705645696
928512576
781441152
1008390
5053967499264
1967609610240
2069473792
642033319936
37900361728
110491
32408392
999864
3927639
289930
1538181632
673700380672
35424067584
19041176
3339945728
356692736
22675509248
13426257920
3423041024
2128028
35868
358394
31998612
3516996
87159
369506
66793
43149
44732
6248973
14647588
132028
30877
3286649
3376435
3324
22388106
6355330
909751
1579353
834
4248
42974992
31022186
219160
4332549
365788288
343340864
35415432
215859936
26820342
824234
10706501
4642747
283657
35183968
34073328
7078528
30688160
1926839
34777
1639098
236221
88009208
38827032
6547746
11993282
2623300
10838473
10318302
1477962
50121
1287108
2109533
354872
733727488
68895848
10833714
41431136
78531
252000640
99081016
18039326
70258728
25329392
12164324
26020702
85159
30989
33396878
11417370
847854
15903497
1584313
2679806
1663614
5301
70513576
21406198
19837138
11892503
5657539
6980046
9422628
649986
530084
2094522
1087844
3993
3977913856
1494237
16584810496
161803
82416344
37677184
1803341568
72687681536
18403729408
27274
8521376
13436394
276461280
19732160512
2876903936
3383906
3012492
44
26636344
244484352
1320470656
73118613504
125329
2410
17268432
6572579
4171
11245095
1707453
2877560
1146627
2860154
758989
314807392
206180864
30232014
120897456
41726224
8269550
301576672
78725736
41752004
25737228
9882362
4357957
274747264
20015244
14409456
74765520
9313980
3461859
20467672
69561
85615392
53931444
40414224
11509634
1353237
6082921
86075216
57219032
46736824
3931941
7123146
3479387
45936888
26832326
10408737
567828
7538187
2058236
30721024
907704000
599164288
91137536
671308096
109153160
-2719352
395992960
67395072
84799984
23957608
169899216
77073816
41480992
19826588
22453746
1927753984
425331456
674118208
406173472
300079424
322805920
621173014528
19583387648
1414262423552
211545112576
2004560
608088960
16449148
106857840
3406540
1126685952
176393360
3145372
74132536
232324743168
5824394752
7835525120
1368787200
2866716672
971700352
6811424
296244064
94998736
1081476
906884022272
17255034880
6657519616
3093516288
558818304
5004428288
735563264
33003096
2559781120
83079624
2853312397312
2273180123136
372525563904
10724756480
70140542976
15000796160
5919377920
2210285824
1490679936
1469927168
1033776512
2608769536
4995230208
437616128
19844890
692107456
737802688
121745360
622977613824
67890380800
352525778944
93251616768
1290681600
12079732736
573008384
1131516160
2499348480
413498208
-7029831
330951072
105499584
607330816
1515642496
101041032
2222181
72551512
97973808
53449044
252025470976
693695414272
578492891136
331726094336
419784261632
92648439808
973354368
4750247424
1048680000
4992153600
8454413312
1466040448
801919168
1991507712
1575113472
299287648
178404608
90597776
223829536
592076928
78285448
640012928
409888800
1269830656
123861016
10870424576
868067377152
242184093696
21914691043328
196611801088
10356866940928
4288507281408
11435544
5924224512
5185009664
4986515
3985387
9588648960
4725363200
4988455936
2106009
27836252160
56267665408
2647920128
25242761216
5149194240
6034315264
5061400064
5055046
7220609
182911533056
111970549760
23547774976
8076233728
63229206528
22034323456
3417638912
8228258816
10739667
97282637824
278014722048
273131765760
65577918464
110895202304
23578425344
20176300032
5883262976
38631100416
34775961600
6680453120
4450339840
3154896640
4098313728
11671242
9583846227968
11857639424
62636564480
20662616064
24187547648
29269671936
2702202368
1245720960
4582211072
1636936064
5860632576
23582789632
3985553408
2160836864
652014400
2249058816
1666515
9737924608
43534987264
10074886144
95244533760
122342260736
17869156352
15346497536
14042346496
23942180864
1207701504
1866935552
911358272
3064504320
1519282048
688724224
2065386240
2885781248
6053053440
1188829568
108228034560
7717752143872
2857531604992
40499412992
2214031785984
209979572224
350614528
10950316032
557546864640
81760026624
55833608192
10720340992
83349808
640643
4114996
104344120
21906988
346063
21619788
4438174
287821
5016842240
11169935360
1719108894720
94519926784
106733559808
17783867392
22961995776
114563768
1050244928
2325566208
254650112
24163129344
6858001920
3202998016
2283878912
24906798
4901463
3330
1412826
411796
1966018
27052718
3549296
53481
1740298
3275220
452420
783966592
49648900
40507256
-7797
315950912
37128956
20307334
21742134
36511
14829
28330050
3840291
3436678
2520741
3866
9714689
10926893
1618359
758704
712712
386048
2524
2791719424
678354880
272767808
111697544
358799616
24677324
706371
11102008
4583517
501802304
334477504
198657296
199174016
60119888
73423960
162392080
41394032
877099
24598156
13450957
1334491
4840421888
123645144
47564584
24736010
13367577
4334008
12408401
12772160
1638497
40107
2076080
1583293
270676
238522464
142716816
28350442
8251575
26040604
19721146
2796153
11216511
4445451
9408098
906810
309760416
12588383232
6280549376
405619072
400474496
7399065
179341792
34206524
23621152
25198108
26277
1862424320
22515458
260407008
246045472
6135112
145428496
125822896
16146708
19365810
18305058
10961279
65916
23572695040
141894688
27007704
21158232
14621858
7284615
12391167
11939896
3231048
2169421
1913177
2231916
2389
186499888
-49030632
34035476
6896321
15683567
10610736
4199661
9246962
8933592
14013056
1856926
287319456
17229498368
10680190976
1116253
498939200
111320176
16735042560
212276412416
155208351744
109410576
66000048
248632080
517367200
27481321472
7970889728
312897437696
15386256
25228802
913054528
144801424
3758080655360
3040142080
117566758912
37212220
3731889408
1992040192
7727897600
50527
90923952
31730424
22612856
5712159
146640224
3698613
3671629
55271876
5905203
183595776
151006448
34210184
1855522560
532663680
288452704
782955712
81484920
57831084
173740128
366030624
61798472
28511726
109775808
81811448
95218728
55663520
32647276
442836864
335069088
89567656
86989696
80928096
37092716
459568704
48734004
54408924
11709428
115526168
45288856
3968251904
575436160
760539584
781039680
378865152
278284352
2141416704
410541294092288
954619002880
6390107078656
1030623330304
314548092928
241777344512
24931416932352
3149519912960
952150589440
152471339008
1075902720
7722812
93601664
232324710400
6117102080
77210160
15733600
512923712
60984152
367577
443824537600
8154628096
3177635840
2045804928
2053966080
585689344
6188364
984805696
208357136
1702107021312
2053468848128
94927249408
32439353344
2570706432
2411022336
7202132480
1275185792
2761225984
3017365504
362481056
4207244
355899072
551171584
128801512
182676619264
1553218404352
4547772678144
176404168704
5310690816
26146617344
14137989120
9678582784
13470562304
2711190016
4462186496
1564576000
5494076416
5681483776
2368701696
14138930
942982208
1162973184
175392560
1893769805824
16225715355648
2236534751232
2347935465472
1923367043072
394248388608
16979419136
4478110720
74431897600
47325163520
30013396992
7626564096
6623114240
12743489536
1552562688
3581550080
2781078784
272808896
8506967552
6864241664
4139443200
724529792
185742753792
4777849126912
1846005596160
378680803328
1333597044736
873889398784
261777932288
330938122240
18756364288
1343341568
7347326976
2046912896
15955270656
7291995136
2558791936
3076646912
1868289408
2188997632
264996208
440549856
175360208
590026048
1084473088
119501232
469175744
1001549120
1139155200
309072096
121496707072
252025487360
390045564928
375999791104
2723469590528
1890795257856
268363644928
125801873408
735480053760
505794887680
90729693184
762230912
1394135936
12758135808
9634286592
1678756096
14092224512
6297218048
8250073600
1190953088
526036041728
440059392
412026112
170682480
129330056
664916608
92433232
54793196
268978454528
162954649534464
4883907346432
204095176704
4209324851200
23820295471104
34579784138752
943474999296
614575057666048
254213849088
9981113925632
10998634250240
6266061062144
18252967936
-51428352
7863236
61107761152
12970403840
1896608128
2875368704
10807309
5251072
130828754944
80720986112
29885603840
29308278784
6302139392
3726729216
1897533184
7793594
388253745152
88501444608
58777432064
68138262528
8976276480
27036450816
18259884032
3516635392
3698183168
5800910848
3412015360
11486625
15971455598592
98113413120
454411812864
219729330176
99806601216
148637335552
44684201984
21387180032
13421784064
80597868544
41231609856
11704664064
6521449984
10340986880
17611147264
17559404
266911367168
35646873600
581188452352
475456077824
169661612032
99691610112
70563291136
68774395904
2402185472
43076702208
39583547392
5296816640
45591654400
64329035776
47288143872
11479686144
2151270466977792
39587636314112
20846974337024
15761563648
53178871808
9995079680
118783287296
189025959936
19704559616
15788871680
13462061056
9714588672
792773376
6580586496
1033786688
6937697792
3392823808
1601996288
10804739072
8855166976
12450478080
2439647488
360932114432
38278426624
9879837696
45271560192
15272745984
15614066688
146254905344
117091713024
129203953664
15412462592
4111132524544
2190248448
3621453824
617671808
4356781056
1217076608
4476450304
926725248
766867931136
33573119721472
2336874299392
103179812864
232195555328
66231799808
416705871872
408785780736
64030085120
1007242706944
1140301952
1932550995968
6755064479744
3101893376
126804017152
48245817344
37958053888
14081361920
236988480
44436132
491923
24911258
-666931
127941744
37451384
12336841
466269
13276220
16200490
4751785
11879032832
29806479360
2062841472
2394420224
4342654464
1791403491328
68427976704
50605367296
73931767808
18257788928
288
4059720960
97345136
1861732096
3094646016
511373888
582832576
163414179840
20159504
24619484
3393653
34085
2429543
2505637
354836
24315458
-3018795
18962418
3348138
79221489664
19567001600
231287616
99670016
-7518389
44853552
15303
67044448
297434944
53984736
25349760
11954824
19087204
43314
34120286208
17139162
35621328
8007214
1985750
1107441
824325
2477
27177214
12732486
18890284
4080398
566235968
6976986624
23478716
679604544
269605024
440889184
-3121916
227664640
97754000
52511012
-8038
32844216
27443192
5614979
1795325696
1777750400
214553920
86130200
182370720
542050368
50193800
134440736
65162256
155582944
8438166
7531476992
80476651520
-602480640
241664592
150630144
49004928
32469952
10412868
25881418
10830640
11135054
11415047
17641696
2330902
30388036
94384992
101864096
201411088
10717890
4203073536
2410365321216
53012779008
1063856320
336309888
427318016
321471776
74898928
212086400
201260320
51304716
15633113
21584240
27980688
46521
1657900672
1102889984
214947808
81140488
370364128
183397072
19244850
110147808
182419936
123372712
26656512
3197537792
30249119744
43278086144
236127520
55901744
31667180
17709636
41724060
27048444
3852448
12676325
15961290
12919211
3376583
193398896
184096864
17393368
137563520
37247888
1532077277184
3225296896
104852578304
644921728
258624272
8968539136
888024704
11862818160640
1651353190400
775233404928
235086992
12907458560
35248250880
80705642496
77400928
4008058880
3177434054656
22200711168
4120016384
103027048
70819984
576883648
111057560
62422688
5368129536
435216160
281562752
5262914560
365411072
299969056
953741568
911645184
423690528
3436246528
144758128
161198400
7073887232
61563784396800
1549972629618688
339089949720576
1951331516416
660159021973504
381518522351616
4741273223168
5493258977280
1445242863616
354178531328
169543581696
163823747072
157744451551232
44581273600
1985691516928
653951827968
1327599321088
203586650112
303143190528
13083564032
1439495168
13751083
1206744064
32375936
1611978637312
-28544950272
4396386304
2841631232
1057550208
10264711
736804800
524408608
106467696
97373609984
2924260622336
1866247045120
369086038016
48940027904
6438842368
4258314752
10410318848
407219104
2024852864
2582026496
577988288
8911560
588188992
518446528
44269608
9623182508032
1135529426944
1120174604288
1248428032000
137136422912
37063360512
24557666304
5127080448
2228612864
2452989952
4002134016
1588907264
2350167040
2678426880
3360995584
661645376
301073858560
4111800991744
2611244695552
670991581184
27379619594240
2285585301504
5882402832384
2637774192640
721953488896
40848035840
5117495808
73396797440
71518609408
10491152384
12288505856
8119857664
11357659136
3364526080
2878215168
3698781184
890487232
5898384384
7123223552
2332409088
1217604096
6082580709376
13398817374208
1753634308096
15894198616064
10504405778432
2344843476992
3341502644224
3570797379584
1219470688256
351384698880
33815461888
36982231040
2443798528
58654171136
62090539008
79380480000
9058918400
3113760325632
2585664000
3809195520
2244940800
589971904
761502302208
863827042238464
40181524594688
1040668950528
80838033408
1426118803456
385633583104
4281577504768
2629337874432
660740046848
291803037696
404687978496
191926599680
181886828544
6856503296
1972935040
5857255424
10217499648
2992708864
16431691776
11314138112
17708146688
305765056
63203149086720
344620704
138642288
55198728
628542336
526650240
697244416
152665088
72890493960192
1383238336512
288311181312
1366276308992
1017031032832
436738850816
1629066493952
2174002921472
2523890974720
245070118912
101016406065152
6235963392
5642867712
305888128
2736050688
4035969024
4958284288
1844041984
2304514195456
392515232
568811136
462337728
54178772
58479845376
1812174745894912
4064415055872
84017004544
1622625088438272
16239202140160
11867014561792
97794241069056
64813384335360
27625804267520
7499828690944
450774269952
-448469663744
1576817517395968
291550134272
2871054303232
8011779670016
11325372628992
3870472273920
43108438016
14840964096
2413454592
6215462912
14293781
71865851904
88638013440
12701520896
3512396288
6408094720
3926646784
8837566
7633943134208
344386011136
55427313664
37633339392
81630830592
26200489984
36217958400
22922534912
13777052672
9303122944
9328482304
2233392896
8673004
224077283328
330636394496
36215971840
50028240896
16322813952
27432730624
12796131328
24113750016
43696594944
8793672704
7444143104
-43005509632
31561556688896
5208959614976
687022931968
56084451328
577452900352
905829810176
103275397120
100091592704
104442888192
60767223808
18148012032
5687725568
43554869248
13031757824
36603957248
40207540224
80270639104
11244772352
3232103399424
326492127232
821410529280
11502665728
462641004544
261193809920
935917715456
114483863552
31944087699456
39642943488
5070836224
26524272640
4695270400
23066168000512
325750049734656
15841541226496
17161866240
18068957184
96661348352
35340640256
9010281472
177715036160
46274502656
195219767296
21200125952
4321169113088
3247083008
1933038464
1097573120
7736294400
7319157760
2383358464
1174298368
435246415740928
40529854464
5792133120
9216154624
31367766016
49804505088
29872173056
8733944832
58557651222528
6076558336
3445699840
2742871552
1209106304
27682012135424
63583249498112
1272002772992
120985501696
12633922076672
59887350448128
101341531734016
9012660666368
337434640384
37780156416
644344578048
108707061760
8856824446976
15214266368
6614205952
7665957732352
6247394304
6514602934272
6447873024
42665466920960
216058912
407332640
10139649
354094
26233096
15056188
6270810
220089504
369235520
158654992
74968352
589737099264
86356754432
307474989056
9266429689856
1298504960
19648512000
23242043392
8871135232
851102464
1185567735808
49702125568
3552643072
2927869440
75231504
287765757952
12201514
39293148
37252592
7280924
418341248
2297330688
206511680
194048624
74222032
36892352
15211056
32712220
57946
81102992
230657696
225890336
41646276
4209763328
133522284544
14620102
15662957
15171094
2313166
893693120
1196629248
2077905152
2250693888
379746336
257094912
300268128
72107008
88704632
87480040
120359144
128642688
33166524
14306115584
124670720
1110584448
1890596224
265889728
67212689408
22557093888
837112561664
95518248
194596496
280964352
48419968
9280648192
3509048320
43068866560
1749661568
498783936
195824000
297311744
68692936
353595008
55158992
174956464
93698976
-20051644
25733196
456192262144
1463811456
1701239552
481710560
244538752
50058592256
32036208640
1347021832192
232697680
95327736
169556384
37307144
7816451584
1981827584
86853517312
3330429184
250505543680
20029183623168
878958411776
60514951168
119691067392
98569280
2230808064
4457589248
611389534109696
399291942594150400
-208977002496
1427853556056064
2360997746573312
362226938544128
5946748174336
63963136
1865832980283392
2570152990212096
355847766016
8507241791488
6479815901184
14375429603328
2628484857856
249057352089600
232324008509440
107303510016
134285869056
112606396416
215826636472320
120152219648
84716275367936
1459236110336
449637023744
9500185600
6900140032
2005370496
8136553
662964224
491405792
160346048
1620340244480
906153295872
84602060800
-1631830144
5294410752
7217923072
953081408
250574290944
549047697408
20614744113152
3039010488320
1010253627392
2239362498560
335712354304
63930875904
138221912064
11528261632
4210760192
2971521536
8358481920
1584337152
4729811968
3654507520
4336116736
104953408
303188049920
7147638226944
3033947701248
2075012628480
531171115008
512859078656
685071007744
298684481536
43496292352
61609164800
50649133056
1138184576
447000130617344
194959245312
1003493942886400
26935432314880
10192960880640
955673083904
16018234671104
5573900763136
3049744760832
2065032019968
1044929642496
3793788862464
295434551296
65621696512
90645676032
15011284992
124946759680
13785171968
51002208256
11135369216
6615589715968
4692368896
5854953472
3746342400
806988160
1150074935574528
8246737240064
7651578085376
1901672267776
8617033990144
20909410746368
17626845675520
2406781812736
837997645791232
14841106432
39970168832
38827065344
4501216768
25312024854528
826362232832
11273014620454912
24671749668864
668171567104
296749105152
2423991304192
1707496570880
337227317248
1609103966208
1928056668160
3673213894656
483249553408
213874104074240
6609209344
3182647808
373368704
8640384000
3507693056
-1224152832
2930431232
5745510187008
482882400
710901248
278408704
157386032
388250468352
1200460660736
559343468544
179484852224
937399943168
1990001033216
1572581015552
129521213440
383826496847872
7541359616
6316244992
9247560704
1011478720
861153132544
147799670784
890837621800960
3806778359808
53911356440576
4839649050624
20234964566016
19590819010838528
5111881886859264
92833738391552
96475501559808
100414213062656
21043737526272
6525991518208
4338612699136
845507261890560
5985651916800
5823791104000
2269640034091008
560713483419648
1413643119886336
116465442816
43002585088
7372124672
3341412352
3027667968
8209824768
8181320
64015577088
24833024000
55691350016
11403156480
259854565376
47816030289920
685390168064
503602905088
71678803968
71250771968
57868541952
43571867648
17307801600
34308800512
53172322304
23545100288
6176870912
1528980045824
292436180992
512949157888
303848062976
39190261760
10882348220416
13570090729472
180810221092864
554331734016
238063894528
81313505280
1302162440192
1165701677056
969890136064
116487110656
28541873815552
58010198016
32607834112
22745731072
499683648
2802655139201024
304859709440
389535039488
116738990080
71263764480
483697404936192
18370162327552
121112608374784
48769789952
74003243008
12421601280
134174441472
58856787968
69849694208
7411800576
39675460845568
5452948992
8946119680
5376084992
888393472
2937237536768
56070049792
46058270720
-2582022144
9951450112
15867574222848
1310629691392
25131682365440
82993790976
41287958528
20851378356224
250339672064
98914329952256
121632156811264
10247699693568
45666042642432
18392627200
15930638729216
14492712960
9162497024
3896529911808
216745376
406340128
59506056
40595640
7273313792
79197372416
41161768960
6648902656
51304660992
2556169472
693583872000
2443618549760
13388816384
581691008
390535104
264501440
16286552
9456741376
104486002688
10450075648
2368868608
1737658624
3809948160
376858912
4907598348288
55781183488
488880046080
4811400937472
851926720
1545305728
2606365952
185279424
56656445440
13927981056
502484566016
35492839424
966777634816
1189444484857856
21477103501312
153785925418090496
1133138134695936
241617915084800
2163200007077888
1855918182498304
3730003539787776
421338170785792
11521156448256
5924945133568
491422973952
1005413728256
5803553587200
755222620143616
467999198806016
2596158480318464
210090770432
1134916403200
5892833280
248391221248
11436797829578752
726840573952
1739555471360
166807633920
4496826880
7297063936
5871091200
1277322752
153597689856
912616521728
1815141679104
785497194496
216359829504
660519124992
805261807714304
3291794636800
6295968022528
906560471040
1453268664320
2108214738944
1239495868416
500520386560
74096467968
22000541696
46166237184
9156007936
1518447493120
221566893817856
8350997151744
7545356288000
12796490153984
872280621056
260493021282304
8549234638848
6885585268506624
11328205881344
8523645714432
1635552722944
30022809157632
32713832660992
12416318439424
5327849259008
1091678500781293568
42003701760
99455770624
86687203328
11717558272
15936696352768
76680232960
641559166976
3842050883584
7100710256640
2815092064256
1275163558115540992
4882431849005056
4274188244221952
1680872570880
2024727773184
173490061312
2325180841984
3139493167104
705587773440
475616772096
5053548714786816
7238269952
9568893952
5553577472
977570240
1738393255936
294055313408
1498977009664
1137775083520
666170949632
152119951360
339854990770176
937830973440
991265701232640
14900679290126336
119703431282688
13111664836608
66223752609792
15473441767424
6427048411136
2054007577116672
14044902761431040
994280634056704
1024299958272
1756994214035456
765462052864
1470032148168704
58970619904
61561032704
74017726464
9206601728
255082369122304
7201335803904
209253285888
449916534784
746587684864
119614210048
8058415746121728
8788974239744
131681415593984
212439728128
518559891456
568524603392
95374311424
176024704778240
6148510449664
214140727590912
60692684800
132291239936
40867418112
25267582976
43413806252032
804210409472
6117763227582464
292928389120
119147380736
52253507452928
96661913600
3076625197432832
45182993039360
11600373219328
4682306027520
74485284864
312971984896
978892554240
1061954823127040
1133827074293760
83414398101618688
177170665135144960
495058408941027328
438723281424482304
97975050199629824
-9223372036854775808
1872720631431168
1652284924624896
4385845045886976
2000865591296
-9223372036854775808
113358875394048
1886529257472
1034267000832
1801501016064
254308122624
861044708737024
301687126360064
7251800621056
16355301523456
19922960777216
1186945564672
290277377966080
2146106305675264
1028787877707776
5965087768576
10769909415936
10907465809920
1577717334016
10880303212003328
8286337236992
1496574911840256
556113264640
1519848783872
4128894353408
141517144064
512398154792960
192949375729664
110065256235008
45085043458048
59151904407552
17000451538944
422003219628032
14325424255401984
325299414249766912
22797562675200
85246897438064640
208373307932672
5299621349818368
48487397633032192
2689155796566016
299804797618356224
1998538208706560
68879610296664064
-9223372036854775808
2457677728841728
95505693112532992
1834075857879040
2051800847616048896
377230299496448
4456608149666791936
-9223372036854775808
