1518922
2573283
1
459925
459925
1634116
738720
2315
4093794
166781
2627503
4093794
359244
938842
80377
1383339
81532
578450
36447
11211
10781247
3282839
9834465
9630826
1779488
3208176
459925
459925
1368658
23624
469847
1370530
27481
196586
933879
555830
41602
367542
253808
10096
33899
16927
11854
9916
11714
5258
818158
4182705
7371947
5141309
261766
3740749
1205438
1874682
6502582
6092151
145412
2129097
91679
2504376
2394028
71203
1178089
3816744
12159406
28988566
4524934
1015494016
590903488
24502726
539484864
14236355
5461820
9287690
12372286
302666
1891338496
1916031104
1178785536
5294836
5036873
1383740
211531087872
25282
473324
1366715
28533
194497
310216
1453566
1307
4747948
986674
33597
720750
183027
358534
606073
5290
1974723
1108425
938809
17973
95244
1293743
198574
92599
12654
5084052
4254661
2018857
640466
115613
29947
4583
1307097
2388810
1398836
17655270
238473
11169944
167177
3114186
16932812
83381
4551062
42081
3197385
111241
4412262
4424612
25629
2756463
87300008
59858320
696216
17389872
61440516
31674856
272197
23017396
25506790
13762747
14601118
9646593
597927
45344856
17524472
11696547
10752074
11060502
10564332
2962775
2526092
24932530
29127484
24348660
2338764032
8154373632
90426032
3958996736
45581760
3004052480
1774053376
7458183
1247719424
790526230528
14211938304
13155020800
5495800320
673490944
6015977984
5191759360
31826994
3048561152
1230110080
10665869
3919321
14835604
14606816
3772114176
6851867648
8135744000
29232128
61352592
2027937920
2319457024
705775296
8369278
31109838848
9069854720
20535058432
906522560
8077579264
5457762304
1132080512
2934964224
4565901
639458541568
346407
1403102
637496721408
377033920
216132337664
93112352768
11612
780395
45922
1608715
185879
489118
593735
4791
5087703
1256591
16811
86768
125139
34235428
41304232
995686
9576300
547469
1983604
3007102
57456
170608
32682920
2526716
11016455
4839685
3645148
34750
2680654
1057564
25267
41819720
21005688
17636664
364042
283614
4247199
1458384
3152493
8625
7355164
16027393
8144938
19845418
7971158
1973299
4420424
19667
2484861
141906
123630216
36242128
19950650
146354
48408384
22619376
13975144
20913632
8610586
3387224
32527500
9066450
11460686
3883178
471539
30637
49536632
22849904
15505656
15697
17162972
18398608
4595096
5328656
2839869
2883244
29474512
21106938
16095872
53789168
199740384
76754912
80797728
62359608
496183
22289568
37054296
40881568
26981442
63494832
41098876
28132514
7874028
319693
21679388
32918176
10310722
4921694
12020745
644469376
781964800
138402064
30347460
108082352
155882848
431822176
324141088
229484160
81800976
250843056
9284162
826279
95051024
46765208
2712903614464
15316305
37043440
14337654
4722072576
6933479424
37236460
1464711424
16670328
4638806528
10126480384
49047932
5216773120
2999029334016
34643099648
61042130944
28377374720
1464812928
29830164480
16786468864
367209472
4103475200
2839655936
652092506112
16352343040
8754341888
12148214784
989307264
5106993152
7067354624
18263908
212104640
570829440
4437138472960
3546003275776
2876539928576
9744325632
131987038208
34771562496
5739777024
11003106304
10118018048
1240981888
2625043968
2279852288
4159863296
13979199488
10181748736
2870638592
2659985152
2729030975488
6201290
13405440
12629100
15222958080
2474925568
895103616
11444989
26770016
9931565056
10792208384
10582640640
53041128
157477257216
64214777856
33466013696
3633634304
36821508096
31220733952
2848528128
8050507776
58923112
32793939968
12300312576
491203328
429773792
6668216832
6620614656
1379660544
5293752320
10776098
2599089408
74920697856
95188090880
14381848576
27970961408
11892742144
877093824
1857585024
1738985728
2268266496
22747985920
411340544
2781747968
2401209344
1955213475840
1839642880
625818140672
274368724992
93559
44712372
699345
9474174
413361
776268032
743363051520
304898048000
73397776
1746114688
779696448
86762954752
92862955520
40931815424
2678848
23701
1865558
17237300
13978729
41319
1511507
1318400
49353
61948340
9836574
254107
275261
5021092
81403
5733
13234303
16566351
2300607
8021677
23851
56336296
17262758
219160
24661856
365788288
343340864
157675200
158381280
69837272
2269367
14204870
10095112
20572716
27707416
5552553
7930488
12134415
97725
5164757
2002331
88009208
39573188
4929962
48097240
6772119
1843506
18941962
17331584
5233527
8788956
78801008
39151104
18309542
83668
252000640
99081024
157130432
70258728
118254832
30655332
30300424
377745
14149264
17908744
6716986
15038037
381314
4265846
5212415
15001
48694060
63577916
21431380
45953104
16372334
6843551
13063652
5618671
2885851
7285595
1248525
387073344
461413792
215453200
60109488
71214344
38238316
260559216
201316832
101671640
42709208
30454786
51588664
9922576
260354432
119224224
26305208
4622635
16520228
21980352
34278672
4271708
131760224
36671364
13824461
241727
256475264
150679088
213051104
76772608
32072278
9475875
579039232
623741504
198068144
34615400
14900367
8328512
244869312
161829888
72956760
49950184
50812756
21674370
170985552
806372736
784514048
272564288
338866240
508836736
156951472
307961824
45698844
214638288
161335744
271681856
271271552
95347736
192889840
93400312
1927753984
636629120
1123834496
536293632
858935296
469511488
7109786206208
302164836352
15672383897600
4340522942464
14647623
11722139648
81731376
3341987584
33770080
8870080512
7303862784
74130224
1811205504
1127572045824
50449342464
-973879296
8749006848
4443418624
8561519616
114652400
12174012416
2230366720
5893179572224
167912374272
89243385856
71308607488
8517887488
24712364032
3357434368
145096592
26839332864
3709308928
19188269711360
4986484293632
5944966643712
45309972480
211133284352
388930535424
106777149440
377618202624
73888645120
13159190528
10999132160
56528609280
122776420352
11239165952
38484926464
12799828992
4223683264512
9024906985472
1264834052096
16586368000
24145598464
97040760832
27853258752
69364514816
12994288640
1044254592
5794958848
4768498176
17152395264
14586186752
6428170240
3846161664
5605252096
1233662115840
9442108112896
11257657688064
1703672283136
10839400644608
1273918521344
4173360128
21726035968
37087436800
114976874496
174042120192
41210327040
47112364032
31008962560
3517923072
1607678464
2236982272
10624520192
3176011776
28901183488
10048994304
746181376
24358103810048
1143146938368
7694944567296
16322331148288
5056550
4721558016
2070629504
40086608
28814102
15114746880
2642658560
7195451392
62329072
35805523968
31324612608
51794751488
15459317760
17192996864
1101514752
15302301696
24740848
116870250496
153521471488
43995971584
9054502912
40165728256
28352913408
21117843456
51363909632
60020864
59694555136
734237229056
159246450688
112559513600
98075688960
96448651264
18590908416
18815772672
66223063040
69153562624
67838455808
32441241600
36653940736
15309093888
141678559232
99583901696
22454966272
56574582784
19685869568
1683584640
3544891136
3405967872
20077168640
24340455424
9959507968
3491162112
-784630784
13907009536
24567377920
67152216064
36262817792
359316389888
141937475584
23921262592
38806994944
2013228800
1470575104
3371676416
22091978752
5701470720
35852472320
18378838016
5827748352
69396643840
2400388382720
1080680251392
2278949376
5048744017920
11989630976
321958707200
267227299840
145325096960
16705896
340830
22699848
37450188
155881392
1936916
49515792
3803651
997945835520
3438345472
6476873596928
262666747904
436211810304
163721822208
1201851648
1554431360
3290014208
3358769152
175221312
44162097152
47033872384
37528252
18070506
33776
7176854
2499961
27853146
102076960
15533424
3967920
2389527
47227604
15337640
63850
205893376
107062184
33757832
52554996
333053
16521374
9295285
3275211
5212416
12989
23173928
23152468
17605892
3097280
2108857
396317184
393160608
293133632
220726496
74297984
1080902
56795160
21892246
501802496
893102336
503711936
744178368
165985792
248144704
199244688
19211436
126685696
103475488
79364648
143950096
39618796
48145380
9732946
30457976
26305438
13063493
10999339
11110710
106488528
640854080
147598352
101550504
46252092
23716922
49337960
2167919
311332576
161474752
330748032
146582560
110015440
16827804
111953272
133264
1862423808
349978496
315017504
917702144
284925216
142052496
363171328
146135328
67423128
105630864
115300520
79491312
25010180
70563312
8775120
26803774
39736292
13897767
4664733
11079598
85290864
287150400
115620600
69293640
55934908
39521604
7169482
12941628
598290432
508158944
113295248
3277260544
948135168
664908672
164673488
784331648
187386576
214263744
31946194
1335314688
144595584
94868472
596715264
157124096
49210184
32121548
675652736
180171536
69581312
185575584
35410464
39859028
218540704
285172672
138762192
122576736
3469699840
1031452480
648861184
421943328
347606208
107624976
1814751872
681506176
144626080
140805200
913329792
142655296
944780416
1871200384
1077878528
853476992
1432387456
216500832
4954734592
3615513133449216
4156635480064
48755835404288
17668453171200
1252419698688
401618894848
1692602990592
22934869508096
28497510662144
4298790666240
3855211008
111289704
1456511104
3058152767488
52010848256
19381772288
57282420
16879847424
4016130816
4442412810240
111116189696
37562335232
57793961984
11679438848
13889906688
-23180342
16317558784
6434072576
16937639739392
9142351691776
3181159645184
315901083648
192955777024
78834499584
79983755264
1029967872
50466394112
106767826944
10325417984
19711254528
14316872704
21950980161536
19272715730944
11833362612224
34978111488
960445677568
369418076160
59587211264
194243379200
41483161600
52486340608
21326712832
51090923520
160787218432
75582038016
27381194752
40038268928
13838562885632
50338048507904
91341539246080
27046440861696
44820819083264
8791436296192
167652737024
171419172864
549159862272
1617758257152
428519489536
148666499072
394037821440
23451713536
99732717568
4089212928
189688086528
224420429824
31247921152
1498554302464
17756814573568
20343081140224
2936365383680
6666950017024
1035662721024
15253719040
69323530240
47012519936
125102047232
136997429248
75879743488
30677927936
97542455296
3960168192
3082883072
7298143744
7024729088
4416503808
31153115136
54897004544
8558150656
580496982016
8971084627968
5739464097792
10390052274176
43664566910976
16262165954560
12653131988992
13063264665600
38824357888
29574356992
12519196672
105052717056
64530563072
309342371840
282570981376
80703963136
4474709504
3525790464
3806966272
8416347648
23175299072
47102443520
7932823994368
65576122712064
170388667498496
546815344640
2302839095296
1474405203968
5284195991552
47219394740224
21530778009600
8659787776
7171904512
31856758
27840714752
20376612864
9712373760
4505042944
39722736
89081708544
54422597632
14810365952
29054066688
25847572480
3420187648
13384811520
48480400
149069135872
243301531648
82780749824
141577224192
44392280064
27465003008
40561479680
26561613824
7655397888
20371283968
85972664320
183859445760
94186700800
293913296896
368261824512
127603245056
46193991680
23130267648
59005227008
238628782080
58028556288
41021505536
30961647616
353492860928
460565479424
903814447104
2512615636992
270547550208
280841551872
229825904640
34513911808
105766387712
9260569600
189272539136
135030398976
52705411072
9533849600
76261195776
48918601728
256566034432
-58692296704
135600865280
127781257216
40252784640
3544892160
2356552960
12979910656
17654235136
2343707136
58078466048
21446909952
3746231040
43535720448
59557527552
59830022144
190028939264
7314625536
450719875072
537257279488
139512365056
12168113152
13791662080
783886464
31330988032
17218379776
19919990784
13727280128
256754663424
49709607550976
1485081411584
3023497854976
641509097472
753876992
11215616000
9100546048
16308914618368
4895194218496
208852041728
259704127488
312334240
143306736
733509
72109520
42681104
274350720
254253136
130534936
91841296
55604360
37987676160
10561153024
20251848736768
30089117696
6880599474176
221900242944
235502174208
512680832
8557902336
139264
7576173568
1442177613824
46927503360
20795302
43289436
40773196
6386194
8760754
41570656
88331704
7873562
87342888
365652064
34396284
94939840
248312
170311664
463246336
214437328
75361688
126242808
38684048
148460480
24327624
2600578
4197471
132601896
63103460
14915361
840470336
875058112
395787712
1716070400
394220512
185520704
305796928
115910000
156608160
194568672
514008256
3288770816
1589744128
1348769664
461521728
771148544
835418560
78063728
336142656
407092384
151561440
143630128
56583512
97754624
101589816
7984296
614233024
336813248
67730712
32486030
2742975488
32096512
347537888
902369792
246558752
274761632
387561696
87279456
66115676
170280096
2203994112
4450884608
222448160
541019776
1214537344
749275840
752047424
84440848
247117120
584806656
190937216
145959824
43913432
45218348
57988856
11883658
881851200
513010400
166768384
70722280
1411346176
2725957120
1350938240
343473408
17617436672
1705898240
1734485376
2510895616
1078997504
216567968
3958926336
2021826432
439837376
232028096
1765358080
161094688
1988387584
3699478272
284127808
2895664896
3034210304
1643069952
10334251008
2858048406159360
11774125634748416
17796087469309952
8404444643328
15246012973056
1818230515564544
126007067541504
336292248289280
97921236205568
73388575948800
2749680058368
24830148608
417314054864896
1192112947200
38434404040704
38568613380096
2010475134976
28832174080
27253114880
67045376
20500189184
4089486336
11093970780160
6122783113216
32218454016
78548353024
45430026240
22906497024
11823577088
6910744985600
20270471446528
11682814361600
666444562432
243790495744
43908407296
136070987776
66088374272
54610952192
88069013504
20161409024
13719552000
16040361984
34085133090816
39569273651200
5308224634880
31718960529408
2023016103936
431571468288
728604934144
336303161344
214272000000
190451023872
49243279360
149881159680
12172531712
18686393974784
151733711929344
95123123732480
44630632562688
81042157338624
22348298190848
108585713664
154064568320
815395110912
2119403044864
806871236608
488318992384
63853592576
41748160512
78259978240
29654212608
236703891456
227986014208
40281784320
89108022034432
21746648350720
97131280990208
233677862731776
55700784939008
125253896372224
55934265065472
657369333760
655265759232
132721426432
1938417778688
2919281721344
385981415424
107677515776
100058865664
346663321600
5546613669888
-119428481024
7034225819648
3978152116224
42441054879744
17798820528128
6673240424448
11962499989504
67417202688
22426359808
104369233920
175480537088
43127386112
589740769280
182178643968
117861523456
7345370112
15888007168
4190283264
33156313088
24181153792
43389829120
6543908536320
4901155373056
8246914973696
26328898207744
10339570679808
67541691006976
75652568973312
29275495333888
71356899328
203453988864
21374490624
76203638784
209158619136
303631892480
9862283264
11849655296
24540311552
12790530048000
19053359923200
13401980516958208
132111407251456
377970879365120
141609333161984
7430145048576
57603031040
1960538406912
3552262225920
2960970318086144
61085700849664
48394366091264
62671740928
27243583488
9284132864
20332957696
47992648
87728988160
183511810048
-7247591424
23197812736
21438535680
585890201600
214602842112
48451444736
129267204096
96322953216
77373980672
106470572032
19259553792
13414825984
39711412224
157461725184
1156733992960
439073374208
152136908800
259452305408
87707623424
199893368832
11595531264
308750385152
495380824064
666093879296
1940611792896
1121056980992
590590902272
908360024064
70449692672
127321391104
9905034240
289418379264
351931662336
38643421184
207894790144
1567977373696
339520323584
2907567030272
1174982361088
817070604288
158763597824
69495431168
146194939904
53566210048
74917036032
-5073727488
237891633152
26408388608
840099495936
873300164608
148214513664
8720904192
9179803648
2097395456
22137862144
26945073152
67965616128
68917542912
259841851392
42055692288
114611970048
243747930112
257039122432
22142867456
10334482432
20390588416
838497075200
26394611712
215183605760
2557137911808
91923826081792
2329928531968
3169465139200
7896375296
36024442880
10498044928
27142108741632
70190989312
95418204160
359277056
550882304
229387776
74043656
139374176
637713600
592619072
76279560
29914365952
57107640320
2041419162189824
69937479680
11779226730496
268433653760
506328064
5877943808
9917402112
105160136
83704656
14833960
69934656
159975312
1435957888
379382784
10515791
124584488
533781888
1344441728
89047560
37989424
75317440
12765059
103374640
179200704
11694302208
3492213504
1523055360
1388855040
74584928
442240256
195854832
7176480768
1227657856
893703488
1302263296
1158873728
746289152
57645764
100216664
526932416
3723024128
9500417024
3241300992
765377280
1451749760
916232000
416358048
268960064
5352330240
2880636160
1033232128
591873152
491075072
1055698304
85221920
122611224
491971584
23948783616
1753135744
2958477824
5784301568
2995475968
3597986560
18159724544
1945953313488896
6002258135220224
2045116641552891904
32354959303376896
54813158610567168
9297551928852480
77361764630528
32326702596096
11047001630179328
209629904633856
16555840500662272
297838701445120
458770018729984
4998227296256
20818048319488
2226997952512
4933762076901376
7176358849413120
46804280279040
17009727242240
8010814980096
81039253504
228074373120
75410120704
16061155328
21516834816
8772863918080
10002708299776
15385571098624
313333186560
256627228672
25983895552
96855857823744
23049818603520
5094737707008
38713459474432
14664991768576
599218782208
1631193661440
362015227904
80917544960
200337260544
114949890048
72379809792
39662919680
20582099845120
221241164169216
35969705181184
41915223375872
15998891589632
533517238272
1253428559872
198673039360
69647204352
42648723259392
80168559312896
202459288961024
77690908442624
88867109601280
5963355521024
120022659760128
698927022080
1270095413248
229106745344
2214207946752
2734789492736
302367309824
147284246528
173155844096
226673459200
88660741455872
145598065934336
74911343181824
655715609870336
187445391917056
105087800180736
1397261467648
2012645425152
5187560275968
91577696256
9030296666112
7379082018816
14509233143808
26122989338624
12298135535616
52318422695936
65345624735744
14023139524608
49137377280
199405584384
17714987008
297004072960
414761091072
334022770688
15257567232
21731782656
8365840896
13657534627840
39523790618624
7138331590656
29187779854336
47070635360256
83647147278336
172272697344
77121314816
38184947712
26821083136
32932406231040
51106092679168
53052019048448
32520755778420736
36476855255040
273431660593152
611490197405696
5510485508096
7990813392896
3752394546479104
1450935515611136
10626024865792
50184738308096
72095121408
281240961024
12048485376
22306881536
36525064192
286104485888
123191410688
40717082624
630704242688
918012559360
448658276352
174813380608
73397354496
291060842496
127017639936
60847587328
1857118797824
2962118148096
333575913472
191424593920
832618889216
747771133952
558813544448
1203842318336
1172166279168
1074816155648
209577082880
134583074816
332944769024
1586181177344
1130899963904
2836289552384
238643347456
92978241536
114899369984
21003245568
279048028160
74381271040
901422186496
10113087488
16418692096
58376732672
251099250688
122250035200
528826335232
16621771776
410662469632
942132035584
216355405824
448471559569408
355456712704
4159151800320
140879724544
137435078656
31396548575232
1492509824
388288384
223508144
1724238336
202510204928
260010016768
21590679552
5272541069312
274139744
1710412800
1244003968
208695680
1762061312
282089216
12214726656
5710361600
1954345472
566012800
6781639680
1321650432
10451848192
11404402688
1769218176
739269504
5118210560
966909632
7123013632
2523722514694144
3298006870786048
45519085605224448
39055275788861440
3651509522792448
4189177956532224
75276431508111360
151502605778944
61121323107090432
2770777891930112
-863928057856
36303743645384704
812284616114176
8570555699560448
146879190925312
41828350951424
27245907279872
30002873630720
16295363870720
231032078336
226180661248
5584592896
20125887496192
25600112721920
131590963200
122002866176000
291627004329984
59834506412032
47317000388608
94302793367552
1291733434368
2031871852544
147821379584
192481755136
61311073386496
111527214448640
71099819753472
1724741976064
79650361442304
467106114043904
133731155181568
701820808724480
810618504347648
89615054667776
1387047813120
1439488540672
4035242885120
132628086784
116335992373248
237832119517184
490307594485760
1064682651648
5550281064448
52609301872640
7571772014592
34163107299328
68176012378112
138095227830272
320547618816
89720078336
225885274112
15827924992
23916902875136
24642439872512
80584416165888
34682658816
123178269540352
33433187220717568
16356867047424
46647455118262272
83103176181415936
221343958171648
25347953262592
14058552033280
11607233943044096
247067213824
350386421760
41849454592
359443529728
2881868529664
1347267067904
69208670208
323568140288
1850951073792
3101255270400
1910690938880
5508072210432
289904984064
3114984800256
82629910528
63552479232
318208802816
48222674944
112725950464
1476638015488
279919108030464
660156069183488
137516990464
2281274112
153213501440
3496573440
4373967872
7161911296
24794204102197248
-9223372036854775808
2958306128397598720
2131177340804268032
51094176493731840
237220561405608000
94842713370787840
17742669887307776
151623183630336
12883133435215872
54062204583936
67249280909312
380551462912
128729137283072
481208572051456
527280283582464
162189356826624
3043019980800
282611263995904
559605381857280
342603904057344
672636975710208
1865857892352
297632509460480
97468242984960
65819845328896
83842257911808
537386614784
96296983592960
45055186187583488
114785953775616
236884055818240
41581721681920
529616338944
1851537227776
2335428050944
213942435840
336970282696704
249128925169451008
76725656552996864
110292251900379136
138815722418601984
73312306724864
739555250536448
545955103375360
127215220031488
170961585534140416
89696036880121856
