27391860
91769
129
1951528
5797779
14190
5282982
64
5186
7737
31
15900318
6710709
25896
46389404
124
129
451542
7492306
86227
569793
9887
20608252
14190
228334
32
2412
7363912
39272376
134096
12933483
21467
38925616
35790
387384
141
5111845
68868
217334
214825
3788915
86227
179100
9887
330505
228334
37762332
204858
10375849
690447
77591152
458864
1224946
17096
1691292
634095
85509
7435801
95067
-3080
148872
68779
228528
483143
668657
55901716
588636
851808
588181
958238
1224946
1691292
79079
193620
-3079
68779
425293
1079918
820394
958238
326035
1595945
