27510552
17936
143
1951528
976575
11944
1198390
64
5186
2165
9
13240050
768052
26001
20141554
47
143
451542
2869068
86227
287190
3732
1819737
11944
29505
9
884
13959544
10962678
134096
21913060
19749
10975430
37331
273117
26
5464161
68868
100775
61514
2269176
86227
64730
3731
114721
86906
15704824
203183
4379091
149702
18226866
902291
599182
14534
206936
361949
59807
5498665
73618
106579
101478
84541
78962
71247
229120
14089976
170026
387595
149703
172578
599183
206936
47483
99042
97435
84541
229120
411569
387595
172578
99042
546673
