27885712
89331
73740
1951528
5322811
4847926
24074662
84160
21505
21700
13422
14556329
6706590
9053706
65588272
15213
73740
1722739
7165499
7142421
1628894
1102113
16379023
4847926
20371834
13827
17017
38430424
24975964
27068468
35349084
2565694
121054912
8509260
73774768
17730
13836754
10802700
2082358
4172695
11320711
7142421
17584252
1102113
24274746
20371836
19633714
38666616
71263384
21175456
190236832
12071897
62481800
3010627
94861280
59090936
13835034
18512380
5619700
29919374
10947878
26944340
23405198
30170988
54136788
223689824
31871196
146947184
48889892
108709400
62481780
94861272
9801848
36473300
29919386
26944340
101776160
243857536
80126520
108709392
-11394452
130572584
