36887060
916333
80684064
37525844
2728943
36408564
1342402
2627503
339353472
38887988
2390243
100568632
110774968
117385344
5096131
84265632
3250232
127770216
2805435
5402697
12537053184
1699238784
204189728
432272992
3775644
317917568
99071232
34154065920
84384256
487067840
52992008
1512940288
5495729
115820080
188060778496
28756877312
106980188160
2092554752
2848979712
146707312
355448832
49003483136
312548753408
221207328
924426752
154190577664
49293320192
109897957376
3366076928
232235794432
634321371136
