36887060
916333
80684064
37525844
276403
36408564
1342402
2627503
339353376
43803904
713515
100568632
110775008
429360128
1241199
84265632
1610091
127770240
370753
5402697
12537049088
1699238912
194666048
432272704
6072345
317917664
48038932
34154065920
5731004
487067840
156621376
1512940672
2922506
76257544
188060778496
10919144448
106980147200
2007501824
2848978944
1114875776
289200448
54174449664
312548818944
296660064
1352381696
110755143680
49293393920
89944432640
4033766912
168939143168
525417840640
