1975592
1813
1341651
325676
6397
276166
375023
629244
172059
174170256
4171541
117890
598143
5131699
4329618
6655559
536928
7917392
1495955
387115
100013
171114
5390
574365
143175
2042537
6897311744
25480208
31539006
7996390400
2309188864
2356009
5697622
49607464
45434
1447468
10840432
799505920
781098368
10296804
64381376
4787079
678658304
16896590
244312224
2614070
17450480
222822
1002527
151034
355715
4234930028544
1840862336
10008293376
50275909632
9297680
1775066112
8067661312
427035680
1534252288
10956946432
2876570
-1141506
43015744
2056762
96748912640
51713920
10923245568
746285696
3399192064
23786872
282343808
155917264
466798272
21377884
1790597
-56952750080
4391003750400
10238736465920
3570919680
11128559616
-1153272704
382383936
538689344
2609132544
6354903040
8903258
81392820224
390159040512
5321431552
1741717760
182477728
553005744128
1421045923840
11650504589312
9383028736
2209422592
580857430016
1690960658432
