1634427
1936
788774
116560
4676
222686
162623
193285
57025
69986792
3554945
33988
494350
5297702
3391305
3199556
420794
2820131
1314896
208643
39362
44630
3577
253541
60671
244964
7316376064
10641516
60244352
4672687104
1399560192
1253016
1572371
6423211
27006
936942
6497924
2188914944
215365040
4446045
13859714
2745377
345440800
5500307
13475794
3512615
2823786
288619
280277
21461
240593
944196812800
799147072
692865920
4967069696
17413244
2536127488
12339365888
287802752
182297200
910406016
1199105
2583692
5926901
792177
43330293760
1943243136
4280019712
420806656
917775296
2405970
474881216
53490864
123612864
3075025
533307
254158897152
374718300160
4155261845504
1044275712
3634784768
15178178560
1609479424
377681792
713359360
2590814720
5006977
133925535744
114985353216
1135465728
357790944
86664392
152124620800
847751938048
4037244092416
2952715264
474814272
159230705664
863223545856
