1939710
12484
970534
1618200
47945
276166
904931
1300574
2627503
71298024
25952700
201666
660765
21235948
54392656
5016938
522813
12240713
18163004
2311685
520411
1988645
28275
1461120
294738
5348731
43160805376
55547800
96304080
23845779456
6465731584
18105888
56423264
209427536
87915
11622536
12774030
4447482368
6267804160
20469494
246042560
10823848
1316936704
8617198
655391616
6063494
75299616
866381
26948168
886250
3325119
6272820707328
11053555712
51714662400
183491444736
44042620
11119363072
20863889408
3948214016
6645299200
19268644864
47702620
110194048
47599580
8855357
760072175616
7874518016
23496396800
8434471424
18776178688
253064080
4120486912
913827776
1534598144
39482944
18743420
3270147309568
3939242868736
41661799333888
34885705728
148442071040
275378372608
11142816768
2677174272
15979634688
2319534592
143971776
663073325056
7006885773312
32205320192
13716680704
1595717376
4276752220160
18278722306048
8468017184768
81370103808
6736295424
732829777920
25618632671232
