1975592
199266
1341651
1618200
377217
276166
904931
1342402
2627503
174170256
24830806
1095208
598143
6904780
7811976
58921248
536928
23800562
9729324
30720072
520411
1988645
320461
7568651
294738
5402697
49534144512
326092736
31538972
16760178688
3738511360
123946504
23329908
246456832
434885
48450896
9709966
2853501696
18530516992
13790182
185651456
29499966
8844601344
16747368
1134838528
6584353
19575496
21803424
120976968
886250
8864102
4152299356160
49421340672
36746907648
244473888768
292822144
30821554176
13494330368
7921242624
2026520960
21980422144
96320848
711796864
223947056
62477080
2421433040896
4264477184
51415523328
30452969472
183867981824
8171122
11516880896
3292923904
10022999040
12936735
81796696
12242005262336
4389336252416
48631243603968
81008295936
355349921792
208930783232
54284025856
6194604032
36843978752
28989718528
644278016
4986016628736
32772819255296
21651101696
182490906624
12117888000
12548644536320
214886172852224
35213514113024
418307571712
54036733952
25495655677952
42042239483904
