0
0
0
0
0
0
0
0
0
0
0
0
0
0
0
0
930
0
0
0
0
0
0
0
0
0
0
0
0
0
0
0
138
0
0
0
66
0
0
0
221
0
0
0
0
0
0
0
0
0
0
0
0
0
0
0
0
0
113
0
0
0
0
0
0
0
0
0
0
0
304
0
0
0
304
0
64
12
300
0
0
930
0
0
0
930
0
0
0
930
0
0
0
407
0
0
0
136
0
0
407
0
0
0
196
0
0
376
652
1581
350420
0
0
0
0
0
0
0
0
0
843
0
0
0
40
0
0
0
0
0
0
0
0
0
0
0
930
0
0
0
0
0
6
0
0
0
112
0
0
0
0
0
0
0
0
0
0
0
82
0
0
0
0
0
0
0
0
0
14
0
0
0
0
0
0
0
0
0
0
82
0
0
0
0
0
0
0
0
0
0
138
0
0
0
0
0
0
0
0
0
0
528
0
0
0
0
0
0
0
0
0
0
211
0
0
0
0
0
0
0
0
0
0
652
0
0
0
0
0
0
0
0
0
537
0
1581
0
930
0
0
499964
0
0
0
0
315
537
0
0
536
0
0
169602
0
0
0
97
166
0
0
536
0
0
52417
0
0
0
315
537
0
0
536
0
0
169602
0
0
0
164
0
0
0
0
0
0
0
0
0
0
930
0
0
0
0
0
0
0
0
0
0
528
0
0
0
0
0
0
0
0
0
115
0
0
0
64
0
0
0
0
0
0
0
0
0
0
0
0
0
0
0
0
0
0
0
0
0
0
0
0
0
0
0
0
0
0
0
0
0
0
0
0
0
98
0
288
0
0
0
0
929
0
0
0
0
0
91229
0
0
0
0
0
0
0
0
0
0
0
0
82
0
243
0
0
0
0
929
0
0
0
0
0
76949
0
0
0
0
0
0
0
0
0
0
0
0
196
0
0
0
0
0
0
0
0
0
0
0
0
0
0
0
0
0
0
0
0
0
0
0
0
0
0
0
0
0
0
0
0
0
0
0
0
0
0
0
0
0
0
0
0
0
0
0
0
0
0
0
528
0
0
0
0
0
0
0
0
0
0
0
0
0
0
0
0
0
0
0
0
0
0
0
0
0
315
537
0
0
0
0
536
0
0
0
0
0
169602
0
0
0
0
0
0
0
0
0
0
0
0
0
66
113
0
0
0
0
536
0
0
0
0
0
35778
0
0
0
0
0
0
0
0
0
0
0
0
64
0
37
0
536
0
0
20269
0
0
0
48
0
28
0
536
0
0
15255
0
0
0
0
0
0
0
0
0
0
0
0
0
0
0
179
0
528
0
0
0
0
929
0
0
0
0
0
166723
0
0
0
0
0
0
0
0
0
0
0
0
138
0
407
0
0
0
0
929
0
0
0
0
0
128770
0
0
0
0
0
0
0
0
0
0
0
0
331
0
0
0
0
0
0
0
0
0
0
0
0
0
0
0
0
0
0
0
0
0
0
0
0
0
120
0
0
0
0
0
0
0
0
0
0
0
0
0
0
0
0
0
0
0
0
0
0
0
0
0
179
304
0
0
0
0
536
0
0
0
0
0
96225
0
0
0
0
0
0
0
0
0
0
0
0
