1572
0
0
269
357
0
0
2
331
0
0
56
891
0
0
6
3072
1460
150
461723
857
6755
95391
13218678
412
3252
95391
6363633
1371
10805
95391
21142650
138
6755
15388
2132387
66
3252
15388
1026557
221
10805
15388
3410653
857
688
9727
1348017
412
331
9727
648952
1371
1101
9727
2156089
2
1077
5167
71913
21
1194114
34
524977
0
1077
34
473
7
1077
13897
193408
8746
1194114
13897
214242441
2942
576
13697
5036
48936
3072
15475221
1844
17920
3072
5667089
186
1815
3072
573995
2205
48936
1346
6778669
739
48936
451
2271552
3752
1346
83208
11530417
1806
648
83208
5550883
17167
2153
238015
52754129
14
533
217
23348
43
1572
217
68838
13975
2785
149805
42945536
13
40
200
103
517
1569
4194
20890
63396
163220
6593947
13
0
3072
0
131
0
0
41536
21
0
285
37
112
560
103
517
1569
11701
58279
176862
163220
18395681
103
412
82
1963
394
1569
162814
32689
130095
619911
51392159
2
13
638
62
3052
15388
818
39963
201467
963495
12614459
16
82
4041
62
3052
15388
5181
253054
1275717
963495
79876208
27
138
6755
62
3052
15388
8660
422986
2132387
963495
133514708
224
1743
8746
3838
19258
149805
688712
3455241
26877398
59178336
10617497309
89
698
3503
3838
19258
149805
275854
1383950
10765382
59178336
4252696695
276
2153
10805
3838
19258
149805
850803
4268443
33203083
59178336
13116360440
24494
11638
238015
150
3072
1460
3680440
75267219
35763799
461723
11309506269
13
315
24494
13
1046
24449
4266
331089
7731522
330482
104507836
32
97
7570
103
8056
24449
10146
787392
2389534
2542996
248538685
104
315
24494
103
8056
24449
32830
2547667
7731522
2542996
804165961
69
541
888
3838
6291
48936
214065
350829
2729007
19331778
1078052054
395
3072
5036
3838
6291
48936
1213888
1989427
15475221
19331778
6113245134
224
1743
2857
3838
6291
48936
688712
1128723
8780035
19331778
3468416302
5661
3563
1194114
87273525
2901
1826
1194114
44730376
14
533
663
217
270
9727
23348
29060
1043407
425945
45686890
15
560
697
217
270
9727
24534
30535
1096369
425945
48005892
30
1093
1361
217
270
9727
47882
59595
2139777
425945
93692783
19
97
4786
953
62
3052
608
15388
3067
149805
6135
299670
59731
1510721
301123
14707035
963495
192047
9379739
47285803
94590440
18854152
920848308
4642245494
2960695271
290663864525
16
82
4036
804
62
3052
608
15388
3067
149805
5175
252764
50382
1274254
253989
12405007
963495
192047
9379739
47285803
79784609
15902993
776711919
3915614955
2960695271
245167511372
83
648
1062
3252
3838
6291
19258
48936
149805
245514
256079
419685
1284740
3264624
9993649
16378473
19331778
59178336
96986668
754433398
1289638866
3947835554
6470060520
50328873329
298027154589
19881636935573
83
0
1062
3252
2
6291
19258
25
79
245514
135
419685
1284740
1729
5293
16378473
10239
31345
96986668
399607
683094
2091084
6470060520
26658130
157858625
10530878904
224
1743
2857
8746
3838
6291
19258
48936
149805
245514
688712
1128723
3455241
8780035
26877398
44049047
19331778
59178336
96986668
754433398
3468416302
10617497309
17400889479
135356873352
298027154589
53470623018142
104
315
24494
15416
103
8056
5070
24449
15388
1194114
32830
2547667
1603484
7731522
4866166
377612272
2542996
1600544
124201477
376919884
804165961
506136476
39275955848
119192532964
39203939648
12397374254164
21
66
5167
3252
103
8056
5070
24449
15388
1194114
6925
537451
338268
1631027
1026557
79660385
2542996
1600544
124201477
376919884
169645361
106773613
8285582872
25144635906
39203939648
2615327102030
2901
1826
37
1194114
24449
15388
44730376
915843
576425
376919884
14119050928
2106
1325
27
1194114
24449
15388
32474901
664915
418493
376919884
10250635490
0
28
36
217
270
9727
1268
1578
56677
425945
2481707
35
179
8746
1743
62
3052
608
15388
3067
149805
11213
547654
109160
2760872
550308
26877398
963495
192047
9379739
47285803
172865896
34456335
1682868452
8483795237
2960695271
531193947573
27
138
6755
1346
62
3052
608
15388
3067
149805
8660
422986
84311
2132387
425036
20759028
963495
192047
9379739
47285803
133514708
26612696
1299780321
6552544305
2960695271
410272970828
140
1095
1794
2
3838
6291
9
48936
72
118
432632
709036
1049
5515408
8165
13382
19331778
28621
46907
364881
2178776118
3225781
5286695
41123791
144140918
16245312858
51
396
650
0
3838
6291
9
48936
72
118
156778
256942
380
1998683
2959
4849
19331778
28621
46907
364881
789548759
1168964
1915802
14902512
144140918
5887005327
59
179
13897
8746
103
8056
5070
24449
15388
1194114
18627
1445446
909754
4386563
2760872
214242441
2542996
1600544
124201477
376919884
456252329
287162050
22283641921
67625183573
39203939648
7033785497389
