1334883
724
250
724
303350
28
2
6
281604
724
52
152
757360
28
5
16
2609129
488339
43610
488339
6501116
1982417
317276032
139032576
3129715
954359
317276032
66931960
10398222
3170781
317276032
222375904
201542
1982417
4530442
1985271
97024
954359
4530442
955733
322357
3170781
4530442
3175345
6501116
584955
65676520
28779910
3129715
281604
65676520
13854996
10398222
935607
65676520
46032080
572
219233
7646039
46249
6289
365167744
50388
507676
3
219233
50388
304
1540
219233
20563616
124384
2566700
365167744
20563616
207181856
4354361
852869
20268724
7451973
39100972
2609129
39100972
2728943
14318938
2609129
14318938
276403
1450304
2609129
1450304
3264215
39100972
1142886
17127546
1093848
39100972
382984
5739493
5552384
1143338
66483904
29133712
2672984
550417
66483904
14025320
25403332
1828715
190176368
133292896
4064
452773
68657
23287
11983
1334883
68657
68657
4101153
2365297
50658436
45924240
195961
58756
170535
1531930
6790489
1332361
195708
867504
170212
6883978
879447
121863
9
2609129
2
1054449
56
2
1054449
56
23
23
546689
163918
475755
1531930
6790489
1332361
545984
2420148
474857
6883978
2453467
796108
349953
120574
13443307
3032802
1332361
3524306
795081
349292
13628388
3572827
279595
97024
954359
1323651
28344108
4530442
279235
5979421
955733
28934980
6104069
347457
120574
1185996
1323651
28344108
4530442
347009
7430711
1187703
28934980
7585614
580782
201542
1982417
1323651
28344108
4530442
580033
12420586
1985271
28934980
12679510
1722915
1480317
2566700
26275950
64943128
50658436
14907943
36846184
28741608
1347085312
764283328
690090
592921
1028057
26275950
64943128
50658436
5971179
14758252
11512072
1347085312
306123552
2128408
1828715
3170781
26275950
64943128
50658436
18416576
45518056
35506040
1347085312
944159872
36244344
3520162
190176368
43610
2609129
488339
3520162
190176368
49264792
488339
49264792
121863
459925
36244344
121705
9090581
32208260
121705
9090581
32208260
9123561
9123561
474075
142146
11201818
1531930
114424592
32208260
473464
35364512
9954411
114839712
35492808
1533909
459925
36244344
1531930
114424592
32208260
1531930
114424592
32208260
114839712
114839712
535516
460111
1314132
26275950
46575272
39100972
4633683
8213405
6895336
551330048
97225360
3036719
2609129
7451973
26275950
46575272
39100972
26275950
46575272
39100972
551330048
551330048
1722915
1480317
4227957
26275950
46575272
39100972
14907943
26424982
22184358
551330048
312803072
9501842
1185996
365167744
95732632
9501842
1185996
365167744
95732632
4064
452773
5032068
68657
840471
65676520
23287
285076
22276554
8919338
3025314
4271
475755
5287489
68657
840471
65676520
24469
299546
23407280
8919338
3178875
8335
928529
10319557
68657
840471
65676520
47757
584622
45683836
8919338
6204190
411463
142785
1404472
810014
1323651
28344108
11468010
4530442
2604200
50658436
410933
8799546
3560291
1406494
808485
15727122
28934980
11625895
587928704
51205444
8982985
3609307
182524896
15896942
610725760
189602368
347059
120435
1184636
683226
1323651
28344108
11468010
4530442
2604200
50658436
346611
7422190
3003013
1186341
681936
13265422
28934980
11625895
587928704
51205444
7576916
3044357
153955040
13408661
610725760
159924704
640620
550417
1572054
954359
26275950
46575272
64943128
39100972
50658436
75079856
5543125
9825433
13700283
8248668
10686809
15838708
551330048
1347085312
1581711360
1050745408
116307568
284178592
333674880
221663280
39098089472
8248060928
640620
234
1572054
954359
11178
46575272
64943128
16634
21551
75079856
2358
9825433
13700283
3509
4546
15838708
234551
573089
1581711360
447017
49480
120897
333674880
94302
16633474
3508967
1722915
1480317
4227957
2566700
26275950
46575272
64943128
39100972
50658436
75079856
14907943
26424982
36846184
22184358
28741608
42597364
551330048
1347085312
1581711360
1050745408
312803072
764283264
897400960
596151680
39098089472
22182723584
1533909
459925
36244344
4523930
1531930
114424592
32804108
32208260
4530442
365167744
1531930
114424592
32804108
32208260
4530442
365167744
114839712
33487952
3885896192
367097504
114839712
33487952
3885896192
367097536
4004656640
4004656640
323590
97024
7646039
954359
1531930
114424592
32804108
32208260
4530442
365167744
323173
24138798
6920293
6794595
955733
77035112
114839712
33487952
3885896192
367097504
24226370
7064556
819761408
77442208
4004656640
844814912
9501842
1185996
120574
365167744
32208260
4530442
95732632
8443740
1187703
367097536
96238528
9501842
1185996
120574
365167744
32208260
4530442
95732632
8443740
1187703
367097536
96238528
220
24594
273341
68657
840471
65676520
1264
15485
1210060
8919338
164334
751957
260943
2566700
1480317
1323651
28344108
11468010
4530442
2604200
50658436
750988
16081335
6506498
2570395
1477521
28741608
28934980
11625895
587928704
51205444
16416572
6596077
333567648
29051960
610725760
346501856
580782
201542
1982417
1143338
1323651
28344108
11468010
4530442
2604200
50658436
580033
12420586
5025362
1985271
1141179
22198880
28934980
11625895
587928704
51205444
12679511
5094549
257634464
22438584
610725760
267624336
1082294
929900
2655902
836
26275950
46575272
33677
39100972
26270
38934
9364818
16599549
12002
13935688
9362
13876
551330048
698565
820237
544891
196495488
248970
292334
194200
20275318
7226176
392203
336978
962450
302
26275950
46575272
33677
39100972
26270
38934
3393638
6015371
4349
5050038
3392
5028
551330048
698565
820237
544891
71206352
90222
105936
70374
20275318
2618633
870279
260943
20563616
2566700
1531930
114424592
32804108
32208260
4530442
365167744
869157
64920024
18611762
18273702
2570395
207181856
114839712
33487952
3885896192
367097504
65155544
18999748
2204704768
208276720
4004656640
2272084992
