1572
0
0
269
357
0
0
2
331
0
0
56
892
0
0
6
3073
1442
148
456124
829
6761
92314
12792270
399
3255
92314
6158355
1325
10815
92314
20460632
138
6761
15405
2134770
66
3255
15405
1027704
221
10815
15405
3414464
829
689
9407
1303592
399
331
9407
627565
1325
1102
9407
2085034
1
627
5165
41883
21
1194909
34
525326
0
627
34
276
4
627
13893
112643
8754
1194909
13893
214384953
2941
576
13694
5034
48934
3073
15474354
1843
17919
3073
5666772
186
1815
3073
573963
2205
48934
1346
6778289
739
48934
451
2271425
3751
1346
83203
11529771
1805
648
83203
5550572
17163
2154
238002
52751171
15
533
222
23869
44
1572
222
70373
13988
2786
149972
42993285
13
40
200
103
513
1569
4167
20756
63421
162212
6553218
13
0
3073
0
128
0
0
40657
21
0
279
36
112
560
103
513
1569
11626
57907
176932
162212
18282054
99
412
82
1880
377
1569
155858
31292
130146
593543
49206258
13
66
3255
62
3061
15405
4178
204202
1027704
966395
64469022
16
82
4045
62
3061
15405
5192
253765
1277142
966395
80116562
27
138
6761
62
3061
15405
8678
424173
2134770
966395
133916465
214
1743
8754
3674
18448
149972
659286
3309999
26907282
56701819
10173172404
85
698
3506
3674
18448
149972
264068
1325775
10777352
56701819
4074728291
264
2154
10815
3674
18448
149972
814452
4089018
33239999
56701819
12567462198
24487
11492
238002
148
3073
1442
3634193
75262998
35321295
456124
11169574341
13
315
24487
13
1024
24447
4176
323941
7731131
323412
102271970
31
97
7568
103
8001
24447
10082
782022
2389413
2526160
246893303
103
315
24487
103
8001
24447
32621
2530293
7731131
2526160
798842199
66
541
887
3674
6019
48934
204919
335690
2728854
18501166
1031732306
378
3073
5034
3674
6019
48934
1162023
1903577
15474354
18501166
5850582516
214
1743
2856
3674
6019
48934
659286
1080015
8779543
18501166
3319391801
6419
4045
1194909
99060934
6419
4045
1194909
99060934
15
533
641
222
267
9407
23869
28718
1009021
421013
45157880
15
560
674
222
267
9407
25081
30175
1060238
421013
47450030
31
1093
1315
222
267
9407
48950
58894
2069260
421013
92607911
19
98
4790
954
62
3061
609
15405
3068
149972
6148
300512
59856
1512409
301242
14723387
966395
192486
9407911
47347873
94875071
18897255
923614153
4648339234
2970183660
291595379485
16
82
4040
804
62
3061
609
15405
3068
149972
5186
253474
50487
1275678
254090
12418799
966395
192486
9407911
47347873
80024688
15939350
779044838
3920754869
2970183660
245953220338
79
648
1062
3255
3674
6019
18448
48934
149972
245677
245138
401575
1230735
3264441
10004761
16389368
18501166
56701819
92886476
755082555
1234228047
3782625090
6196533332
50372179143
285483498403
19044839300548
79
0
1062
3255
1
6019
18448
21
67
245677
110
401575
1230735
1467
4497
16389368
8317
25491
92886476
339466
554878
1700574
6196533332
22646089
128346338
8562089938
214
1743
2856
8754
3674
6019
18448
48934
149972
245677
659286
1080015
3309999
8779543
26907282
44078349
18501166
56701819
92886476
755082555
3319391801
10173172404
16665252409
135473342073
285483498403
51220099531071
103
315
24487
15430
103
8001
5041
24447
15405
1194909
32621
2530293
1594409
7731131
4871603
377863456
2526160
1591805
123467553
377246267
798842199
503372988
39043868475
119295744476
38980095579
12326588544169
21
66
5165
3255
103
8001
5041
24447
15405
1194909
6881
533786
336353
1630945
1027704
79713374
2526160
1591805
123467553
377246267
168522270
106190633
8236622150
25166409216
38980095579
2600394279806
6419
4045
82
1194909
24447
15405
99060934
2026798
1277142
377246267
31274651389
6419
4045
82
1194909
24447
15405
99060934
2026798
1277142
377246267
31274651389
0
28
34
222
267
9407
1296
1559
54809
421013
2452971
35
179
8754
1743
62
3061
609
15405
3068
149972
11236
549191
109388
2763957
550526
26907282
966395
192486
9407911
47347873
173386064
34535107
1687923089
8494931668
2970183660
532896309542
27
138
6761
1346
62
3061
609
15405
3068
149972
8678
424173
84487
2134770
425204
20782109
966395
192486
9407911
47347873
133916465
26673536
1303684320
6561145639
2970183660
411587807162
134
1095
1794
2
3674
6019
9
48934
78
127
414148
678439
1082
5515099
8802
14420
18501166
29529
48373
393236
2085162493
3328106
5451960
44319480
148675853
16756419899
48
396
650
1
3674
6019
9
48934
78
127
150079
245854
392
1998571
3189
5225
18501166
29529
48373
393236
755624887
1206045
1975691
16060572
148675853
6072221204
58
179
13893
8754
103
8001
5041
24447
15405
1194909
18508
1435589
904605
4386341
2763957
214384953
2526160
1591805
123467553
377246267
453231834
285594155
22151964618
67683741750
38980095579
6993624452786
