1572
0
0
269
357
0
0
2
331
0
0
56
892
0
0
6
3073
1493
153
472167
819
6760
91269
12647535
394
3254
91269
6088677
1311
10813
91269
20229134
138
6760
15400
2134119
66
3254
15400
1027391
221
10813
15400
3413422
819
689
9302
1289041
394
331
9302
620560
1311
1102
9302
2061761
1
538
5166
35945
21
1194907
34
525326
0
538
34
236
3
538
13896
96673
8753
1194907
13896
214384732
2942
576
13696
5035
48941
3073
15476719
1844
17922
3073
5667638
186
1815
3073
574050
2205
48941
1346
6779325
739
48941
451
2271772
3752
1346
83216
11531533
1806
648
83216
5551421
17166
2154
238038
52759234
14
533
211
22653
42
1572
211
66787
13985
2786
149939
42984017
13
40
200
103
516
1569
4190
20874
63411
163109
6589440
13
0
3073
0
131
0
0
41651
21
0
285
37
112
560
103
516
1569
11691
58234
176905
163109
18383106
99
412
82
1884
378
1569
156216
31361
130127
594836
49313405
2
12
633
62
3042
15400
808
39505
199953
960508
12470686
16
82
4044
62
3042
15400
5161
252249
1276753
960508
79628518
27
138
6760
62
3042
15400
8627
421640
2134119
960508
133100689
215
1743
8753
3683
18488
149939
660802
3317095
26901481
56821627
10194667833
86
698
3505
3683
18488
149939
264675
1328618
10775029
56821627
4083337998
265
2154
10813
3683
18488
149939
816324
4097784
33232834
56821627
12594016647
24492
11899
238038
153
3073
1493
3762819
75274501
36570295
472167
11564542991
13
315
24492
13
1049
24449
4278
331933
7731621
331351
104782405
32
97
7569
103
8048
24449
10138
786608
2389565
2540668
248311249
103
315
24492
103
8048
24449
32803
2545131
7731621
2540668
803430074
66
541
888
3683
6034
48941
205390
336533
2729272
18547090
1034293318
378
3073
5035
3683
6034
48941
1164694
1908361
15476719
18547090
5865105093
215
1743
2857
3683
6034
48941
660802
1082729
8780885
18547090
3327631343
5213
3284
1194907
80435040
2803
1765
1194907
43245756
14
533
634
211
251
9302
22653
26952
997759
395109
42379438
15
560
666
211
251
9302
23803
28320
1048403
395109
44530557
29
1093
1301
211
251
9302
46456
55272
2046162
395109
86909996
19
98
4789
954
62
3042
606
15400
3067
149939
6112
298717
59507
1511947
301196
14720214
960508
191343
9351438
47331971
94297123
18785029
918069930
4646778041
2951999165
289810131324
16
82
4039
804
62
3042
606
15400
3067
149939
5155
251960
50193
1275289
254051
12416122
960508
191343
9351438
47331971
79537203
15844690
774368429
3919438043
2951999165
244447409324
79
648
1062
3254
3683
6034
18488
48941
149939
245677
245701
402584
1233374
3264940
10002604
16389351
18547090
56821627
93102716
755058491
1237291703
3790617597
6210958903
50370573822
286139275543
19088586733610
79
0
1062
3254
1
6034
18488
21
66
245677
108
402584
1233374
1441
4416
16389351
8189
25088
93102716
333378
546297
1673658
6210958903
22239950
126338113
8428119600
215
1743
2857
8753
3683
6034
18488
48941
149939
245677
660802
1082729
3317095
8780885
26901481
44078304
18547090
56821627
93102716
755058491
3327631343
10194667833
16704049229
135469024648
286139275543
51337755964939
103
315
24492
15427
103
8048
5069
24449
15400
1194907
32803
2545131
1603168
7731621
4870117
377863067
2540668
1600357
124168649
377200487
803430074
506077453
39265574785
119281267603
39196722973
12395092141065
21
66
5166
3254
103
8048
5069
24449
15400
1194907
6920
536916
338201
1631048
1027391
79713292
2540668
1600357
124168649
377200487
169490119
106761161
8283392903
25163355201
39196722973
2614845671679
2803
1765
36
1194907
24449
15400
43245756
884870
557376
377200487
13651529243
2088
1315
26
1194907
24449
15400
32226019
659390
415347
377200487
10172892851
0
28
34
211
251
9302
1230
1464
54198
395109
2302047
35
179
8753
1743
62
3042
606
15400
3067
149939
11170
545912
108751
2763114
550442
26901481
960508
191343
9351438
47331971
172329853
34330012
1677790913
8492078558
2951999165
529633733303
27
138
6760
1346
62
3042
606
15400
3067
149939
8627
421640
83995
2134119
425140
20777629
960508
191343
9351438
47331971
133100689
26515129
1295858632
6558942010
2951999165
409067923695
135
1095
1794
2
3683
6034
7
48941
63
104
415100
680144
888
5515942
7201
11800
18547090
24216
39678
321789
2090338376
2729264
4471923
36267077
121946304
13743882680
48
396
650
0
3683
6034
7
48941
63
104
150424
246472
321
1998876
2609
4276
18547090
24216
39678
321789
757500533
989035
1620543
13142528
121946304
4980532616
58
179
13896
8753
103
8048
5069
24449
15400
1194907
18611
1444008
909575
4386619
2763114
214384732
2540668
1600357
124168649
377200487
455834815
287128562
22277752111
67675528138
39196722973
7032490715632
