0
0
0
0
0
0
0
0
0
0
0
0
0
0
0
0
932
9
3
3157
845
448
6242
865039
406
215
6242
416440
1351
717
6242
1383590
0
448
0
0
0
215
0
0
0
717
0
0
845
0
0
0
406
0
0
0
1351
0
0
0
0
0
151
0
1
2325
0
982
0
0
0
0
0
0
407
0
580
2325
407
417317
86
16
401
0
0
932
0
0
0
932
0
0
0
932
0
0
0
408
0
0
0
136
0
0
408
0
0
0
196
0
0
503
653
2119
469660
0
0
0
0
2
0
0
0
927
845
3018
865219
13
0
0
0
0
0
0
0
0
0
0
13
0
932
0
39
0
0
12552
0
0
0
36
0
0
0
0
0
0
0
0
0
0
100
0
0
0
0
0
0
0
0
0
0
4
0
74
0
201
0
0
4635
0
0
0
16
0
268
0
201
0
0
16713
0
0
0
27
0
448
0
201
0
0
27936
0
0
0
216
529
580
1127
1237
3018
202243
221997
541495
1153769
207003864
86
211
232
1127
1237
3018
81005
88917
216888
1153769
82912632
267
653
717
1127
1237
3018
249841
274244
668938
1153769
255722908
718
7
2119
3
932
9
2433
670090
7175
3157
2269202
13
0
718
0
30
0
0
9674
0
0
0
32
0
222
0
235
0
0
23038
0
0
0
103
0
718
0
235
0
0
74542
0
0
0
67
164
0
1127
0
0
62861
0
0
0
0
382
932
0
1127
0
0
356462
0
0
0
0
216
529
0
1127
0
0
202243
0
0
0
0
184
263
2325
189346
88
126
2325
90899
0
0
654
0
12
0
0
1338
0
0
0
0
0
687
0
12
0
0
1406
0
0
0
1
0
1341
0
12
0
0
2744
0
0
0
19
0
317
289
0
201
183
0
0
3018
0
19791
18030
0
0
296301
0
0
187983
0
0
0
18455131
0
0
0
16
0
268
244
0
201
183
0
0
3018
0
16693
15208
0
0
249922
0
0
187983
0
0
0
15566429
0
0
0
80
196
0
215
1127
0
1237
0
3018
0
75198
0
82543
0
201340
0
0
1153769
0
0
0
76968911
0
0
0
0
80
0
0
215
0
0
1237
0
1
0
32
0
82543
0
86
0
0
497
0
0
0
33217
0
0
0
0
216
529
0
580
1127
0
1237
0
3018
0
202243
0
221997
0
541495
0
0
1153769
0
0
0
207003864
0
0
0
0
103
0
718
1023
0
235
335
0
0
2325
0
74542
106170
0
0
735541
0
0
241272
0
0
0
76297100
0
0
0
21
0
151
215
0
235
335
0
0
2325
0
15725
22397
0
0
155168
0
0
241272
0
0
0
16095494
0
0
0
88
126
0
2325
0
0
90899
0
0
0
0
69
99
0
2325
0
0
71214
0
0
0
0
0
0
35
0
12
0
0
72
0
0
0
35
0
580
529
0
201
183
0
0
3018
0
36169
32951
0
0
541495
0
0
187983
0
0
0
33727116
0
0
0
27
0
448
408
0
201
183
0
0
3018
0
27936
25450
0
0
418229
0
0
187983
0
0
0
26049476
0
0
0
136
332
0
0
1127
0
0
0
0
0
127044
0
10
0
25
0
0
85
0
0
0
9642
0
0
0
0
49
120
0
0
1127
0
0
0
0
0
46038
0
3
0
9
0
0
85
0
0
0
3494
0
0
0
0
58
0
407
580
0
235
335
0
0
2325
0
42292
60237
0
0
417317
0
0
241272
0
0
0
43287992
0
0
0
