0
0
0
0
0
0
0
0
0
0
0
0
0
0
0
0
19
0
0
0
24
98
39
5540
11
47
39
2667
39
156
39
8861
0
98
1
139
0
47
1
67
0
156
1
222
24
0
0
0
11
0
0
0
39
0
0
0
0
0
64
0
0
217
0
91
0
0
0
0
0
0
174
0
126
217
174
38999
36
7
171
0
0
19
0
0
0
19
0
0
0
19
0
0
0
8
0
0
0
2
0
0
8
0
0
0
4
0
0
215
13
19
4270
0
0
0
0
0
0
0
0
202
17
14
4019
0
0
0
0
0
0
0
0
0
0
0
0
0
19
0
0
0
0
0
0
0
0
0
0
0
0
0
0
0
0
0
0
0
0
0
0
0
0
0
0
0
0
0
0
0
0
11
0
0
1
0
0
16
0
0
0
0
58
0
0
1
0
0
83
0
0
0
0
98
0
0
1
0
0
139
0
0
0
11
126
0
0
14
0
0
2515
0
0
0
4
50
0
0
14
0
0
1007
0
0
0
13
156
0
0
14
0
0
3107
0
0
307
0
19
0
19
0
0
6093
0
0
0
0
0
307
0
0
0
0
0
0
0
0
0
0
94
0
0
1
0
0
134
0
0
0
0
307
0
0
0
0
0
0
0
0
0
3
0
0
0
0
0
0
0
0
0
0
19
0
0
0
0
0
0
0
0
0
0
11
0
0
0
0
0
0
0
0
0
79
57
217
17694
37
27
217
8494
0
0
19
0
0
0
0
0
0
0
0
0
0
20
0
0
0
0
0
0
0
0
0
0
39
0
0
0
0
0
0
0
0
0
0
69
6
0
0
0
1
0
14
0
0
0
98
8
1376
0
0
0
19
0
0
0
1956
0
0
0
0
58
5
0
0
0
1
0
14
0
0
0
83
7
1160
0
0
0
19
0
0
0
1649
0
0
0
4
0
47
0
0
0
0
14
0
0
0
0
0
935
0
0
0
0
0
0
0
0
0
0
0
0
0
0
47
0
0
0
0
0
0
0
0
0
0
0
0
0
0
0
0
0
0
0
0
0
0
0
11
0
126
0
0
0
0
14
0
0
0
0
0
2515
0
0
0
0
0
0
0
0
0
0
0
0
0
307
223
0
0
0
0
0
217
0
0
0
0
0
68737
0
0
0
0
0
0
0
0
0
0
0
0
64
47
0
0
0
0
0
217
0
0
0
0
0
14500
0
0
0
0
0
0
0
0
0
0
37
27
0
217
1
1
8494
53
39
308
12071
28
20
0
217
1
1
6300
40
29
308
8953
0
0
1
0
0
0
0
0
0
0
0
0
0
126
11
0
0
0
1
0
14
0
0
0
180
15
2515
0
0
0
19
0
0
0
3574
0
0
0
0
98
8
0
0
0
1
0
14
0
0
0
139
12
1942
0
0
0
19
0
0
0
2760
0
0
0
7
0
0
0
0
0
0
0
0
0
0
0
0
0
0
0
0
0
0
0
0
0
0
0
0
0
2
0
0
0
0
0
0
0
0
0
0
0
0
0
0
0
0
0
0
0
0
0
0
0
0
0
0
174
126
0
0
0
0
0
217
0
0
0
0
0
38999
0
0
0
0
0
0
0
0
0
0
