0
0
0
0
0
0
0
0
0
0
0
0
0
0
0
0
931
9
3
3154
194
436
1396
193518
93
210
1396
93161
310
698
1396
309523
138
436
995
137954
66
210
995
66412
221
698
995
220651
194
0
0
0
93
0
0
0
310
0
0
0
0
0
657
0
1
9827
4
4320
0
0
4
0
0
0
1768
0
565
9827
1768
1763123
374
73
1742
640
1884
931
595948
156
460
931
145514
22
66
931
21066
280
1884
407
261045
93
1884
136
87477
477
408
3211
445014
230
196
3211
214235
2184
652
9176
2033947
0
0
0
0
1
0
0
0
903
844
2936
841725
0
40
0
0
0
0
0
0
0
0
0
0
0
931
0
0
0
0
0
6
0
0
0
112
0
0
0
0
0
0
0
0
0
0
0
82
0
0
0
0
0
0
0
0
0
13
41
0
0
995
0
0
13010
0
0
0
82
261
0
0
995
0
0
82532
0
0
0
138
436
0
0
995
0
0
137954
0
0
0
528
565
0
0
2936
0
0
526792
0
0
0
211
226
0
0
2936
0
0
210999
0
0
0
652
698
0
0
2936
0
0
650774
0
0
3116
33
9176
3
931
9
10556
2901944
31084
3154
9829921
0
315
3116
0
0
3111
0
0
983931
0
0
0
97
963
0
0
3111
0
0
304097
0
0
0
315
3116
0
0
3111
0
0
983931
0
0
0
164
112
0
0
1884
0
0
105093
0
0
0
931
640
0
0
1884
0
0
595948
0
0
0
528
363
0
0
1884
0
0
338118
0
0
709
226
9827
707150
372
119
9827
371722
0
0
150
0
2
0
0
256
0
0
0
0
0
157
0
2
0
0
269
0
0
0
1
0
308
0
2
0
0
526
0
0
0
0
98
309
289
0
0
0
995
929
2936
0
0
0
97735
91268
288255
0
0
0
926998
0
0
0
91007329
0
0
0
82
261
243
0
0
0
995
929
2936
0
0
0
82437
76982
243136
0
0
0
926998
0
0
0
76762347
0
0
0
196
135
210
0
0
0
1884
2936
2018
0
0
0
125720
195873
134629
0
0
0
1879170
0
0
0
125360992
0
0
0
0
135
210
0
0
0
0
1
2018
0
0
0
53
83
134629
0
0
0
801
0
0
0
53450
0
0
0
528
363
565
0
0
0
1884
2936
2018
0
0
0
338118
526792
362078
0
0
0
1879170
0
0
0
337151834
0
0
0
315
3116
997
0
0
0
3111
995
9827
0
0
0
983931
314815
3107586
0
0
0
3102573
0
0
0
981119745
0
0
0
66
657
210
0
0
0
3111
995
9827
0
0
0
207568
66412
655570
0
0
0
3102573
0
0
0
206975203
0
0
372
119
37
9827
3111
995
371722
117695
37657
3102573
117359365
267
85
27
9827
3111
995
266779
84468
27026
3102573
84226965
0
0
8
0
2
0
0
13
0
0
0
0
179
565
528
0
0
0
995
929
2936
0
0
0
178613
166794
526792
0
0
0
926998
0
0
0
166317690
0
0
0
138
436
408
0
0
0
995
929
2936
0
0
0
137954
128825
406873
0
0
0
926998
0
0
0
128457135
0
0
0
331
228
0
0
0
0
1884
2
1
0
0
0
212397
270
185
0
0
0
1533
0
0
0
172802
0
0
0
120
82
0
0
0
0
1884
2
1
0
0
0
76969
97
67
0
0
0
1533
0
0
0
62620
0
0
0
179
1768
565
0
0
0
3111
995
9827
0
0
0
558244
178613
1763123
0
0
0
3102573
0
0
0
556648988
0
0
