1334883
724
250
724
303350
28
2
6
281604
724
52
152
757360
28
5
16
2609129
487489
43542
487489
642631
1982417
11378685
4986219
309370
954359
11378685
2400426
1027858
3170781
11378685
7975217
201542
1982417
4531184
1985596
97024
954359
4531184
955890
322357
3170781
4531184
3175865
642631
584955
1707681
748318
309370
281604
1707681
360249
1027858
935607
1707681
1196898
551
211036
7646039
44519
6289
364951424
50388
507375
3
211036
50388
293
1484
211036
20563618
119733
2566700
364951424
20563618
207059104
4354361
852869
20268724
7451973
39126412
2609129
39126412
2728943
14328254
2609129
14328254
276403
1451247
2609129
1451247
3264215
39126412
1142886
17138690
1093848
39126412
382984
5743227
5552384
1143338
66527152
29152664
2672984
550417
66527152
14034445
25403332
1828715
190300080
133379616
4166
452773
70363
23866
12284
1334883
70363
70363
4101153
2365297
50649252
45915912
13859
58756
170535
23719
118535
1332307
3030
15143
170206
123367
15760
11561
9
2609129
0
25832
56
0
25832
56
0
0
38664
163918
475755
23719
118535
1332307
8453
42246
474838
123367
43968
79556
349953
120574
352444
68465
1332307
92397
17949
349278
365025
95695
6778
46490
457293
14379
464923
4531184
1453
46995
458026
486689
49196
17580
120574
1185996
14379
464923
4531184
3769
121884
1187898
486689
127590
29385
201542
1982417
14379
464923
4531184
6301
203732
1985596
486689
213270
172173
1480317
2566700
688879
2343903
50649252
390843
1329838
28736398
70505256
40001916
68961
592921
1028057
688879
2343903
50649252
156547
532649
11509984
70505256
16022238
212694
1828715
3170781
688879
2343903
50649252
482829
1642820
35499600
70505256
49416496
36244344
3512590
190300080
43542
2609129
487489
3512590
190300080
49240200
487489
49240200
11561
459925
36244344
2599
232070
32246844
2599
232070
32246844
239410
239410
33528
142146
11201818
23719
2143361
32246844
7330
662435
9966336
2217430
685327
108484
459925
36244344
23719
2143361
32246844
23719
2143361
32246844
2217430
2217430
53514
460111
1314132
688879
1259655
39126412
121481
222136
6899822
21882666
3858940
303463
2609129
7451973
688879
1259655
39126412
688879
1259655
39126412
21882666
21882666
172173
1480317
4227957
688879
1259655
39126412
390843
714679
22198792
21882666
12415366
9330203
1164573
364951424
93947656
4479122
559073
364951424
45101160
4166
452773
497416
70363
30896
1707681
23866
10479
579221
475586
161312
4378
475755
522665
70363
30896
1707681
25077
11011
608622
475586
169500
8544
928529
1020082
70363
30896
1707681
48943
21491
1187843
475586
330812
20818
142785
1404472
810014
14379
464923
141335
4531184
2604095
50649252
4464
144337
43878
1406724
808452
15724270
486689
147470
14359642
51182784
151094
45782
4458010
15889908
15199978
4718896
17560
120435
1184636
683226
14379
464923
141335
4531184
2604095
50649252
3765
121744
37009
1186536
681908
13263016
486689
147470
14359642
51182784
127444
38616
3760217
13402727
15199978
3980267
64018
550417
1572054
954359
688879
1259655
2343903
39126412
50649252
75035376
145324
265734
494465
8254035
10684872
15829324
21882666
70505256
76306032
1051860928
4616326
14873658
16097377
221898624
2410576128
508530624
64018
284
1572054
954359
356
1259655
2343903
20244
26206
75035376
75
265734
494465
4270
5528
15829324
11322
36480
76306032
544247
2388
7695
16097377
114813
1247266
263120
172173
1480317
4227957
2566700
688879
1259655
2343903
39126412
50649252
75035376
390843
714679
1329838
22198792
28736398
42572128
21882666
70505256
76306032
1051860928
12415366
40001916
43293048
596784640
2410576128
1367666176
108484
459925
36244344
4523930
23719
2143361
766193
32246844
4531184
364951424
23719
2143361
766193
32246844
4531184
364951424
2217430
799576
124953264
366901376
2217430
799576
124953264
366901376
130492792
130492784
22885
97024
7646039
954359
23719
2143361
766193
32246844
4531184
364951424
5003
452159
161634
6802734
955890
76989472
2217430
799576
124953264
366901376
467784
168677
26359910
77400832
130492792
27528516
4479122
559073
56838
364951424
32246844
4531184
45101160
3985106
559969
366901376
45342136
3663696
457293
46490
364951424
32246844
4531184
36890476
3259615
458026
366901376
37087580
226
24594
27019
70363
30896
1707681
1296
569
31463
475586
8762
38046
260943
2566700
1480317
14379
464923
141335
4531184
2604095
50649252
8158
263779
80187
2570816
1477461
28736398
486689
147470
14359642
51182784
276128
83669
8147097
29039104
15199978
8623870
29385
201542
1982417
1143338
14379
464923
141335
4531184
2604095
50649252
6301
203732
61933
1985596
1141133
22194856
486689
147470
14359642
51182784
213270
64622
6292495
22428652
15199978
6660736
108155
929900
2655902
946
688879
1259655
1376
39126412
29747
44069
245518
448944
490
13944755
10602
15706
21882666
41409
44816
617780
7799039
14758
15972
220178
1415782
504588
39193
336978
962450
343
688879
1259655
1376
39126412
29747
44069
88971
162689
177
5053323
3841
5691
21882666
41409
44816
617780
2826228
5348
5788
79788
1415782
182853
61550
260943
20563618
2566700
23719
2143361
766193
32246844
4531184
364951424
13457
1216059
434707
18295596
2570816
207059104
2217430
799576
124953264
366901376
1258082
453648
70893584
208165440
130492792
74036496
