0
0
0
0
0
0
0
0
0
0
0
0
0
0
0
0
932
7
2
2291
843
416
5794
803022
406
200
5794
386584
1349
666
5794
1284396
0
416
0
0
0
200
0
0
0
666
0
0
843
0
0
0
406
0
0
0
1349
0
0
0
0
0
172
0
1
2458
1
1080
0
0
1
0
0
0
463
0
539
2458
463
441143
98
19
456
0
0
932
0
0
0
932
0
0
0
932
0
0
0
408
0
0
0
136
0
0
408
0
0
0
196
0
0
572
653
2409
533955
0
0
0
0
2
0
0
0
862
845
2805
804324
13
0
0
0
0
0
0
0
0
0
0
13
0
932
0
40
0
0
12758
0
0
0
37
0
0
0
0
0
0
0
0
0
0
102
0
0
0
0
0
0
0
0
0
0
6
0
92
0
187
0
0
5729
0
0
0
16
0
249
0
187
0
0
15514
0
0
0
27
0
416
0
187
0
0
25932
0
0
0
221
528
539
1151
1175
2805
206676
210938
503385
1096187
196672766
88
211
216
1151
1175
2805
82781
84488
201624
1096187
78774649
273
653
666
1151
1175
2805
255318
260584
621858
1096187
242960353
817
6
2409
2
932
7
2008
761824
5920
2291
1872355
13
0
817
0
35
0
0
11181
0
0
0
32
0
252
0
269
0
0
26300
0
0
0
104
0
817
0
269
0
0
85095
0
0
0
68
164
0
1151
0
0
64239
0
0
0
0
390
932
0
1151
0
0
364276
0
0
0
0
221
528
0
1151
0
0
206676
0
0
0
0
214
249
2458
203839
105
122
2458
100131
0
0
653
0
13
0
0
1408
0
0
0
0
0
686
0
13
0
0
1479
0
0
0
1
0
1339
0
13
0
0
2888
0
0
0
19
0
295
289
0
187
183
0
0
2805
0
18372
18000
0
0
275447
0
0
174482
0
0
0
17129705
0
0
0
16
0
249
244
0
187
183
0
0
2805
0
15496
15183
0
0
232332
0
0
174482
0
0
0
14448467
0
0
0
82
196
0
200
1151
0
1175
0
2805
0
76847
0
78432
0
187170
0
0
1096187
0
0
0
73127566
0
0
0
0
82
0
0
200
0
0
1175
0
1
0
42
0
78432
0
102
0
0
599
0
0
0
39969
0
0
0
0
221
528
0
539
1151
0
1175
0
2805
0
206676
0
210938
0
503385
0
0
1096187
0
0
0
196672766
0
0
0
0
104
0
817
951
0
269
313
0
0
2458
0
85095
99104
0
0
777536
0
0
256071
0
0
0
80976843
0
0
0
21
0
172
200
0
269
313
0
0
2458
0
17951
20906
0
0
164027
0
0
256071
0
0
0
17082724
0
0
0
105
122
0
2458
0
0
100131
0
0
0
0
79
92
0
2458
0
0
75280
0
0
0
0
0
0
35
0
13
0
0
76
0
0
0
35
0
539
528
0
187
183
0
0
2805
0
33575
32897
0
0
503385
0
0
174482
0
0
0
31304874
0
0
0
27
0
416
408
0
187
183
0
0
2805
0
25932
25408
0
0
388794
0
0
174482
0
0
0
24178634
0
0
0
139
332
0
0
1151
0
0
0
0
0
129829
0
10
0
24
0
0
86
0
0
0
9743
0
0
0
0
50
120
0
0
1151
0
0
0
0
0
47047
0
3
0
9
0
0
86
0
0
0
3531
0
0
0
0
59
0
463
539
0
269
313
0
0
2458
0
48279
56228
0
0
441143
0
0
256071
0
0
0
45943095
0
0
0
