0
0
0
0
0
0
0
0
0
0
0
0
0
0
0
0
503
0
0
0
157
175
455
63058
75
84
455
30357
251
281
455
100859
0
175
0
0
0
84
0
0
0
281
0
0
157
0
0
0
75
0
0
0
251
0
0
0
0
0
1084
0
0
6520
6
2754
0
0
6
0
0
0
2917
0
227
6520
2917
1169904
617
120
2875
0
0
503
0
0
0
503
0
0
0
503
0
0
0
220
0
0
0
73
0
0
220
0
0
0
106
0
0
3603
352
8188
1815016
0
0
0
0
0
0
0
0
363
456
638
183087
0
0
0
0
0
0
0
0
0
0
0
0
0
503
0
0
0
0
0
0
0
0
0
0
0
0
0
0
0
0
0
0
0
0
0
0
0
0
0
0
0
0
0
0
0
0
17
0
0
0
0
0
0
0
0
0
0
105
0
0
0
0
0
0
0
0
0
0
175
0
0
0
0
0
0
0
0
0
285
227
0
0
638
0
0
114585
0
0
0
114
91
0
0
638
0
0
45895
0
0
0
352
281
0
0
638
0
0
141552
0
0
5141
0
8188
0
503
0
0
2589584
0
0
0
0
0
5141
0
0
0
0
0
0
0
0
0
0
1589
0
0
0
0
0
0
0
0
0
0
5141
0
0
0
0
0
0
0
0
0
88
0
0
0
0
0
0
0
0
0
0
503
0
0
0
0
0
0
0
0
0
0
285
0
0
0
0
0
0
0
0
0
1188
92
6520
476570
609
47
6520
244257
0
0
121
0
0
0
0
0
0
0
0
0
0
127
0
0
0
0
0
0
0
0
0
0
249
0
0
0
0
0
0
0
0
0
0
124
156
0
0
0
0
0
638
0
0
0
0
0
62699
0
0
0
0
0
0
0
0
0
0
0
0
105
131
0
0
0
0
0
638
0
0
0
0
0
52885
0
0
0
0
0
0
0
0
0
0
0
106
0
84
0
0
0
0
638
0
0
0
0
0
42605
0
0
0
0
0
0
0
0
0
0
0
0
0
0
84
0
0
0
0
0
0
0
0
0
0
0
0
0
0
0
0
0
0
0
0
0
0
0
285
0
227
0
0
0
0
638
0
0
0
0
0
114585
0
0
0
0
0
0
0
0
0
0
0
0
0
5141
401
0
0
0
0
0
6520
0
0
0
0
0
2062010
0
0
0
0
0
0
0
0
0
0
0
0
1084
84
0
0
0
0
0
6520
0
0
0
0
0
434997
0
0
0
0
0
0
0
0
0
0
609
47
0
6520
0
0
244257
0
0
0
0
455
35
0
6520
0
0
182626
0
0
0
0
0
0
6
0
0
0
0
0
0
0
0
0
0
227
285
0
0
0
0
0
638
0
0
0
0
0
114585
0
0
0
0
0
0
0
0
0
0
0
0
175
220
0
0
0
0
0
638
0
0
0
0
0
88500
0
0
0
0
0
0
0
0
0
0
0
179
0
0
0
0
0
0
0
0
0
0
0
0
0
0
0
0
0
0
0
0
0
0
0
0
0
65
0
0
0
0
0
0
0
0
0
0
0
0
0
0
0
0
0
0
0
0
0
0
0
0
0
0
2917
227
0
0
0
0
0
6520
0
0
0
0
0
1169904
0
0
0
0
0
0
0
0
0
0
