1570
0
0
269
356
0
0
2
331
0
0
56
891
0
0
6
3070
1458
150
461201
9244
6754
1028288
142493207
4450
3251
1028288
68597970
14785
10803
1028288
227911142
138
6754
15386
2132216
66
3251
15386
1026474
221
10803
15386
3410379
9244
688
104795
14521851
4450
331
104795
6990996
14785
1101
104795
23227013
1
685
5165
45707
21
1193545
34
524727
0
685
34
301
5
685
13892
122929
8745
1193545
13892
214140377
2941
576
13693
5034
48882
3070
15457895
1843
17900
3070
5660744
186
1813
3070
573352
2205
48882
1344
6771079
738
48882
450
2269009
3751
1345
83114
11517507
1805
647
83114
5544668
17162
2152
237749
52695061
14
532
212
22760
42
1570
212
67102
13973
2783
149663
42904782
278
40
200
2177
10835
1568
87961
437727
63350
3420330
138177893
173
0
3070
0
1682
0
1
532057
21
11
3651
777
112
559
2177
10835
1568
245393
1221165
176734
3420330
385486279
1132
411
82
21450
4310
1568
1778305
357351
130001
6771317
561358987
104
17
852
1881
91862
15386
32901
1606587
269101
28998458
507152774
494
82
4040
1881
91862
15386
155964
7615668
1275614
28998458
2404044171
825
138
6754
1881
91862
15386
260697
12729745
2132216
28998458
4018408775
2449
1742
8745
41926
210480
149663
7522297
37763335
26851892
646262232
115949314338
981
697
3502
41926
210480
149663
3012955
15125599
10755166
646262232
46441948754
3026
2152
10803
41926
210480
149663
9292695
46651062
33171574
646262232
143238369209
24486
11630
237749
150
3070
1458
3678020
75182943
35711814
461201
11293067445
173
315
24486
172
13417
24443
54700
4243087
7729579
4235614
1339418903
674
97
7567
2177
168892
24443
212799
16506616
2388934
53314353
5210656670
2181
315
24486
2177
168892
24443
688529
53408422
7729579
53314353
16859478903
761
541
887
41926
68745
48882
2338078
3833661
2725952
211078324
11770951170
4318
3070
5034
41926
68745
48882
13258399
21739312
15457895
211078324
66748826893
2449
1742
2856
41926
68745
48882
7522297
12334036
8770205
211078324
37870674946
5819
3663
1193545
89700936
3642
2292
1193545
56139176
14
532
7155
212
2849
104795
22760
305654
11240370
4476495
480149022
15
559
7518
212
2849
104795
23915
321168
11810915
4476495
504520699
29
1092
14674
212
2849
104795
46675
626823
23051286
4476495
984669726
585
98
4785
953
1881
91862
18298
15386
3065
149663
184694
9018573
1796461
1510599
300905
14693079
28998458
5776371
282057956
47244351
2846900251
567090565
27690811820
4638175987
89037457561
8741180408603
493
82
4036
804
1881
91862
18298
15386
3065
149663
155785
7606935
1515269
1274152
253805
12393235
28998458
5776371
282057956
47244351
2401287311
478326340
23356489231
3912182430
89037457561
7372961378369
910
647
1062
3251
41926
68745
210480
48882
149663
245397
2796967
4586085
14041297
3260968
9984166
16370671
211078324
646262232
1059652497
753473558
14081208845
43112685816
70690290813
50264841651
3253578569827
217048906015759
910
0
1062
3251
25
68745
210480
29
91
245397
1701
4586085
14041297
1983
6072
16370671
128388
393088
1059652497
458299
8564881
26223249
70690290813
30573541
1978986053
132019789497
2449
1742
2856
8745
41926
68745
210480
48882
149663
245397
7522297
12334036
37763335
8770205
26851892
44028064
211078324
646262232
1059652497
753473558
37870674946
115949314338
190117841071
135184663501
3253578569827
583741684232396
2181
315
24486
15414
2177
168892
106317
24443
15386
1193545
688529
53408422
33620635
7729579
4865775
377432380
53314353
33561418
2603319151
376767602
16859478903
10613052541
823241799416
119144377157
821791809851
259873388160192
460
66
5165
3251
2177
168892
106317
24443
15386
1193545
145250
11266941
7092546
1630617
1026474
79622435
53314353
33561418
2603319151
376767602
3556644431
2238909899
173669564651
25134477046
821791809851
54822408456657
3642
2292
46
1193545
24443
15386
56139176
1149695
723733
376767602
17721498008
2812
1770
36
1193545
24443
15386
43359668
887978
558983
376767602
13687380820
0
28
388
212
2849
104795
1236
16603
610575
4476495
26081650
1069
179
8745
1742
1881
91862
18298
15386
3065
149663
337533
16481621
3283069
2760650
549910
26851892
28998458
5776371
282057956
47244351
5202766382
1036369198
50605504974
8476358133
89037457561
15974679670870
825
138
6754
1345
1881
91862
18298
15386
3065
149663
260697
12729745
2535711
2132216
424728
20739328
28998458
5776371
282057956
47244351
4018408775
800450140
39085669106
6546800183
89037457561
12338203996008
1538
1094
1794
3
41926
68745
138
48882
98
161
4725327
7747946
15568
5509233
11070
18151
211078324
424133
695436
494495
23789451720
47801758
78378791
55731805
2135283788
240655836239
557
396
650
1
41926
68745
138
48882
98
161
1712372
2807714
5641
1996445
4011
6577
211078324
424133
695436
494495
8620863767
17322486
28403045
20196190
2135283788
87209289375
1237
179
13892
8745
2177
168892
106317
24443
15386
1193545
390644
30301851
19075034
4385461
2760650
214140377
53314353
33561418
2603319151
376767602
9565409236
6021431112
467075213740
67597861850
821791809851
147442001130574
