1334883
0
0
0
303350
0
0
0
281604
0
0
0
757360
0
0
0
2609129
503284
45020
503284
647262
1982417
11165980
4893011
311599
954359
11165980
2355554
1035264
3170781
11165980
7826134
0
1982417
0
0
0
954359
0
0
0
3170781
0
0
647262
584955
1723074
755063
311599
281604
1723074
363496
1035264
935607
1723074
1207687
319
122237
7646039
25787
6289
365012928
50388
507461
2
122237
50388
169
859
122237
20563618
69352
2566700
365012928
20563618
207094016
4354361
852869
20268724
7451973
39056712
2609129
39056712
2728943
14302728
2609129
14302728
276403
1448662
2609129
1448662
3264215
39056712
1142886
17108156
1093848
39056712
382984
5732996
5552384
1143338
66408644
29100732
2672984
550417
66408644
14009444
25403332
1828715
189961088
133142008
4184
452773
70566
23935
12338
1334883
70566
70566
4101153
2365297
50573608
45847340
13845
0
170535
0
118280
0
0
15110
0
0
0
11682
0
2609129
0
26033
0
0
26033
0
0
0
38625
0
475755
0
118280
0
0
42155
0
0
0
79857
349953
0
354622
0
0
92968
0
0
0
0
3725
0
250195
0
463919
0
0
25657
0
0
0
17658
0
1185996
0
463919
0
0
121621
0
0
0
29515
0
1982417
0
463919
0
0
203292
0
0
0
172825
1480317
2566700
693136
2295010
50573608
393258
1302098
28693482
69312952
39325448
69223
592921
1028057
693136
2295010
50573608
157514
521538
11492794
69312952
15751288
213500
1828715
3170781
693136
2295010
50573608
485813
1608551
35446584
69312952
48580820
36244344
3632435
189961088
45020
2609129
503284
3632435
189961088
50854308
503284
50854308
11682
0
36244344
0
236156
0
0
236156
0
0
0
33495
0
11201818
0
2143423
0
0
662454
0
0
0
108377
0
36244344
0
2143423
0
0
2143423
0
0
0
53717
460111
1314132
693136
1272367
39056712
122232
224378
6887530
22157946
3907485
304613
2609129
7451973
693136
1272367
39056712
693136
1272367
39056712
22157946
22157946
172825
1480317
4227957
693136
1272367
39056712
393258
721891
22159244
22157946
12571548
8613864
1075161
365012928
86749312
5390972
672887
365012928
54291904
4184
452773
501001
70566
30452
1723074
23935
10329
584442
469821
159356
4397
475755
526431
70566
30452
1723074
25150
10853
614108
469821
167445
8582
928529
1027432
70566
30452
1723074
49085
21182
1198551
469821
326802
20911
0
1404472
810014
0
463919
141071
0
0
50573608
0
144025
43796
0
0
15700787
0
0
14267882
0
0
0
4429523
0
0
0
17637
0
1184636
683226
0
463919
141071
0
0
50573608
0
121481
36941
0
0
13243208
0
0
14267882
0
0
0
3736189
0
0
0
64260
550417
1572054
954359
693136
1272367
2295010
39056712
50573608
75048024
146222
268416
484151
8239331
10668914
15831992
22157946
69312952
77422112
1050676864
4674399
14622131
16332824
221648816
2327110144
490922816
64260
268
1572054
954359
338
1272367
2295010
19055
24674
75048024
71
268416
484151
4019
5205
15831992
10810
33817
77422112
512627
2280
7134
16332824
108142
1135402
239522
172825
1480317
4227957
2566700
693136
1272367
2295010
39056712
50573608
75048024
393258
721891
1302098
22159244
28693482
42579304
22157946
69312952
77422112
1050676864
12571548
39325448
43926268
596112768
2327110144
1320311040
108377
0
36244344
4523930
0
2143423
754932
0
0
365012928
0
2143423
754932
0
0
365012928
0
0
124079040
0
0
0
124079040
0
0
0
22863
0
7646039
954359
0
2143423
754932
0
0
365012928
0
452172
159259
0
0
77002448
0
0
124079032
0
0
0
26175482
0
0
0
5390972
672887
0
365012928
0
0
54291904
0
0
0
0
4163773
519712
0
365012928
0
0
41932920
0
0
0
0
227
24594
27214
70566
30452
1723074
1300
561
31746
469821
8656
38215
0
2566700
1480317
0
463919
141071
0
0
50573608
0
263209
80038
0
0
28693482
0
0
14267882
0
0
0
8095037
0
0
0
29515
0
1982417
1143338
0
463919
141071
0
0
50573608
0
203292
61818
0
0
22161708
0
0
14267882
0
0
0
6252286
0
0
0
108564
929900
2655902
1081
693136
1272367
1539
39056712
33928
50347
247035
453475
548
13919914
12092
17944
22157946
46500
51940
704874
7897149
16572
18511
251219
1561204
556417
39341
336978
962450
391
693136
1272367
1539
39056712
33928
50347
89521
164331
198
5044321
4382
6502
22157946
46500
51940
704874
2861781
6005
6708
91037
1561204
201635
61488
0
20563618
2566700
0
2143423
754932
0
0
365012928
0
1216094
428319
0
0
207094016
0
0
124079040
0
0
0
70397576
0
0
0
