1571
0
0
269
357
0
0
2
331
0
0
56
891
0
0
6
3072
1463
150
462657
830
6757
92419
12806918
399
3253
92419
6165407
1328
10809
92419
20484060
138
6757
15396
2133521
66
3253
15396
1027103
221
10809
15396
3412467
830
688
9419
1305323
399
331
9419
628398
1328
1101
9419
2087803
1
476
5163
31788
21
1193643
34
524770
0
476
34
209
3
476
13886
85494
8749
1193643
13886
214157937
2940
575
13687
5032
48891
3072
15460787
1842
17904
3072
5661803
186
1813
3072
573459
2204
48891
1345
6772346
738
48891
450
2269433
3749
1346
83130
11519662
1805
648
83130
5545706
17154
2153
237793
52704921
14
533
214
23011
43
1571
214
67842
13980
2785
149830
42952563
13
40
200
104
518
1569
4204
20933
63395
163585
6608672
13
0
3072
0
130
0
0
41336
21
0
283
37
112
560
104
518
1569
11729
58398
176861
163585
18436759
99
412
82
1889
379
1569
156656
31464
130094
596572
49457335
2
13
638
62
3046
15396
816
39887
201574
961824
12592574
16
82
4043
62
3046
15396
5170
252570
1276395
961824
79737630
27
138
6757
62
3046
15396
8642
422176
2133521
961824
133283071
215
1743
8749
3693
18539
149830
662664
3326348
26881796
56960097
10219511337
86
698
3504
3693
18539
149830
265421
1332324
10767144
56960097
4093288731
266
2153
10809
3693
18539
149830
818624
4109215
33208516
56960097
12624707153
24475
11655
237793
150
3072
1463
3685831
75197011
35809463
462657
11323946692
13
315
24475
13
1041
24435
4247
329313
7727154
328769
103965965
32
97
7564
104
8068
24435
10171
788567
2388184
2547252
248954707
104
315
24475
104
8068
24435
32910
2551471
7727154
2547252
805512031
67
541
887
3693
6049
48891
205969
337371
2726462
18586749
1036504918
380
3072
5032
3693
6049
48891
1167976
1913115
15460787
18586749
5877646281
215
1743
2855
3693
6049
48891
662664
1085426
8771846
18586749
3334746723
4791
3018
1193643
73892454
2731
1720
1193643
42118099
14
533
642
214
258
9419
23011
27743
1010361
406562
43607925
15
560
675
214
258
9419
24179
29151
1061646
406562
45821401
30
1093
1318
214
258
9419
47190
56894
2072007
406562
89429328
19
98
4787
953
62
3046
606
15396
3067
149830
6122
299096
59585
1511524
301120
14709442
961824
191611
9360020
47302078
94426334
18811306
918912451
4643843315
2955004501
290105177820
16
82
4038
804
62
3046
606
15396
3067
149830
5164
252280
50258
1274932
253987
12407037
961824
191611
9360020
47302078
79646190
15866853
775079073
3916962676
2955004501
244696273472
80
648
1061
3253
3693
6049
18539
48891
149830
245417
246394
403587
1236814
3261579
9995285
16372013
18586749
56960097
93299137
753994429
1239937369
3799854997
6224062310
50299589357
286642100940
19122130629968
80
0
1061
3253
1
6049
18539
21
65
245417
108
403587
1236814
1432
4390
16372013
8163
25018
93299137
331174
544614
1668999
6224062310
22092938
125900957
8398956544
215
1743
2855
8749
3693
6049
18539
48891
149830
245417
662664
1085426
3326348
8771846
26881796
44031673
18586749
56960097
93299137
753994429
3334746723
10219511337
16739290154
135278115639
286642100940
51427970520335
104
315
24475
15421
104
8068
5083
24435
15396
1193643
32910
2551471
1607640
7727154
4868754
377463329
2547252
1604982
124430606
376839232
805512031
507540062
39348412856
119167028676
39283354265
12422487360914
21
66
5163
3253
104
8068
5083
24435
15396
1193643
6942
538253
339144
1630106
1027103
79628964
2547252
1604982
124430606
376839232
169929325
107069711
8300868269
25139255569
39283354265
2620624916499
2731
1720
35
1193643
24435
15396
42118099
862211
543265
376839232
13296891091
2104
1326
27
1193643
24435
15396
32462092
664540
418716
376839232
10248442104
0
28
34
214
258
9419
1249
1507
54882
406562
2368778
35
179
8749
1743
62
3046
606
15396
3067
149830
11189
546605
108892
2762340
550304
26881796
961824
191611
9360020
47302078
172565989
34378032
1679330635
8486715287
2955004501
530172936595
27
138
6757
1346
62
3046
606
15396
3067
149830
8642
422176
84104
2133521
425033
20762425
961824
191611
9360020
47302078
133283071
26552218
1297047852
6554799634
2955004501
409484382764
135
1094
1793
2
3693
6049
7
48891
57
94
416269
681839
801
5510263
6479
10614
18586749
21857
35802
289335
2094808087
2463459
4035081
32609399
109995227
12396943986
49
396
649
0
3693
6049
7
48891
57
94
150848
247086
290
1996819
2348
3846
18586749
21857
35802
289335
759120275
892712
1462239
11817052
109995227
4492426580
59
179
13886
8749
104
8068
5083
24435
15396
1193643
18672
1447605
912112
4384085
2762340
214157937
2547252
1604982
124430606
376839232
457016036
287958389
22324751195
67610713436
39283354265
7048033692405
