1571
0
0
269
357
0
0
2
331
0
0
56
891
0
0
6
3072
1455
149
460250
846
6756
94188
13052031
407
3252
94188
6283407
1353
10806
94188
20876107
138
6756
15392
2132947
66
3252
15392
1026827
221
10806
15392
3411549
846
688
9602
1330708
407
331
9602
640619
1353
1101
9602
2128405
1
628
5162
41950
21
1193293
34
524616
0
628
34
276
4
628
13885
112822
8747
1193293
13885
214095102
2940
575
13686
5031
48891
3072
15460927
1842
17904
3072
5661855
186
1813
3072
573465
2204
48891
1345
6772407
738
48891
451
2269454
3749
1346
83131
11519767
1804
648
83131
5545756
17153
2153
237795
52705402
14
533
217
23290
43
1571
217
68665
13977
2785
149813
42947854
13
40
200
103
515
1569
4184
20837
63398
162825
6577991
13
0
3072
0
133
0
0
42232
21
0
289
36
112
560
103
515
1569
11673
58131
176866
162825
18351167
102
412
82
1938
389
1569
160722
32275
130098
612017
50737769
6
30
1492
62
3059
15392
1917
93670
471259
965824
29570442
16
82
4042
62
3059
15392
5193
253636
1276052
965824
80069260
27
138
6756
62
3059
15392
8680
423958
2132947
965824
133837399
221
1743
8747
3789
19015
149813
679863
3411649
26878849
58426409
10482590132
88
698
3503
3789
19015
149813
272310
1366490
10765963
58426409
4198661428
273
2153
10806
3789
19015
149813
839871
4214592
33204875
58426409
12949702412
24473
11592
237795
149
3072
1455
3665982
75197696
35620053
460250
11264050019
13
315
24473
13
1063
24431
4339
336390
7725992
335812
106193389
32
97
7563
103
8030
24431
10123
784811
2387825
2534961
247753389
103
315
24473
103
8030
24431
32754
2539319
7725992
2534961
801625074
68
541
887
3789
6205
48891
211314
346064
2726487
19067487
1063313670
389
3072
5031
3789
6205
48891
1198290
1962407
15460927
19067487
6029669061
221
1743
2854
3789
6205
48891
679863
1113393
8771925
19067487
3420998505
4790
3018
1193293
73870774
2730
1720
1193293
42105742
14
533
655
217
266
9602
23290
28620
1030010
419457
44990966
15
560
688
217
266
9602
24472
30072
1082292
419457
47274643
30
1093
1343
217
266
9602
47762
58693
2112302
419457
92265610
19
98
4786
953
62
3059
609
15392
3067
149813
6149
300359
59854
1511117
301131
14707829
965824
192466
9400447
47293915
94819055
18895258
922881322
4643041873
2967580648
291339830854
16
82
4037
804
62
3059
609
15392
3067
149813
5187
253345
50485
1274589
253996
12405676
965824
192466
9400447
47293915
79977440
15937665
778426715
3916286681
2967580648
245737671625
82
648
1061
3252
3789
6205
19015
48891
149813
245345
252789
413985
1268531
3261608
9994189
16367208
19067487
58426409
95683325
753845873
1272007813
3897673888
6383113455
50289679103
293995375529
19612673633902
82
0
1061
3252
2
6205
19015
33
101
245345
171
413985
1268531
2208
6768
16367208
12913
39568
95683325
510532
861451
2639650
6383113455
34058054
199104682
13282437332
221
1743
2854
8747
3789
6205
19015
48891
149813
245345
679863
1113393
3411649
8771925
26878849
44018752
19067487
58426409
95683325
753845873
3420998505
10482590132
17167049895
135251462531
293995375529
52747260281161
103
315
24473
15418
103
8030
5058
24431
15392
1193293
32754
2539319
1599793
7725992
4867444
377352580
2534961
1597048
123812447
376704954
801625074
505030973
39152933725
119124566055
39085737958
12359995597658
21
66
5162
3252
103
8030
5058
24431
15392
1193293
6909
535690
337489
1629861
1026827
79605601
2534961
1597048
123812447
376704954
169109340
106540398
8259630353
25130297733
39085737958
2607441769911
2730
1720
35
1193293
24431
15392
42105742
862081
543119
376704954
13292153029
2369
1492
30
1193293
24431
15392
36534809
748021
471259
376704954
11533493012
0
28
35
217
266
9602
1265
1554
55950
419457
2443905
35
179
8747
1743
62
3059
609
15392
3067
149813
11238
548913
109385
2761597
550322
26878849
965824
192466
9400447
47293915
173283695
34531458
1686583827
8485250637
2967580648
532429289376
27
138
6756
1346
62
3059
609
15392
3067
149813
8680
423958
84485
2132947
425047
20760148
965824
192466
9400447
47293915
133837399
26670717
1302649927
6553668397
2967580648
411227099454
138
1095
1793
3
3789
6205
10
48891
85
139
427073
699407
1219
5510313
9610
15739
19067487
33256
54462
429085
2148989393
3748101
6138162
48359821
167340794
18860040594
50
396
649
1
3789
6205
10
48891
85
139
154763
253452
442
1996837
3482
5703
19067487
33256
54462
429085
778754593
1358243
2224358
17524717
167340794
6834535008
58
179
13885
8747
103
8030
5058
24431
15392
1193293
18583
1440710
907660
4383426
2761597
214095102
2534961
1597048
123812447
376704954
454810729
286534830
22213843977
67586621806
39085737958
7012578308943
