1571
0
0
0
357
0
0
0
331
0
0
0
891
0
0
0
3072
1434
147
453538
826
6754
91962
12743557
397
3251
91962
6134904
1322
10803
91962
20382716
0
6754
0
0
0
3251
0
0
0
10803
0
0
826
688
9377
1299432
397
331
9377
625562
1322
1101
9377
2078380
1
430
5164
28699
21
1193291
34
524615
0
430
34
189
3
430
13889
77186
8745
1193291
13889
214094737
2941
576
13689
5033
48898
3072
15462974
1843
17906
3072
5662604
186
1813
3072
573541
2204
48898
1345
6773304
738
48898
450
2269754
3750
1346
83142
11521291
1805
648
83142
5546490
17157
2153
237827
52712375
14
533
214
23032
43
1571
214
67904
13974
2785
149754
42931041
13
0
200
0
513
0
0
20741
0
0
0
13
0
3072
0
131
0
0
41453
0
0
0
36
0
560
0
513
0
0
57863
0
0
0
100
412
0
1909
0
0
158288
0
0
0
0
2
0
638
0
3043
0
0
39851
0
0
0
16
0
4041
0
3043
0
0
252346
0
0
0
27
0
6754
0
3043
0
0
421801
0
0
0
217
1743
8745
3731
18724
149754
669568
3359537
26868326
57526557
10321143011
87
698
3502
3731
18724
149754
268186
1345617
10761749
57526557
4133995940
269
2153
10803
3731
18724
149754
827153
4150215
33191876
57526557
12750258177
24480
11428
237827
147
3072
1434
3613926
75207647
35109741
453538
11102675156
13
0
24480
0
1044
0
0
330310
0
0
0
31
0
7565
0
7996
0
0
781505
0
0
0
103
0
24480
0
7996
0
0
2528620
0
0
0
67
541
887
3731
6114
48898
208115
340957
2726848
18783659
1047485759
384
3072
5033
3731
6114
48898
1180145
1933445
15462974
18783659
5939914680
217
1743
2855
3731
6114
48898
669568
1096961
8773087
18783659
3370075378
4792
3017
1193291
73870648
2731
1719
1193291
42105670
14
533
639
214
257
9377
23032
27645
1005801
405113
43452467
15
560
672
214
257
9377
24201
29048
1056854
405113
45658052
30
1093
1312
214
257
9377
47233
56693
2062656
405113
89110520
19
0
4785
953
0
3043
606
0
0
149754
0
298831
59558
0
0
14702072
0
0
9351414
0
0
0
918067601
0
0
0
16
0
4036
804
0
3043
606
0
0
149754
0
252056
50235
0
0
12400820
0
0
9351414
0
0
0
774366464
0
0
0
81
648
1061
3251
3731
6114
18724
48898
149754
245345
248961
407876
1249155
3262040
9990276
16367182
18783659
57526557
94246404
753747579
1253073395
3837644046
6287255251
50283121825
289543023481
19315653561850
81
0
1061
3251
1
6114
18724
25
77
245345
128
407876
1249155
1684
5157
16367182
9697
29698
94246404
389132
646916
1981238
6287255251
25959377
149480708
9971981180
217
1743
2855
8745
3731
6114
18724
48898
149754
245345
669568
1096961
3359537
8773087
26868326
44018680
18783659
57526557
94246404
753747579
3370075378
10321143011
16909244267
135233827073
289543023481
51948440327200
103
0
24480
15414
0
7996
5035
0
0
1193291
0
2528620
1592219
0
0
377351937
0
0
123258418
0
0
0
38977734308
0
0
0
21
0
5164
3251
0
7996
5035
0
0
1193291
0
533433
335891
0
0
79605465
0
0
123258418
0
0
0
8222670609
0
0
0
2731
1719
0
1193291
0
0
42105670
0
0
0
0
2105
1325
0
1193291
0
0
32452512
0
0
0
0
0
28
34
214
257
9377
1251
1501
54635
405113
2360334
35
0
8745
1743
0
3043
606
0
0
149754
0
546120
108843
0
0
26868326
0
0
9351414
0
0
0
1677786656
0
0
0
27
0
6754
1346
0
3043
606
0
0
149754
0
421801
84066
0
0
20752021
0
0
9351414
0
0
0
1295855344
0
0
0
136
1094
1793
2
3731
6114
8
48898
69
114
420606
689084
984
5511043
7875
12903
18783659
26843
43978
351720
2117000703
3025391
4956532
39640496
135109370
15227417828
49
396
650
0
3731
6114
8
48898
69
114
152420
249711
356
1997101
2854
4675
18783659
26843
43978
351720
767162475
1096346
1796157
14364993
135109370
5518138718
58
0
13889
8745
0
7996
5035
0
0
1193291
0
1434640
903363
0
0
214094737
0
0
123258418
0
0
0
22114442677
0
0
0
