0
0
0
0
0
0
0
0
0
0
0
0
0
0
0
0
502
0
0
0
0
0
663
0
0
0
663
0
118
169
663
64963
0
0
0
0
0
0
0
0
0
169
0
0
0
0
0
0
0
0
0
0
118
0
0
0
0
0
0
0
0
1291
0
0
0
0
0
0
0
0
75
0
55
1291
75
41115
0
0
331
0
0
502
0
0
0
502
0
0
0
502
0
0
0
0
0
0
0
0
0
0
0
0
0
0
0
0
0
231
155
1187
116265
0
0
0
0
0
0
0
0
382
351
868
192170
0
0
0
0
0
0
0
0
0
0
0
0
0
502
0
0
0
0
0
0
0
0
0
0
0
0
0
0
0
0
0
0
0
0
0
0
0
0
0
0
0
0
0
0
0
0
0
0
0
0
0
0
0
0
0
0
0
0
0
0
0
0
0
0
0
0
0
0
0
0
0
0
0
0
0
0
0
0
50
55
0
0
868
0
0
27653
0
0
0
0
0
0
0
868
0
0
0
0
0
0
155
169
0
0
868
0
0
85021
0
0
747
0
1187
0
502
0
0
375466
0
0
0
0
0
747
0
0
0
0
0
0
0
0
0
0
0
0
0
0
0
0
0
0
0
0
0
747
0
0
0
0
0
0
0
0
0
0
0
0
0
0
0
0
0
0
0
0
502
0
0
0
0
0
0
0
0
0
0
50
0
0
0
0
0
0
0
0
0
0
0
1291
0
0
0
1291
0
0
0
0
0
0
0
0
0
0
0
0
0
0
38
0
0
0
0
0
0
0
0
0
0
221
0
0
0
0
0
0
0
0
0
0
0
0
0
0
0
0
0
868
0
0
0
0
0
0
0
0
0
0
0
0
0
0
0
0
0
0
0
0
0
0
0
0
0
868
0
0
0
0
0
0
0
0
0
0
0
0
0
0
0
0
0
0
0
0
0
0
0
0
868
0
0
0
0
0
0
0
0
0
0
0
0
0
0
0
0
0
0
0
0
0
0
0
0
0
0
0
0
0
0
0
0
0
0
0
0
0
0
0
0
0
0
0
0
50
0
55
0
0
0
0
868
0
0
0
0
0
27653
0
0
0
0
0
0
0
0
0
0
0
0
0
747
546
0
0
0
0
0
1291
0
0
0
0
0
408221
0
0
0
0
0
0
0
0
0
0
0
0
0
0
0
0
0
0
0
1291
0
0
0
0
0
0
0
0
0
0
0
0
0
0
0
0
0
0
0
1291
0
0
0
0
0
0
0
0
0
0
1291
0
0
0
0
0
0
0
0
0
0
0
0
0
0
0
0
0
0
0
0
55
50
0
0
0
0
0
868
0
0
0
0
0
27653
0
0
0
0
0
0
0
0
0
0
0
0
0
0
0
0
0
0
0
868
0
0
0
0
0
0
0
0
0
0
0
0
0
0
0
0
0
50
0
0
0
0
0
0
0
0
0
0
0
0
8
0
0
0
0
0
0
0
0
0
0
0
0
50
0
0
0
0
0
0
0
0
0
0
0
0
8
0
0
0
0
0
0
0
0
0
0
0
0
0
75
55
0
0
0
0
0
1291
0
0
0
0
0
41115
0
0
0
0
0
0
0
0
0
0
