0
0
0
0
0
0
0
0
0
0
0
0
0
0
0
0
931
9
3
2927
187
403
1242
172242
90
194
1242
82919
299
644
1242
275493
0
403
0
0
0
194
0
0
0
644
0
0
187
0
0
0
90
0
0
0
299
0
0
0
0
0
1085
0
1
14969
6
6324
0
0
6
0
0
0
2918
0
522
14969
2918
2685678
618
121
2876
0
0
931
0
0
0
931
0
0
0
931
0
0
0
408
0
0
0
136
0
0
408
0
0
0
196
0
0
3605
653
15156
3359330
0
0
0
0
1
0
0
0
834
844
2711
777213
0
0
0
0
0
0
0
0
0
0
0
0
0
931
0
0
0
0
0
0
0
0
0
0
0
0
0
0
0
0
0
0
0
0
0
0
0
0
0
0
0
0
0
0
0
0
66
0
0
0
0
0
0
0
0
0
0
241
0
0
0
0
0
0
0
0
0
0
403
0
0
0
0
0
0
0
0
0
528
522
0
0
2711
0
0
486418
0
0
0
211
209
0
0
2711
0
0
194828
0
0
0
653
644
0
0
2711
0
0
600898
0
0
5144
51
15156
3
931
9
16161
4792941
47616
2927
15057744
0
0
5144
0
0
0
0
0
0
0
0
0
0
1589
0
0
0
0
0
0
0
0
0
0
5144
0
0
0
0
0
0
0
0
0
164
0
0
0
0
0
0
0
0
0
0
931
0
0
0
0
0
0
0
0
0
0
528
0
0
0
0
0
0
0
0
0
1324
236
14969
1218556
635
113
14969
584988
0
0
144
0
2
0
0
266
0
0
0
0
0
152
0
2
0
0
279
0
0
0
1
0
297
0
2
0
0
546
0
0
0
0
0
285
289
0
0
0
0
0
2711
0
0
0
0
0
266162
0
0
0
0
0
0
0
0
0
0
0
0
240
243
0
0
0
0
0
2711
0
0
0
0
0
224501
0
0
0
0
0
0
0
0
0
0
0
196
0
194
0
0
0
0
2711
0
0
0
0
0
180861
0
0
0
0
0
0
0
0
0
0
0
0
0
0
194
0
0
0
0
1
0
0
0
0
0
96
0
0
0
0
0
0
0
0
0
0
0
0
528
0
522
0
0
0
0
2711
0
0
0
0
0
486418
0
0
0
0
0
0
0
0
0
0
0
0
0
5144
920
0
0
0
0
0
14969
0
0
0
0
0
4733633
0
0
0
0
0
0
0
0
0
0
0
0
1085
194
0
0
0
0
0
14969
0
0
0
0
0
998598
0
0
0
0
0
0
0
0
0
0
635
113
0
14969
0
0
584988
0
0
0
0
498
89
0
14969
0
0
458304
0
0
0
0
0
0
7
0
2
0
0
14
0
0
0
0
0
522
528
0
0
0
0
0
2711
0
0
0
0
0
486418
0
0
0
0
0
0
0
0
0
0
0
0
403
408
0
0
0
0
0
2711
0
0
0
0
0
375689
0
0
0
0
0
0
0
0
0
0
0
332
0
0
0
0
0
0
1
0
0
0
0
0
160
0
0
0
0
0
0
0
0
0
0
0
0
120
0
0
0
0
0
0
1
0
0
0
0
0
58
0
0
0
0
0
0
0
0
0
0
0
0
0
2918
522
0
0
0
0
0
14969
0
0
0
0
0
2685678
0
0
0
0
0
0
0
0
0
0
