1571
0
0
269
357
0
0
2
331
0
0
56
891
0
0
6
3070
1475
151
466751
9242
6758
1028789
142562607
4449
3253
1028789
68631380
14783
10810
1028789
228022144
138
6758
15398
2133796
66
3253
15398
1027235
221
10810
15398
3412906
9242
688
104796
14521983
4449
331
104796
6991060
14783
1101
104796
23227225
0
341
5164
22783
21
1193979
34
524918
0
341
34
150
2
341
13888
61273
8750
1193979
13888
214218167
2940
576
13689
5033
48876
3070
15456122
1843
17898
3070
5660095
186
1812
3070
573286
2204
48876
1345
6770302
738
48876
450
2268749
3750
1345
83105
11516186
1805
647
83105
5544033
17157
2152
237722
52689021
14
532
205
22091
41
1571
205
65131
13982
2783
149782
42939012
278
40
200
2177
10835
1568
87957
437731
63367
3420714
138193402
173
0
3070
0
1682
0
1
532062
21
11
3652
777
112
559
2177
10835
1568
245382
1221176
176780
3420714
385529546
1131
411
82
21450
4310
1568
1778321
357334
130035
6772076
561421968
104
17
853
1881
91907
15398
32900
1607370
269300
29015573
507452095
493
82
4043
1881
91907
15398
155956
7619377
1276560
29015573
2405463037
825
138
6758
1881
91907
15398
260684
12735945
2133796
29015573
4020780437
2449
1742
8750
41927
210582
149782
7522365
37781726
26873315
646680308
116024323514
981
697
3505
41927
210582
149782
3012983
15132965
10763747
646680308
46471992678
3026
2152
10810
41927
210582
149782
9292779
46673780
33198038
646680308
143331032043
24479
11765
237722
151
3070
1475
3720669
75174326
36131693
466751
11425844574
173
315
24479
172
13412
24438
54698
4241283
7728255
4234250
1338987511
674
97
7565
2177
168820
24438
212789
16499599
2388525
53297185
5208978777
2180
315
24479
2177
168820
24438
688496
53385718
7728255
53297185
16854049950
761
541
887
41927
68716
48876
2338099
3832031
2725639
211022296
11767826725
4317
3070
5033
41927
68716
48876
13258519
21730068
15456122
211022296
66731109288
2449
1742
2855
41927
68716
48876
7522365
12328791
8769199
211022296
37860622670
5817
3665
1193979
89733521
3641
2294
1193979
56159569
14
532
7154
205
2765
104796
22091
296583
11240473
4344334
465973426
14
559
7517
205
2765
104796
23213
311637
11811023
4344334
489625570
28
1092
14671
205
2765
104796
45304
608220
23051496
4344334
955599002
584
98
4788
953
1881
91907
18298
15398
3065
149782
184685
9022965
1796478
1511719
300984
14704801
29015573
5777019
282240429
47286919
2848580490
567154193
27708725975
4642355050
89104247482
8747737455095
493
82
4038
804
1881
91907
18298
15398
3065
149782
155777
7610640
1515283
1275096
253872
12403122
29015573
5777019
282240429
47286919
2402704549
478380009
23371599362
3915707363
89104247482
7378492078833
910
647
1061
3253
41927
68716
210582
48876
149782
245486
2796992
4584135
14048135
3260594
9992131
16376617
211022296
646680308
1059877547
753867700
14077471171
43140575995
70705304072
50291135183
3254789726697
217129703288066
910
0
1061
3253
22
68716
210582
25
79
245486
1477
4584135
14048135
1722
5277
16376617
111450
341541
1059877547
398151
7434954
22784505
70705304072
26561041
1719002875
114676097571
2449
1742
2855
8750
41927
68716
210582
48876
149782
245486
7522365
12328791
37781726
8769199
26873315
44044055
211022296
646680308
1059877547
753867700
37860622670
116024323514
190158218445
135255378583
3254789726697
583958984271745
2180
315
24479
15423
2177
168820
106369
24438
15398
1193979
688496
53385718
33637010
7728255
4869381
377569488
53297185
33581227
2603872329
376943339
16854049950
10619316616
823416729800
119199950212
822051202439
259955415298878
460
66
5164
3253
2177
168820
106369
24438
15398
1193979
145244
11262152
7096001
1630338
1027235
79651359
53297185
33581227
2603872329
376943339
3555499149
2240231357
173706467640
25146200635
822051202439
54839712749849
3641
2294
46
1193979
24438
15398
56159569
1149498
724270
376943339
17729763928
2812
1771
36
1193979
24438
15398
43375419
887826
559397
376943339
13693765088
0
28
388
205
2765
104796
1200
16110
610581
4344334
25311633
1069
179
8750
1742
1881
91907
18298
15398
3065
149782
337517
16489648
3283099
2762696
550054
26873315
29015573
5777019
282240429
47286919
5205837052
1036485480
50638243447
8483995454
89104247482
15986662802713
825
138
6758
1345
1881
91907
18298
15398
3065
149782
260684
12735945
2535734
2133796
424840
20755874
29015573
5777019
282240429
47286919
4020780437
800539951
39110954994
6552698944
89104247482
12347459288022
1538
1094
1793
2
41927
68716
99
48876
70
115
4725370
7744651
11190
5508601
7959
13044
211022296
304905
499724
355443
23783137120
34364134
56321143
40059996
1534609605
172957224666
557
396
650
0
41927
68716
99
48876
70
115
1712388
2806520
4055
1996216
2884
4727
211022296
304905
499724
355443
8618575471
12452936
20409755
14517012
1534609605
62676546271
1237
179
13888
8750
2177
168820
106369
24438
15398
1193979
390626
30288969
19084324
4384710
2762696
214218167
53297185
33581227
2603872329
376943339
9562329061
6024985103
467174462401
67629391829
822051202439
147488540122351
