1572
0
0
0
357
0
0
0
331
0
0
0
892
0
0
0
3074
1465
150
463515
873
6761
97229
13473433
420
3255
97229
6486275
1396
10815
97229
21550119
0
6761
0
0
0
3255
0
0
0
10815
0
0
873
689
9911
1373401
420
331
9911
661172
1396
1102
9911
2196690
1
450
5169
30078
21
1195636
34
525646
0
450
34
198
3
450
13901
80895
8754
1195636
13901
214515450
2943
576
13702
5037
48978
3074
15488228
1844
17935
3074
5671853
186
1816
3074
574477
2206
48978
1346
6784366
739
48978
451
2273461
3753
1347
83278
11540108
1807
648
83278
5555549
17173
2154
238215
52798470
15
533
227
24415
45
1572
227
71982
13988
2787
150016
43005928
13
0
200
0
524
0
0
21180
0
0
0
13
0
3074
0
135
0
0
42735
0
0
0
37
0
560
0
524
0
0
59087
0
0
0
105
412
0
2000
0
0
165810
0
0
0
0
6
0
1559
0
3115
0
0
99579
0
0
0
16
0
4045
0
3115
0
0
258260
0
0
0
27
0
6761
0
3115
0
0
431687
0
0
0
228
1744
8754
3909
19621
150016
701382
3520331
26915194
60322449
10822768679
91
698
3506
3909
19621
150016
280929
1410021
10780521
60322449
4334915400
281
2154
10815
3909
19621
150016
866455
4348852
33249775
60322449
13369943106
24502
11682
238215
150
3074
1465
3694240
75330482
35915346
463515
11357429645
13
0
24502
0
1077
0
0
340606
0
0
0
32
0
7572
0
8167
0
0
798210
0
0
0
105
0
24502
0
8167
0
0
2582670
0
0
0
70
542
888
3909
6406
48978
218003
357236
2731301
19694392
1098273539
402
3074
5037
3909
6406
48978
1236219
2025758
15488228
19694392
6227913894
228
1744
2858
3909
6406
48978
701382
1149336
8787415
19694392
3533474873
4796
3020
1195636
74015809
2734
1721
1195636
42188411
15
533
675
227
288
9911
24415
30929
1063056
453566
48649571
16
560
710
227
288
9911
25654
32499
1117015
453566
51118953
31
1094
1386
227
288
9911
50070
63429
2180071
453566
99768525
19
0
4790
954
0
3115
620
0
0
150016
0
305835
60933
0
0
14727717
0
0
9577351
0
0
0
940248744
0
0
0
16
0
4040
805
0
3115
620
0
0
150016
0
257964
51396
0
0
12422452
0
0
9577351
0
0
0
793075689
0
0
0
84
648
1062
3255
3909
6406
19621
48978
150016
245827
260790
427350
1308942
3267368
10007703
16399344
19694392
60322449
98848713
755761955
1313829175
4024160284
6594279109
50417502498
303896621685
20273193919612
84
0
1062
3255
1
6406
19621
21
67
245827
116
427350
1308942
1462
4480
16399344
8816
27003
98848713
338323
588147
1801451
6594279109
22569848
136042053
9075477454
228
1744
2858
8754
3909
6406
19621
48978
150016
245827
701382
1149336
3520331
8787415
26915194
44105178
19694392
60322449
98848713
755761955
3533474873
10822768679
17734968881
135595236869
303896621685
54523695053987
105
0
24502
15430
0
8167
5143
0
0
1195636
0
2582670
1626433
0
0
378093464
0
0
126023689
0
0
0
39852189924
0
0
0
22
0
5169
3255
0
8167
5143
0
0
1195636
0
544835
343109
0
0
79761896
0
0
126023689
0
0
0
8407144145
0
0
0
2734
1721
0
1195636
0
0
42188411
0
0
0
0
2476
1559
0
1195636
0
0
38218906
0
0
0
0
0
28
36
227
288
9911
1326
1680
57745
453566
2642640
36
0
8754
1744
0
3115
620
0
0
150016
0
558920
111358
0
0
26915194
0
0
9577351
0
0
0
1718323132
0
0
0
27
0
6761
1347
0
3115
620
0
0
150016
0
431687
86008
0
0
20788220
0
0
9577351
0
0
0
1327164097
0
0
0
143
1095
1795
3
3909
6406
10
48978
82
135
440591
721985
1214
5520044
9287
15218
19694392
33135
54297
415140
2219644356
3734481
6119590
46788199
166930764
18813828316
51
397
650
1
3909
6406
10
48978
82
135
159662
261634
440
2000363
3365
5515
19694392
33135
54297
415140
804358664
1353307
2217627
16955190
166930764
6817788521
59
0
13901
8754
0
8167
5143
0
0
1195636
0
1465305
922774
0
0
214515450
0
0
126023689
0
0
0
22610574609
0
0
0
