1572
0
0
0
357
0
0
0
331
0
0
0
891
0
0
0
3072
1451
149
458895
1915
6758
213225
29547377
922
3253
213225
14224468
3064
10809
213225
47259631
0
6758
0
0
0
3253
0
0
0
10809
0
0
1915
688
21734
3011780
922
331
21734
1449908
3064
1101
21734
4817200
1
515
5165
34358
21
1194258
34
525041
0
515
34
226
3
515
13892
92405
8750
1194258
13892
214268254
2941
576
13693
5034
48919
3072
15469854
1843
17914
3072
5665124
186
1814
3072
573796
2205
48919
1345
6776318
739
48919
451
2270764
3751
1346
83179
11526417
1805
648
83179
5548958
17162
2153
237933
52735828
14
533
205
22079
41
1572
205
65096
13981
2785
149863
42962157
17
0
200
0
676
0
0
27332
0
0
0
27
0
3072
0
265
0
0
83885
0
0
0
48
0
560
0
676
0
0
76252
0
0
0
226
412
0
4295
0
0
356130
0
0
0
0
6
0
1559
0
3302
0
0
105580
0
0
0
17
0
4043
0
3302
0
0
273823
0
0
0
29
0
6758
0
3302
0
0
457701
0
0
0
490
1743
8750
8396
42144
149863
1506446
7561309
26887800
129498255
23233964698
196
698
3504
8396
42144
149863
603387
3028581
10769549
129498255
9306054150
605
2153
10809
8396
42144
149863
1860993
9340888
33215933
129498255
28702155184
24486
11564
237933
149
3072
1451
3656926
75241108
35533868
458895
11236795871
27
0
24486
0
2113
0
0
668484
0
0
0
42
0
7567
0
10538
0
0
1029951
0
0
0
136
0
24486
0
10538
0
0
3332487
0
0
0
152
541
887
8396
13757
48919
468233
767177
2728061
42272143
2357339786
864
3072
5034
8396
13757
48919
2655182
4350387
15469854
42272143
13367625356
490
1743
2856
8396
13757
48919
1506446
2468239
8776990
42272143
7584268042
6303
3970
1194258
97218609
3026
1905
1194258
46671417
14
533
1482
205
572
21734
22079
61403
2331213
899976
96531481
14
560
1558
205
572
21734
23200
64520
2449542
899976
101431281
28
1093
3041
205
572
21734
45280
125924
4780755
899976
197962764
21
0
4788
953
0
3302
658
0
0
149863
0
324265
64603
0
0
14712728
0
0
10149137
0
0
0
996383356
0
0
0
17
0
4038
804
0
3302
658
0
0
149863
0
273509
54491
0
0
12409808
0
0
10149137
0
0
0
840423794
0
0
0
182
648
1062
3253
8396
13757
42144
48919
149863
245544
560132
917749
2811472
3263491
9997517
16380447
42272143
129498255
212176610
754493987
2820009476
8638935262
14154476414
50332915297
651964313126
43493076281525
182
0
1062
3253
4
13757
42144
25
79
245544
296
917749
2811472
1726
5287
16380447
22358
68493
212176610
399061
1491537
4569237
14154476414
26621688
344831816
23004014474
490
1743
2856
8750
8396
13757
42144
48919
149863
245544
1506446
2468239
7561309
8776990
26887800
44054357
42272143
129498255
212176610
754493987
7584268042
23233964698
38067724244
135367744013
651964313126
116972354604644
136
0
24486
15423
0
10538
6637
0
0
1194258
0
3332487
2098984
0
0
377657769
0
0
162531692
0
0
0
51397034161
0
0
0
28
0
5165
3253
0
10538
6637
0
0
1194258
0
703015
442797
0
0
79669983
0
0
162531692
0
0
0
10842623095
0
0
0
3026
1905
0
1194258
0
0
46671417
0
0
0
0
2475
1559
0
1194258
0
0
38174864
0
0
0
0
0
28
80
205
572
21734
1199
3335
126631
899976
5243581
38
0
8750
1743
0
3302
658
0
0
149863
0
592600
118064
0
0
26887800
0
0
10149137
0
0
0
1820910243
0
0
0
29
0
6758
1346
0
3302
658
0
0
149863
0
457701
91188
0
0
20767062
0
0
10149137
0
0
0
1406398282
0
0
0
307
1095
1794
2
8396
13757
17
48919
63
104
946313
1550489
2024
5513495
7198
11794
42272143
55189
90425
321548
4764255685
6220078
10191297
36239962
277852936
31315243005
111
396
650
0
8396
13757
17
48919
63
104
342926
561869
733
1997990
2608
4273
42272143
55189
90425
321548
1726479437
2254043
3693140
13132702
277852936
11348073380
77
0
13892
8750
0
10538
6637
0
0
1194258
0
1890723
1190881
0
0
214268254
0
0
162531692
0
0
0
29160667903
0
0
0
