1571
0
0
269
357
0
0
2
331
0
0
56
891
0
0
6
3072
1523
156
481818
847
6760
94293
13066619
407
3254
94293
6290430
1354
10812
94293
20899439
138
6760
15400
2134146
66
3254
15400
1027404
221
10812
15400
3413466
847
688
9608
1331412
407
331
9608
640958
1354
1101
9608
2129530
1
720
5164
48097
21
1194315
34
525065
0
720
34
316
5
720
13890
129355
8752
1194315
13890
214278392
2941
576
13690
5033
48904
3072
15465061
1843
17909
3072
5663368
186
1813
3072
573618
2204
48904
1345
6774218
738
48904
450
2270061
3750
1346
83153
11522846
1805
648
83153
5547239
17159
2153
237859
52719492
14
533
207
22280
41
1571
207
65688
13984
2785
149880
42967061
13
40
200
106
532
1569
4318
21502
63396
168030
6788242
13
0
3072
0
130
0
0
41388
21
0
284
38
112
560
106
532
1569
12047
59986
176862
168030
18937720
100
412
82
1908
383
1569
158182
31769
130095
602370
49937976
2
12
633
63
3118
15400
828
40490
199955
984541
12782722
16
82
4044
63
3118
15400
5290
258540
1276769
984541
81620945
28
138
6760
63
3118
15400
8843
432155
2134146
984541
136431072
217
1743
8752
3729
18725
149880
669116
3359698
26890870
57532667
10322239102
87
698
3505
3729
18725
149880
268005
1345682
10770778
57532667
4134434965
269
2153
10812
3729
18725
149880
826595
4150415
33219725
57532667
12751612236
24482
12141
237859
156
3072
1523
3839344
75217800
37301871
481818
11795887640
13
315
24482
13
1042
24441
4252
329799
7728945
329247
104117316
33
97
7566
106
8289
24441
10447
810191
2388738
2617054
255776764
107
315
24482
106
8289
24441
33803
2621438
7728945
2617054
827585317
67
541
887
3729
6110
48904
207974
340733
2727216
18772439
1046860048
383
3072
5033
3729
6110
48904
1179349
1932178
15465061
18772439
5936366493
217
1743
2855
3729
6110
48904
669116
1096242
8774271
18772439
3368062276
4792
3019
1194315
73934016
2731
1721
1194315
42141789
14
533
655
207
255
9608
22280
27398
1030555
401515
43066599
14
560
688
207
255
9608
23411
28788
1082864
401515
45252598
29
1093
1344
207
255
9608
45692
56186
2113419
401515
88319198
19
98
4789
953
63
3118
621
15400
3067
149880
6265
306166
60976
1511967
301123
14714407
984541
196081
9581522
47317150
96656581
19250104
940658191
4645323031
3024876501
296964804849
16
82
4039
804
63
3118
621
15400
3067
149880
5284
258243
51431
1275305
253989
12411225
984541
196081
9581522
47317150
81527345
16236969
793421047
3918210779
3024876501
250482192855
80
648
1061
3254
3729
6110
18725
48904
149880
245555
248793
407608
1249215
3262480
9998658
16381221
18772439
57532667
94258179
754437972
1252324876
3838051599
6288040781
50329178515
289596027101
19319189477010
80
0
1061
3254
1
6110
18725
22
67
245555
112
407608
1249215
1469
4502
16381221
8454
25909
94258179
339755
563974
1728435
6288040781
22665336
130417216
8700239953
217
1743
2855
8752
3729
6110
18725
48904
149880
245555
669116
1096242
3359698
8774271
26890870
44056439
18772439
57532667
94258179
754437972
3368062276
10322239102
16911356909
135357694133
289596027101
51957949986147
107
315
24482
15426
106
8289
5223
24441
15400
1194315
33803
2621438
1651826
7728945
4870180
377675638
2617054
1649064
127882621
377044067
827585317
521479924
40440035844
119231803157
40372409686
12766876924030
22
66
5164
3254
106
8289
5223
24441
15400
1194315
7131
553013
348466
1630483
1027404
79673752
2617054
1649064
127882621
377044067
174585865
110010438
8531155031
25152920273
40372409686
2693276700627
2731
1721
35
1194315
24441
15400
42141789
862410
543424
377044067
13304118755
2087
1315
26
1194315
24441
15400
32210034
659162
415352
377044067
10168674280
0
28
35
207
255
9608
1210
1488
55979
401515
2339373
36
179
8752
1743
63
3118
621
15400
3067
149880
11450
559526
111435
2763149
550308
26890870
984541
196081
9581522
47317150
176641809
35179945
1719071404
8489419498
3024876501
542709040340
28
138
6760
1346
63
3118
621
15400
3067
149880
8843
432155
86068
2134146
425036
20769433
984541
196081
9581522
47317150
136431072
27171583
1327742033
6556888259
3024876501
419166768170
136
1095
1793
7
3729
6110
24
48904
194
318
420323
688633
2741
5511787
21944
35952
18772439
74740
122450
980084
2115736121
8423549
13800654
110459777
376211812
42400719178
49
396
650
2
3729
6110
24
48904
194
318
152317
249548
993
1997371
7952
13028
18772439
74740
122450
980084
766704213
3052540
5001105
40028610
376211812
15365247925
60
179
13890
8752
106
8289
5223
24441
15400
1194315
19178
1487301
937181
4385101
2763149
214278392
2617054
1649064
127882621
377044067
469539556
295867322
22944095403
67647463945
40372409686
7243426867188
