1571
0
0
0
357
0
0
0
331
0
0
0
891
0
0
0
3072
1453
149
459664
996
6758
110867
15363226
479
3253
110867
7396044
1593
10809
110867
24572753
0
6758
0
0
0
3253
0
0
0
10809
0
0
996
688
11299
1565762
479
331
11299
753777
1593
1101
11299
2504362
1
431
5168
28752
21
1194761
34
525262
0
431
34
189
3
431
13899
77329
8749
1194761
13899
214358514
2943
576
13699
5036
48933
3072
15474194
1844
17919
3072
5666713
186
1815
3072
573957
2206
48933
1345
6778219
739
48933
450
2271402
3752
1346
83202
11529652
1806
648
83202
5550515
17170
2153
238000
52750626
14
533
207
22214
41
1571
207
65493
13980
2785
149827
42951769
14
0
200
0
558
0
0
22545
0
0
0
15
0
3072
0
152
0
0
48329
0
0
0
40
0
560
0
558
0
0
62896
0
0
0
118
412
0
2253
0
0
186796
0
0
0
0
6
0
1558
0
3141
0
0
100410
0
0
0
16
0
4043
0
3141
0
0
260414
0
0
0
28
0
6758
0
3141
0
0
435288
0
0
0
257
1743
8749
4404
22108
149827
790156
3966590
26881299
67920564
12185986619
103
698
3504
4404
22108
149827
316486
1588765
10766945
67920564
4880934133
317
2153
10809
4404
22108
149827
976122
4900141
33207902
67920564
15053998901
24498
11591
238000
149
3072
1453
3665481
75262221
35610190
459664
11260931046
15
0
24498
0
1218
0
0
385391
0
0
0
34
0
7571
0
8698
0
0
850112
0
0
0
112
0
24498
0
8698
0
0
2750604
0
0
0
79
541
888
4404
7220
48933
245596
402664
2728826
22182909
1237047629
453
3072
5036
4404
7220
48933
1392687
2283364
15474194
22182909
7014851805
257
1743
2857
4404
7220
48933
790156
1295491
8779453
22182909
3979952680
4795
3019
1194761
73961661
2733
1720
1194761
42157546
14
533
771
207
299
11299
22214
32129
1211949
470821
50500298
14
560
810
207
299
11299
23342
33760
1273466
470821
53063621
28
1093
1581
207
299
11299
45556
65889
2485415
470821
103563919
19
0
4787
953
0
3141
625
0
0
149827
0
308386
61431
0
0
14709170
0
0
9650308
0
0
0
947411250
0
0
0
16
0
4038
804
0
3141
625
0
0
149827
0
260116
51815
0
0
12406807
0
0
9650308
0
0
0
799117079
0
0
0
95
648
1062
3253
4404
7220
22108
48933
149827
245647
293798
481694
1474871
3264407
9995100
16387347
22182909
67920564
111358353
754667485
1479840139
4531036819
7428807449
50344489503
342110241903
22822455996748
95
0
1062
3253
2
7220
22108
23
71
245647
139
481694
1474871
1552
4754
16387347
10551
32305
111358353
358948
703867
2155131
7428807449
23945735
162720520
10855219936
257
1743
2857
8749
4404
7220
22108
48933
149827
245647
790156
1295491
3966590
8779453
26881299
44072914
22182909
67920564
111358353
754667485
3979952680
12185986619
19979389216
135398872236
342110241903
61379802121160
112
0
24498
15422
0
8698
5475
0
0
1194761
0
2750604
1731577
0
0
377816856
0
0
134145374
0
0
0
42420491995
0
0
0
23
0
5168
3253
0
8698
5475
0
0
1194761
0
580262
365290
0
0
79703544
0
0
134145374
0
0
0
8948948392
0
0
0
2733
1720
0
1194761
0
0
42157546
0
0
0
0
2476
1558
0
1194761
0
0
38190945
0
0
0
0
0
28
41
207
299
11299
1206
1745
65832
470821
2743171
36
0
8749
1743
0
3141
625
0
0
149827
0
563582
112267
0
0
26881299
0
0
9650308
0
0
0
1731412753
0
0
0
28
0
6758
1346
0
3141
625
0
0
149827
0
435288
86710
0
0
20762041
0
0
9650308
0
0
0
1337273998
0
0
0
161
1094
1795
3
4404
7220
14
48933
95
156
496357
813796
1589
5515042
10772
17661
22182909
43329
71040
481433
2500111029
4883402
8006524
54259633
218246103
24597291869
58
396
650
1
4404
7220
14
48933
95
156
179870
294905
576
1998550
3903
6400
22182909
43329
71040
481433
905994675
1769656
2901418
19662702
218246103
8913610315
63
0
13899
8749
0
8698
5475
0
0
1194761
0
1560585
982429
0
0
214358514
0
0
134145374
0
0
0
24067728800
0
0
0
