0
0
0
0
0
0
0
0
0
0
0
0
0
0
0
0
933
8
2
2558
835
420
5790
802436
402
202
5790
386302
1336
673
5790
1283459
0
420
0
0
0
202
0
0
0
673
0
0
835
0
0
0
402
0
0
0
1336
0
0
0
0
0
102
49
1
1480
0
650
0
0
0
0
0
0
276
134
545
1480
276
265611
58
11
272
0
0
933
0
0
0
933
0
0
0
933
0
0
0
408
0
0
0
136
0
0
408
0
0
0
196
0
0
341
654
1438
318750
0
0
0
0
1
0
0
0
870
845
2834
812698
13
0
0
0
0
0
0
0
0
0
0
13
0
933
0
39
0
0
12560
0
0
0
36
0
0
0
0
0
0
0
0
0
0
100
0
0
0
0
0
0
0
0
0
0
3
0
60
0
188
0
0
3783
0
0
0
16
0
251
0
188
0
0
15647
0
0
0
27
0
420
0
188
0
0
26154
0
0
0
217
529
545
1132
1165
2834
203133
209106
508626
1087640
195139392
87
212
218
1132
1165
2834
81362
83755
203723
1087640
78160476
268
654
673
1132
1165
2834
250942
258321
628332
1087640
241066094
487
4
1438
2
933
8
1336
454779
3942
2558
1246783
13
0
487
0
20
0
0
6559
0
0
0
26
0
126
0
159
0
0
13151
0
0
0
103
0
487
0
159
0
0
50489
0
0
0
67
164
0
1132
0
0
63137
0
0
0
0
383
933
0
1132
0
0
358032
0
0
0
0
217
529
0
1132
0
0
203133
0
0
0
0
125
247
1480
120514
60
118
1480
57854
0
0
646
0
11
0
0
1252
0
0
0
0
0
679
0
11
0
0
1316
0
0
0
1
0
1325
0
11
0
0
2568
0
0
0
16
0
251
244
0
188
183
0
0
2834
0
15629
15182
0
0
234751
0
0
176135
0
0
0
14585331
0
0
0
16
0
251
244
0
188
183
0
0
2834
0
15629
15182
0
0
234751
0
0
176135
0
0
0
14585331
0
0
0
80
196
0
202
1132
0
1165
0
2834
0
75529
0
77750
0
189119
0
0
1087640
0
0
0
72557421
0
0
0
0
80
0
0
202
0
0
1165
0
1
0
35
0
77750
0
89
0
0
516
0
0
0
34489
0
0
0
0
217
529
0
545
1132
0
1165
0
2834
0
203133
0
209106
0
508626
0
0
1087640
0
0
0
195139392
0
0
0
0
103
0
487
960
0
159
314
0
0
1480
0
50489
99527
0
0
468152
0
0
153379
0
0
0
48502783
0
0
0
21
0
102
202
0
159
314
0
0
1480
0
10651
20996
0
0
98760
0
0
153379
0
0
0
10232057
0
0
0
60
118
0
1480
0
0
57854
0
0
0
0
49
97
0
1480
0
0
47322
0
0
0
0
0
0
35
0
11
0
0
68
0
0
0
35
0
545
529
0
188
183
0
0
2834
0
33863
32896
0
0
508626
0
0
176135
0
0
0
31601412
0
0
0
27
0
420
408
0
188
183
0
0
2834
0
26154
25407
0
0
392842
0
0
176135
0
0
0
24407667
0
0
0
136
332
0
0
1132
0
0
0
0
0
127603
0
30
0
74
0
0
252
0
0
0
28422
0
0
0
0
49
120
0
0
1132
0
0
0
0
0
46241
0
11
0
26
0
0
252
0
0
0
10299
0
0
0
0
58
0
276
545
0
159
314
0
0
1480
0
28645
56467
0
0
265611
0
0
153379
0
0
0
27518583
0
0
0
