151
0
0
0
34
0
0
0
31
0
0
0
86
0
0
0
369
0
0
94
851
55
772
107102
410
26
772
51560
1362
88
772
171304
0
55
0
0
0
26
0
0
0
88
0
0
851
66
932
129193
410
31
932
62195
1362
106
932
206639
0
0
154
0
0
291
0
123
0
0
0
0
0
0
416
0
71
291
416
52375
88
17
410
0
0
369
0
0
0
369
0
0
0
369
0
0
0
162
0
0
0
54
0
0
162
0
0
0
78
0
0
514
259
858
190335
0
51
0
7
0
151
0
22
113
335
147
42162
13
0
19
0
49
0
0
2013
0
0
0
13
0
369
0
15
0
0
5039
0
0
0
37
0
54
0
49
0
0
5617
0
0
0
102
39
0
186
0
0
15487
0
0
0
0
3
0
6
0
24
0
0
410
0
0
0
16
0
32
0
24
0
0
2060
0
0
0
27
0
55
0
24
0
0
3444
0
0
0
220
209
71
455
154
147
81738
27785
26387
57283
10277575
88
84
28
455
154
147
32739
11129
10569
57283
4116545
272
259
88
455
154
147
100975
34325
32597
57283
12696437
734
0
858
0
369
0
187
271562
219
94
69390
13
0
734
0
31
0
0
10002
0
0
0
32
0
226
0
241
0
0
23580
0
0
0
103
0
734
0
241
0
0
76296
0
0
0
68
65
0
455
0
0
25405
0
0
0
0
389
369
0
455
0
0
144067
0
0
0
0
220
209
0
455
0
0
81738
0
0
0
0
166
28
291
20935
85
14
291
10749
0
51
659
0
0
932
7
97
99999
138
14802
0
54
692
0
0
932
8
102
105075
138
15553
0
105
1352
0
0
932
15
200
205075
138
30356
19
0
39
114
0
24
73
0
0
147
0
2440
7179
0
0
14438
0
0
9194
0
0
0
902673
0
0
0
16
0
32
96
0
24
73
0
0
147
0
2058
6055
0
0
12178
0
0
9194
0
0
0
761382
0
0
0
82
78
0
26
455
0
154
0
147
0
30392
0
10331
0
9811
0
0
57283
0
0
0
3821444
0
0
0
0
82
0
0
26
0
0
154
0
0
0
13
0
10331
0
4
0
0
25
0
0
0
1727
0
0
0
0
220
209
0
71
455
0
154
0
147
0
81738
0
27785
0
26387
0
0
57283
0
0
0
10277575
0
0
0
0
103
0
734
125
0
241
41
0
0
291
0
76296
13066
0
0
92313
0
0
30336
0
0
0
9593336
0
0
0
21
0
154
26
0
241
41
0
0
291
0
16095
2756
0
0
19474
0
0
30336
0
0
0
2023792
0
0
0
85
14
0
291
0
0
10749
0
0
0
0
67
11
0
291
0
0
8461
0
0
0
0
0
2
35
0
0
932
0
5
5431
138
804
35
0
71
209
0
24
73
0
0
147
0
4459
13119
0
0
26387
0
0
9194
0
0
0
1649654
0
0
0
27
0
55
162
0
24
73
0
0
147
0
3444
10133
0
0
20380
0
0
9194
0
0
0
1274127
0
0
0
138
131
0
0
455
0
0
0
0
0
51345
0
10
0
10
0
0
35
0
0
0
4012
0
0
0
0
50
47
0
0
455
0
0
0
0
0
18606
0
3
0
3
0
0
35
0
0
0
1454
0
0
0
0
58
0
416
71
0
241
41
0
0
291
0
43287
7413
0
0
52375
0
0
30336
0
0
0
5442884
0
0
0
