1571
0
0
269
357
0
0
2
331
0
0
56
891
0
0
6
3070
1427
146
451279
893
6757
99387
13772506
429
3253
99387
6630252
1428
10808
99387
22028472
138
6757
15394
2133255
66
3253
15394
1026975
221
10808
15394
3412041
893
688
10125
1403131
429
331
10125
675484
1428
1101
10125
2244241
1
436
5162
29109
20
1193495
32
504254
0
436
32
184
3
436
13885
78288
8749
1193495
13885
214131375
2940
575
13686
5031
48864
3070
15452173
1842
17894
3070
5658649
186
1812
3070
573140
2204
48864
1345
6768573
738
48864
450
2268169
3749
1345
83084
11513244
1804
647
83084
5542616
17153
2152
237661
52675555
14
532
218
23456
44
1571
218
69154
13980
2783
149759
42932278
13
40
200
103
513
1568
4167
20741
63360
162072
6547566
14
0
3070
0
136
0
0
43011
21
0
295
36
112
559
103
513
1568
11626
57864
176762
162072
18266287
106
411
82
2026
407
1568
168010
33756
130021
639740
53036033
3
15
754
61
3022
15394
957
46767
238176
954205
14763107
16
82
4042
61
3022
15394
5129
250595
1276236
954205
79105965
27
138
6757
61
3022
15394
8574
418875
2133255
954205
132227232
231
1742
8749
3961
19892
149759
710689
3568962
26869100
61086927
10959927664
92
697
3504
3961
19892
149759
284657
1429500
10762059
61086927
4389852599
285
2152
10808
3961
19892
149759
877952
4408929
33192832
61086927
13539382913
24473
11372
237661
146
3070
1427
3596441
75155113
34925179
451279
11044311634
14
315
24473
13
1083
24430
4421
342780
7725533
342178
108206243
31
97
7563
103
7997
24430
10081
781630
2387683
2524579
246738723
103
315
24473
103
7997
24430
32620
2529026
7725533
2524579
798342045
71
541
887
3961
6490
48864
220896
361948
2724943
19931690
1111506606
407
3070
5031
3961
6490
48864
1252622
2052477
15452173
19931690
6302953854
231
1742
2854
3961
6490
48864
710689
1164495
8766959
19931690
3576049613
5312
3347
1193495
81919969
3107
1958
1193495
47929243
14
532
691
218
283
10125
23456
30426
1086067
445681
47803823
15
559
726
218
283
10125
24646
31970
1141195
445681
50230276
30
1092
1417
218
283
10125
48102
62397
2227262
445681
98034100
19
98
4787
953
61
3022
601
15394
3065
149759
6074
296758
59093
1511335
300952
14702495
954205
190011
9282645
47274761
93678309
18654202
911316223
4641161463
2930268319
287676723072
16
82
4038
804
61
3022
601
15394
3065
149759
5123
250308
49844
1274773
253846
12401177
954205
190011
9282645
47274761
79015250
15734340
768671850
3914700603
2930268319
242647934205
86
647
1061
3253
3961
6490
19892
48864
149759
245387
264250
432986
1327024
3259761
9990564
16369983
19931690
61086927
100093642
753559613
1329659466
4075159225
6677329312
50270582461
307377569180
20505410793855
86
0
1061
3253
1
6490
19892
21
66
245387
116
432986
1327024
1436
4403
16369983
8785
26924
100093642
332138
586060
1796167
6677329312
22157266
135479763
9037966594
231
1742
2854
8749
3961
6490
19892
48864
149759
245387
710689
1164495
3568962
8766959
26869100
44026214
19931690
61086927
100093642
753559613
3576049613
10959927664
17958328060
135200103110
307377569180
55148230195702
103
315
24473
15421
103
7997
5039
24430
15394
1193495
32620
2529026
1593633
7725533
4868146
377416513
2524579
1590831
123333604
376752826
798342045
503065104
39001510358
119139704739
38932926230
12311672286485
21
66
5162
3253
103
7997
5039
24430
15394
1193495
6881
533518
336190
1629764
1026975
79619088
2524579
1590831
123333604
376752826
168416758
106125682
8227686360
25133491362
38932926230
2597247573722
3107
1958
40
1193495
24430
15394
47929243
981088
618220
376752826
15129904915
2398
1511
30
1193495
24430
15394
36988609
757138
477101
376752826
11676256611
0
28
37
218
283
10125
1274
1652
58995
445681
2596699
35
179
8749
1742
61
3022
601
15394
3065
149759
11101
542332
107994
2761996
549997
26869100
954205
190011
9282645
47274761
171198958
34090922
1665448380
8481814149
2930268319
525734887627
27
138
6757
1345
61
3022
601
15394
3065
149759
8574
418875
83410
2133255
424796
20752619
954205
190011
9282645
47274761
132227232
26330465
1286325753
6551014191
2930268319
406056611150
145
1094
1793
3
3961
6490
11
48864
87
142
446437
731508
1306
5507193
9834
16114
19931690
35594
58322
439083
2246388789
4011609
6573199
49486637
179102524
20185639075
52
396
649
1
3961
6490
11
48864
87
142
161780
265085
473
1995706
3563
5839
19931690
35594
58322
439083
814050359
1453734
2382007
17933055
179102524
7314907740
58
179
13885
8749
103
7997
5039
24430
15394
1193495
18507
1434870
904165
4383165
2761996
214131375
2524579
1590831
123333604
376752826
452948067
285419473
22127932279
67595210903
38932926230
6985161551302
