1572
0
0
269
357
0
0
2
331
0
0
56
892
0
0
6
3073
1457
149
460915
1159
6763
129134
17894642
558
3256
129134
8614699
1854
10818
129134
28621634
138
6763
15406
2134870
66
3256
15406
1027752
221
10818
15406
3414624
1159
688
13154
1822866
558
331
13154
877550
1854
1101
13154
2915588
2
819
5167
54669
21
1195532
34
525601
0
819
34
360
6
819
13897
147030
8757
1195532
13897
214496873
2942
576
13697
5036
48941
3073
15476641
1844
17922
3073
5667609
186
1815
3073
574048
2205
48941
1346
6779291
739
48941
451
2271761
3752
1346
83215
11531475
1806
648
83215
5551393
17167
2153
238037
52758969
15
533
222
23838
44
1572
222
70282
13992
2785
149995
43000129
15
40
200
121
606
1569
4916
24489
63400
191340
7729965
18
0
3073
0
175
0
0
55474
21
1
380
43
112
560
121
606
1569
13715
68320
176874
191340
21564922
138
412
82
2628
527
1569
217882
43740
130104
829561
68772728
6
30
1494
66
3248
15406
2033
99455
471684
1025331
31392346
17
82
4046
66
3248
15406
5507
269300
1277203
1025331
85002516
29
138
6763
66
3248
15406
9205
450141
2134870
1025331
142083436
299
1743
8757
5136
25800
149995
921649
4628940
26911565
79287380
14225366973
120
698
3507
5136
25800
149995
369154
1854060
10779067
79287380
5697780687
370
2153
10818
5136
25800
149995
1138562
5718377
33245291
79287380
17573354170
24494
11617
238037
149
3073
1457
3673697
75274124
35701397
460915
11289773296
18
315
24494
18
1398
24448
5697
442158
7731407
441339
139563680
37
97
7570
121
9443
24448
11893
922985
2389499
2980859
291333063
121
315
24494
121
9443
24448
38483
2986391
7731407
2980859
942630450
93
541
888
5136
8418
48941
286466
469447
2729258
25870287
1442677218
528
3073
5036
5136
8418
48941
1624450
2662069
15476641
25870287
8180903186
299
1743
2857
5136
8418
48941
921649
1510354
8780841
25870287
4641524649
6421
4046
1195532
99112649
3154
1987
1195532
48686650
15
533
897
222
373
13154
23838
40114
1410956
588024
63071466
15
560
942
222
373
13154
25048
42150
1482574
588024
66272883
31
1093
1840
222
373
13154
48887
82265
2893530
588024
129344350
20
97
4791
954
66
3248
646
15406
3067
149995
6521
318909
63496
1512480
301143
14725731
1025331
204149
9982777
47345015
100661080
20042216
980051128
4648058584
3150983342
309345242099
17
82
4041
804
66
3248
646
15406
3067
149995
5500
268991
53557
1275738
254007
12420776
1025331
204149
9982777
47345015
84905038
16905094
826647979
3920518148
3150983342
260924773996
111
648
1062
3256
5136
8418
25800
48941
149995
245806
342690
561585
1721149
3264923
10006353
16397924
25870287
79287380
129932292
755395572
1725828178
5289326465
8667890252
50393060788
399299672090
26637609985350
111
0
1062
3256
3
8418
25800
31
95
245806
217
561585
1721149
2074
6358
16397924
16439
50384
129932292
480024
1096696
3361161
8667890252
32022830
253739414
16927165292
299
1743
2857
8757
5136
8418
25800
48941
149995
245806
921649
1510354
4628940
8780841
26911565
44101360
25870287
79287380
129932292
755395572
4641524649
14225366973
23311837628
135529502167
399299672090
71640459296509
121
315
24494
15434
121
9443
5950
24448
15406
1195532
38483
2986391
1881830
7731407
4871833
378060721
2980859
1878344
145762046
377360350
942630450
593984766
46094006394
119331820537
46008615576
14549201721356
25
66
5167
3256
121
9443
5950
24448
15406
1195532
8118
630003
396987
1631003
1027752
79754989
2980859
1878344
145762046
377360350
198855573
125305925
9723906183
25174019755
46008615576
3069272637469
3154
1987
40
1195532
24448
15406
48686650
995650
627394
377360350
15367548988
2371
1494
30
1195532
24448
15406
36603371
748545
471684
377360350
11553559134
0
28
48
222
373
13154
1294
2179
76643
588024
3426036
37
179
8757
1743
66
3248
646
15406
3067
149995
11918
582812
116041
2764087
550346
26911565
1025331
204149
9982777
47345015
183960111
36627545
1791062775
8494418774
3150983342
565334533695
29
138
6763
1346
66
3248
646
15406
3067
149995
9205
450141
89625
2134870
425065
20785417
1025331
204149
9982777
47345015
142083436
28289651
1383345290
6560749500
3150983342
436641794792
188
1095
1794
2
5136
8418
11
48941
69
113
578958
948768
1339
5515914
7787
12761
25870287
36524
59854
347981
2915694708
4116486
6745897
39219049
183941950
20731063601
68
396
650
0
5136
8418
11
48941
69
113
209803
343816
485
1998866
2822
4624
25870287
36524
59854
347981
1056594627
1491739
2444590
14212268
183941950
7512559649
69
179
13897
8757
121
9443
5950
24448
15406
1195532
21834
1694361
1067677
4386498
2764087
214496873
2980859
1878344
145762046
377360350
534811667
337003735
26151937261
67704209896
46008615576
8254648280211
