1573
0
0
269
357
0
0
2
331
0
0
56
892
0
0
6
3075
1447
148
457893
9250
6763
1030356
142779769
4453
3256
1030356
68735925
14795
10818
1030356
228369483
138
6763
15408
2135270
66
3256
15408
1027945
221
10818
15408
3415264
9250
689
105031
14554552
4453
331
105031
7006739
14795
1102
105031
23279318
1
707
5162
47169
21
1194443
34
525122
0
707
34
310
5
707
13884
126858
8757
1194443
13884
214301490
2939
575
13685
5031
48930
3075
15473242
1842
17918
3075
5666364
186
1814
3075
573921
2203
48930
1347
6777802
738
48930
451
2271262
3748
1347
83197
11528942
1804
648
83197
5550173
17151
2155
237985
52747380
14
533
211
22720
42
1573
211
66984
13992
2787
150105
43031432
278
40
201
2178
10859
1570
88026
438713
63456
3428300
138499860
173
0
3075
0
1686
0
1
533255
21
11
3660
777
112
560
2178
10859
1570
245573
1223915
177029
3428300
386384495
1132
412
82
21498
4313
1570
1782309
357613
130218
6787094
562666994
104
17
853
1882
92047
15408
32926
1609818
269486
29059043
508212339
494
82
4046
1882
92047
15408
156078
7630984
1277442
29059043
2409066804
826
138
6763
1882
92047
15408
260888
12755345
2135270
29059043
4026804207
2451
1744
8757
42021
210903
150105
7539236
37839280
26931156
648594881
116367827196
981
698
3507
42021
210903
150105
3019740
15156018
10786914
648594881
46609578488
3028
2155
10818
42021
210903
150105
9313621
46744880
33269492
648594881
143755380453
24471
11522
237985
148
3075
1447
3643633
75257590
35434368
457893
11205331252
173
315
24471
173
13418
24430
54741
4243316
7725534
4236173
1339595557
674
97
7563
2178
168901
24430
212955
16507506
2387683
53321386
5211344005
2182
315
24471
2178
168901
24430
689034
53411301
7725534
53321386
16861702828
761
542
887
42021
68749
48930
2343343
3833867
2728658
211426417
11790362854
4320
3075
5031
42021
68749
48930
13288255
21740483
15473242
211426417
66858903562
2451
1744
2854
42021
68749
48930
7539236
12334700
8778912
211426417
37933128145
5815
3668
1194443
89768424
3639
2295
1194443
56181413
14
533
7160
211
2841
105031
22720
304827
11265682
4471510
479614316
15
560
7523
211
2841
105031
23873
320300
11837512
4471510
503958852
29
1094
14683
211
2841
105031
46593
625128
23103195
4471510
983573173
585
98
4791
954
1882
92047
18339
15408
3070
150105
184830
9036710
1800507
1512763
301408
14736451
29059043
5789830
283076034
47387506
2852848117
568411920
27790760855
4652230182
89365805725
8773415724088
493
82
4041
805
1882
92047
18339
15408
3070
150105
155899
7622233
1518681
1275977
254230
12429818
29059043
5789830
283076034
47387506
2406304184
479440869
23440793678
3924036783
89365805725
7400151039831
911
648
1061
3256
42021
68749
210903
48930
150105
245582
2803265
4586332
14069535
3264206
10013638
16382987
211426417
648594881
1061144981
755243253
14104430415
43268298753
70789855641
50382899431
3263358467884
217701331069794
911
0
1061
3256
19
68749
210903
22
67
245582
1267
4586332
14069535
1476
4528
16382987
95619
293332
1061144981
341564
6378844
19568442
70789855641
22786078
1475880588
98457209577
2451
1744
2854
8757
42021
68749
210903
48930
150105
245582
7539236
12334700
37839280
8778912
26931156
44061188
211426417
648594881
1061144981
755243253
37933128145
116367827196
190385615469
135502173730
3263358467884
585496347302894
2182
315
24471
15434
2178
168901
106531
24430
15408
1194443
689034
53411301
33688249
7725534
4872746
377716348
53321386
33631536
2606985953
377080482
16861702828
10635225720
824401344171
119243318717
823013507172
260259722774825
460
66
5162
3256
2178
168901
106531
24430
15408
1194443
145357
11267549
7106810
1629764
1027945
79682341
53321386
33631536
2606985953
377080482
3557113586
2243587512
173914180064
25155349575
823013507172
54903908891135
3639
2295
46
1194443
24430
15408
56181413
1149093
724770
377080482
17736214546
2811
1773
36
1194443
24430
15408
43392291
887514
559784
377080482
13698747289
0
28
388
211
2841
105031
1234
16558
611950
4471510
26052605
1069
179
8757
1744
1882
92047
18339
15408
3070
150105
337780
16514767
3290462
2764605
550830
26931156
29059043
5789830
283076034
47387506
5213636225
1038783999
50788163808
8502042452
89365805725
16033590345962
826
138
6763
1347
1882
92047
18339
15408
3070
150105
260888
12755345
2541421
2135270
425439
20800548
29059043
5789830
283076034
47387506
4026804207
802315236
39226747488
6566637724
89365805725
12383704246516
1539
1096
1793
3
42021
68749
120
48930
85
139
4735968
7748363
13545
5514702
9640
15772
211426417
369607
604702
430381
23828683325
41656364
68152621
48505914
1859652637
209590998102
558
397
649
1
42021
68749
120
48930
85
139
1716228
2807865
4908
1998427
3493
5715
211426417
369607
604702
430381
8635080586
15095507
24697268
17577659
1859652637
75951958155
1238
179
13884
8757
2178
168901
106531
24430
15408
1194443
390931
30303484
19113395
4383166
2764605
214301490
53321386
33631536
2606985953
377080482
9566671004
6034011307
467733094103
67653997423
823013507172
147661192287817
