1572
0
0
269
357
0
0
2
331
0
0
56
892
0
0
6
3074
1450
149
458732
898
6756
100018
13859945
432
3252
100018
6672347
1437
10806
100018
22168326
138
6756
15389
2132554
66
3252
15389
1026637
221
10806
15389
3410919
898
689
10203
1413995
432
331
10203
680714
1437
1102
10203
2261619
1
580
5161
38721
21
1193045
34
524507
0
580
34
255
4
580
13882
104140
8747
1193045
13882
214050513
2939
575
13683
5030
48913
3074
15467740
1842
17912
3074
5664349
186
1814
3074
573717
2203
48913
1346
6775392
738
48913
451
2270454
3748
1347
83167
11524842
1804
648
83167
5548200
17150
2154
237900
52728623
14
533
207
22307
41
1572
207
65768
13977
2787
149902
42973422
13
40
200
106
529
1570
4290
21379
63427
167037
6748155
14
0
3074
0
138
0
0
43837
21
0
300
37
112
560
106
529
1570
11968
59644
176949
167037
18825887
108
412
82
2052
411
1570
170155
34143
130159
647833
53707008
6
31
1558
62
3031
15389
1983
96887
491926
956699
30581211
16
82
4042
62
3031
15389
5144
251279
1275817
956699
79312773
27
138
6756
62
3031
15389
8598
420019
2132554
956699
132572914
234
1744
8747
4011
20118
149902
719763
3609530
26894850
61853694
11097497410
93
698
3503
4011
20118
149902
288291
1445749
10772373
61853694
4444954323
289
2154
10806
4011
20118
149902
889161
4459045
33224642
61853694
13709330153
24469
11545
237900
149
3074
1450
3650957
75230828
35496143
458732
11224866230
14
315
24469
14
1103
24423
4500
348895
7723372
348241
110123763
32
97
7562
106
8232
24423
10378
804594
2387015
2598448
253958326
106
315
24469
106
8232
24423
33580
2603326
7723372
2598448
821701622
72
542
887
4011
6564
48913
223716
366080
2727688
20182864
1125513516
412
3074
5030
4011
6564
48913
1268616
2075909
15467740
20182864
6382381998
234
1744
2854
4011
6564
48913
719763
1177789
8775791
20182864
3621114037
6299
3969
1193045
97119815
3023
1905
1193045
46623989
14
533
695
207
271
10203
22307
29092
1094477
426640
45761482
14
560
731
207
271
10203
23439
30568
1150031
426640
48084270
29
1094
1426
207
271
10203
45747
59661
2244508
426640
93845753
19
97
4786
954
62
3031
604
15389
3068
149902
6091
297568
59337
1510839
301270
14716585
956699
190771
9318895
47314607
93923213
18728884
914875049
4645073327
2941372061
288766823968
16
82
4037
805
62
3031
604
15389
3068
149902
5138
250991
50049
1274354
254114
12413062
956699
190771
9318895
47314607
79221820
15797333
771673629
3918000160
2941372061
243567406340
87
648
1061
3252
4011
6564
20118
48913
149902
245294
267624
437930
1342108
3263045
10000138
16363801
20182864
61853694
101214751
754157844
1346415480
4126310896
6752119458
50310490913
311184651811
20759384411648
87
0
1061
3252
2
6564
20118
33
102
245294
182
437930
1342108
2226
6822
16363801
13769
42197
101214751
514501
918551
2815051
6752119458
34322821
212296385
14162466696
234
1744
2854
8747
4011
6564
20118
48913
149902
245294
719763
1177789
3609530
8775791
26894850
44009588
20182864
61853694
101214751
754157844
3621114037
11097497410
18159472245
135307434804
311184651811
55831278961633
106
315
24469
15418
106
8232
5187
24423
15389
1193045
33580
2603326
1640372
7723372
4866546
377273991
2598448
1637299
126929920
376567104
821701622
517759441
40138765097
119080974347
40063558322
12669209547087
22
66
5161
3252
106
8232
5187
24423
15389
1193045
7084
549192
346049
1629308
1026637
79589022
2598448
1637299
126929920
376567104
173344651
109225572
8467599513
25121101707
40063558322
2672672971752
3023
1905
39
1193045
24423
15389
46623989
954464
601413
376567104
14716175115
2473
1558
31
1193045
24423
15389
38136071
780703
491926
376567104
12037088697
0
28
37
207
271
10203
1211
1580
59451
426640
2485759
35
179
8747
1744
62
3031
604
15389
3068
149902
11132
543812
108439
2761088
550578
26894850
956699
190771
9318895
47314607
171646525
34227406
1671952205
8488963159
2941372061
527727068524
27
138
6756
1347
62
3031
604
15389
3068
149902
8598
420019
83754
2132554
425244
20772507
956699
190771
9318895
47314607
132572914
26435880
1291349047
6556535801
2941372061
407595292038
147
1095
1793
2
4011
6564
10
48913
81
133
452138
739859
1237
5512742
9220
15088
20182864
33757
55239
411592
2274697181
3804623
6225723
46388280
169833512
19140980805
53
397
649
1
4011
6564
10
48913
81
133
163846
268111
448
1997717
3341
5467
20182864
33757
55239
411592
824308804
1378726
2256088
16810267
169833512
6936342621
60
179
13882
8747
106
8232
5187
24423
15389
1193045
19052
1477025
930683
4381939
2761088
214050513
2598448
1637299
126929920
376567104
466201377
293756466
22773166159
67561889574
40063558322
7188014215652
