1571
0
0
269
357
0
0
2
331
0
0
56
891
0
0
6
3071
1463
150
462794
9243
6757
1028617
142538756
4449
3253
1028617
68619898
14784
10808
1028617
227983994
138
6757
15393
2133122
66
3253
15393
1026911
221
10808
15393
3411828
9243
688
104834
14527201
4449
331
104834
6993572
14784
1101
104834
23235572
2
745
5165
49759
21
1194061
34
524954
0
745
34
327
5
745
13892
133826
8749
1194061
13892
214232785
2941
576
13693
5034
48905
3071
15465319
1843
17909
3071
5663463
186
1813
3071
573628
2205
48905
1345
6774331
738
48905
450
2270099
3751
1346
83154
11523039
1805
648
83154
5547331
17162
2153
237863
52720370
14
533
213
22906
42
1571
213
67533
13979
2784
149799
42943890
278
40
200
2177
10839
1568
87951
437889
63380
3421570
138227962
173
0
3071
0
1683
0
1
532253
21
11
3653
777
112
560
2177
10839
1568
245364
1221615
176817
3421570
385625961
1131
412
82
21458
4309
1568
1778960
357309
130062
6773770
561562372
104
17
852
1881
91892
15393
32898
1607101
269215
29007550
507311781
494
82
4042
1881
91892
15393
155945
7618103
1276157
29007550
2404797910
825
138
6757
1881
91892
15393
260666
12733814
2133122
29007550
4019668664
2449
1742
8749
41942
210547
149799
7525068
37775405
26876368
646779101
116042048521
981
698
3504
41942
210547
149799
3014065
15130433
10764970
646779101
46479092192
3026
2153
10808
41942
210547
149799
9296118
46665971
33201810
646779101
143352928688
24486
11665
237863
150
3071
1463
3688955
75219053
35835186
462794
11332080851
173
315
24486
172
13416
24442
54694
4242615
7729534
4235117
1339261605
674
97
7567
2177
168873
24442
212774
16504779
2388920
53308093
5210044860
2180
315
24486
2177
168873
24442
688448
53402478
7729534
53308093
16857499342
761
541
887
41942
68738
48905
2338939
3833234
2727261
211156134
11775290351
4317
3071
5034
41942
68738
48905
13263283
21736892
15465319
211156134
66773432824
2449
1742
2856
41942
68738
48905
7525068
12332662
8774417
211156134
37884635389
5819
3664
1194061
89739644
3642
2293
1194061
56163401
14
533
7154
213
2866
104834
22906
307434
11244512
4504733
483177806
15
560
7517
213
2866
104834
24069
323039
11815267
4504733
507703220
29
1093
14672
213
2866
104834
46975
630474
23059780
4504733
990881031
585
98
4787
953
1881
91892
18305
15393
3066
149799
184673
9021456
1797123
1511241
301047
14706472
29007550
5778463
282283553
47287125
2847792838
567296012
27712959588
4642375274
89108126907
8748118314479
493
82
4038
804
1881
91892
18305
15393
3066
149799
155766
7609366
1515827
1274693
253926
12404531
29007550
5778463
282283553
47287125
2402040185
478499629
23375170305
3915724421
89108126907
7378813323951
910
648
1062
3253
41942
68738
210547
48905
149799
245503
2797997
4585574
14045785
3262535
9993266
16377735
211156134
646779101
1059991460
754160554
14086399666
43147166569
70712903314
50310671723
3256181622930
217222557832112
910
0
1062
3253
20
68738
210547
24
73
245503
1375
4585574
14045785
1604
4914
16377735
103832
318043
1059991460
370847
6926775
21216971
70712903314
24739517
1601178418
106815931035
2449
1742
2856
8749
41942
68738
210547
48905
149799
245503
7525068
12332662
37775405
8774417
26876368
44047064
211156134
646779101
1059991460
754160554
37884635389
116042048521
190178656208
135307921084
3256181622930
584208711713014
2180
315
24486
15420
2177
168873
106351
24442
15393
1194061
688448
53402478
33631382
7729534
4867844
377595254
53308093
33571941
2604151995
376927884
16857499342
10616380072
823505167777
119195062829
822049687233
259954936148579
460
66
5165
3253
2177
168873
106351
24442
15393
1194061
145233
11265687
7094814
1630608
1026911
79656795
53308093
33571941
2604151995
376927884
3556226826
2239611869
173725124352
25145169602
822049687233
54839611669190
3642
2293
46
1194061
24442
15393
56163401
1149688
724041
376927884
17729036980
2812
1771
36
1194061
24442
15393
43378379
887973
559220
376927884
13693203622
0
28
388
213
2866
104834
1244
16699
610800
4504733
26246174
1069
179
8749
1742
1881
91892
18305
15393
3066
149799
337493
16486889
3284279
2761824
550170
26876368
29007550
5778463
282283553
47287125
5204397602
1036744656
50645980458
8484032413
89108126907
15987358830753
825
138
6757
1346
1881
91892
18305
15393
3066
149799
260666
12733814
2536645
2133122
424929
20758232
29007550
5778463
282283553
47287125
4019668664
800740129
39116930752
6552727489
89108126907
12347996872257
1538
1094
1794
3
41942
68738
137
48905
98
160
4727068
7747083
15547
5511879
11061
18128
211156134
423758
694487
494112
23798221336
47759427
78271831
55688682
2133393437
240442785377
557
396
650
1
41942
68738
137
48905
98
160
1713003
2807401
5634
1997404
4008
6569
211156134
423758
694487
494112
8624041716
17307146
28364285
20180563
2133393437
87132083625
1237
179
13892
8749
2177
168873
106351
24442
15393
1194061
390598
30298478
19081131
4385435
2761824
214232785
53308093
33571941
2604151995
376927884
9564286111
6023319023
467224638652
67626618919
822049687233
147488268271203
