1571
0
0
269
357
0
0
2
331
0
0
56
891
0
0
6
3072
1429
147
452025
9241
6755
1028037
142458460
4448
3252
1028037
68581243
14780
10804
1028037
227855566
138
6755
15387
2132320
66
3252
15387
1026525
221
10804
15387
3410545
9241
688
104821
14525452
4448
331
104821
6992730
14780
1101
104821
23232774
1
441
5164
29475
21
1193361
34
524646
0
441
34
194
3
441
13888
79273
8746
1193361
13888
214107210
2940
576
13689
5033
48898
3072
15463104
1843
17906
3072
5662652
186
1813
3072
573545
2204
48898
1345
6773361
738
48898
450
2269774
3750
1346
83142
11521389
1805
648
83142
5546537
17157
2153
237829
52712822
14
533
209
22485
42
1571
209
66292
13974
2785
149767
42934497
278
40
200
2176
10837
1568
87926
437836
63384
3421003
138205079
173
0
3072
0
1682
0
1
532189
21
11
3652
777
112
560
2176
10837
1568
245296
1221468
176829
3421003
385562121
1131
412
82
21455
4308
1568
1778746
357209
130071
6772648
561469400
397
66
3252
1880
91840
15387
125453
6126760
1026525
28989900
1933940118
493
82
4041
1880
91840
15387
155902
7613811
1275677
28989900
2403334638
825
138
6755
1880
91840
15387
260594
12726640
2132320
28989900
4017222776
2449
1743
8746
41937
210428
149767
7524163
37754125
26870489
646487292
115989693546
980
698
3503
41937
210428
149767
3013703
15121910
10762615
646487292
46458122106
3025
2153
10804
41937
210428
149767
9294999
46639683
33194548
646487292
143288251797
24479
11389
237829
147
3072
1429
3601791
75208284
34992385
452025
11065563952
173
315
24479
172
13409
24435
54679
4240545
7727211
4232859
1338547840
673
97
7565
2176
168791
24435
212715
16496728
2388202
53279683
5207268208
2180
315
24479
2176
168791
24435
688257
53376428
7727211
53279683
16848515273
761
541
887
41937
68704
48898
2338658
3831364
2726871
211076800
11770866219
4316
3072
5033
41937
68704
48898
13261687
21726287
15463104
211076800
66748345168
2449
1743
2855
41937
68704
48898
7524163
12326646
8773160
211076800
37870401634
6417
4041
1193361
98932597
6417
4041
1193361
98932597
14
533
7152
209
2812
104821
22485
301679
11243158
4420905
474186349
15
560
7516
209
2812
104821
23626
316992
11813845
4420905
498255369
29
1093
14668
209
2812
104821
46112
618672
23057004
4420905
972441722
584
97
4785
953
1880
91840
18303
15387
3066
149767
184621
9016374
1796907
1510673
301067
14703255
28989900
5777507
282156189
47274647
2846060013
567202126
27700455749
4641150338
89063899766
8743776350662
493
82
4036
804
1880
91840
18303
15387
3066
149767
155723
7605080
1515645
1274214
253943
12401818
28989900
5777507
282156189
47274647
2400578592
478420439
23364623638
3914691220
89063899766
7375150988885
910
648
1061
3252
41937
68704
210428
48898
149767
245359
2797661
4583337
14037872
3262067
9991080
16368134
211076800
646487292
1059123748
753803027
14081107221
43127699757
70655017520
50286820762
3253881203139
217069094933244
910
0
1061
3252
24
68704
210428
28
86
245359
1612
4583337
14037872
1880
5759
16368134
121672
372659
1059123748
434520
8116879
24860426
70655017520
28987213
1875659391
125126782785
2449
1743
2855
8746
41937
68704
210428
48898
149767
245359
7524163
12326646
37754125
8773160
26870489
44021242
211076800
646487292
1059123748
753803027
37870401634
115989693546
190022975394
135243775172
3253881203139
583795981270385
2180
315
24479
15415
2176
168791
106291
24435
15387
1193361
688257
53376428
33612437
7727211
4866013
377373921
53279683
33551514
2602020415
376689930
16848515273
10609920540
822831103232
119119815134
821339720247
259730424874844
459
66
5164
3252
2176
168791
106291
24435
15387
1193361
145193
11260192
7090817
1630118
1026525
79610103
53279683
33551514
2602020415
376689930
3554331564
2238249178
173582924945
25129295488
821339720247
54792249186871
6417
4041
82
1193361
24435
15387
98932597
2025770
1275677
376689930
31228529636
6417
4041
82
1193361
24435
15387
98932597
2025770
1275677
376689930
31228529636
0
28
388
209
2812
104821
1221
16387
610727
4420905
25757759
1068
179
8746
1743
1880
91840
18303
15387
3066
149767
337399
16477601
3283883
2760785
550207
26870489
28989900
5777507
282156189
47274647
5201230830
1036573078
50623129445
8481793820
89063899766
15979423806205
825
138
6755
1346
1880
91840
18303
15387
3066
149767
260594
12726640
2536340
2132320
424958
20753692
28989900
5777507
282156189
47274647
4017222776
800607609
39099281543
6550998490
89063899766
12341868176495
1538
1094
1793
3
41937
68704
128
48898
91
150
4726499
7743304
14537
5511089
10346
16950
211076800
396272
649203
462053
23789280032
44661653
73168054
52075407
1994507625
224789745982
557
396
650
1
41937
68704
128
48898
91
150
1712797
2806032
5268
1997118
3749
6142
211076800
396272
649203
462053
8620801551
16184569
26514769
18871178
1994507625
81459707407
1237
179
13888
8746
2176
168791
106291
24435
15387
1193361
390490
30283698
19070382
4384117
2760785
214107210
53279683
33551514
2602020415
376689930
9559188901
6019654137
466842200780
67583926319
821339720247
147360889351375
