1572
0
0
269
357
0
0
2
331
0
0
56
892
0
0
6
3073
1447
148
457627
1931
6757
214976
29789919
929
3253
214976
14341231
3089
10808
214976
47647566
138
6757
15394
2133260
66
3253
15394
1026977
221
10808
15394
3412048
1931
688
21917
3037145
929
331
21917
1462119
3089
1101
21917
4857771
1
593
5167
39597
21
1194513
34
525153
0
593
34
260
4
593
13896
106495
8749
1194513
13896
214313999
2942
576
13697
5036
48940
3073
15476431
1844
17922
3073
5667532
186
1815
3073
574040
2205
48940
1346
6779199
739
48940
451
2271730
3752
1346
83214
11531318
1806
648
83214
5551317
17167
2153
238034
52758251
14
533
211
22637
42
1572
211
66740
13980
2785
149870
42964094
17
40
200
136
678
1569
5499
27390
63406
214025
8646407
27
0
3073
0
266
0
0
84164
21
1
577
48
112
560
136
678
1569
15341
76414
176889
214025
24121598
225
412
82
4277
858
1569
354656
71204
130115
1350427
111953752
2
13
637
67
3296
15394
881
43088
201191
1040746
13601631
17
82
4042
67
3296
15394
5594
273326
1276239
1040746
86280479
29
138
6757
67
3296
15394
9351
456870
2133260
1040746
144219578
488
1743
8749
8361
41960
149870
1500208
7528404
26889012
128951261
23135825621
195
698
3504
8361
41960
149870
600888
3015401
10770034
128951261
9266745853
603
2153
10808
8361
41960
149870
1853287
9300239
33217430
128951261
28580918750
24493
11534
238034
148
3073
1447
3647436
75273099
35446207
457627
11209075133
27
315
24493
27
2121
24450
8645
670821
7731949
669635
211757254
42
97
7570
136
10562
24450
13304
1032310
2389666
3334212
325867922
136
315
24493
136
10562
24450
43046
3340119
7731949
3334212
1054370632
151
541
888
8361
13702
48940
466294
764129
2729221
42109586
2348274670
860
3073
5036
8361
13702
48940
2644187
4333102
15476431
42109586
13316220345
488
1743
2857
8361
13702
48940
1500208
2458432
8780722
42109586
7555102848
5573
3509
1194513
85956699
2929
1844
1194513
45184228
14
533
1495
211
591
21917
22637
63467
2350846
930342
99788602
15
560
1571
211
591
21917
23786
66688
2470172
930342
104853728
29
1093
3066
211
591
21917
46423
130156
4821019
930342
204642332
20
98
4787
954
67
3296
656
15394
3067
149870
6625
323676
64500
1511339
301169
14713391
1040746
207392
10132014
47309320
102174461
20360621
994702375
4644554316
3198358080
313996218682
17
82
4038
804
67
3296
656
15394
3067
149870
5588
273012
54404
1274775
254028
12410367
1040746
207392
10132014
47309320
86181536
17173661
839005930
3917562387
3198358080
264847753401
181
648
1062
3253
8361
13702
41960
48940
149870
245596
557812
914103
2799238
3264879
9997968
16383944
42109586
128951261
211315962
754751907
2809165170
8602444842
14097061917
50350121377
649403109579
43322216283503
181
0
1062
3253
5
13702
41960
32
99
245596
369
914103
2799238
2164
6629
16383944
27921
85501
211315962
500443
1862635
5703906
14097061917
33384974
430590942
28725076394
488
1743
2857
8749
8361
13702
41960
48940
149870
245596
1500208
2458432
7528404
8780722
26889012
44063761
42109586
128951261
211315962
754751907
7555102848
23135825621
37913310955
135414018865
649403109579
116512835573454
136
315
24493
15421
136
10562
6650
24450
15394
1194513
43046
3340119
2102992
7731949
4868157
377738397
3334212
2099273
162890377
377070361
1054370632
663848455
51510460105
119240117952
51419362983
16260230286169
28
66
5167
3253
136
10562
6650
24450
15394
1194513
9080
704625
443643
1631117
1026977
79686992
3334212
2099273
162890377
377070361
222428075
140044240
10866551221
25154674347
51419362983
3430228053201
2929
1844
37
1194513
24450
15394
45184228
924878
582318
377070361
14263238093
2102
1323
27
1194513
24450
15394
32428008
663770
417920
377070361
10236501093
0
28
81
211
591
21917
1229
3447
127697
930342
5420507
38
179
8749
1743
67
3296
656
15394
3067
149870
12107
591525
117875
2762002
550392
26889012
1040746
207392
10132014
47309320
186725845
37209437
1817838218
8488014655
3198358080
573834285170
29
138
6757
1346
67
3296
656
15394
3067
149870
9351
456870
91041
2133260
425101
20767998
1040746
207392
10132014
47309320
144219578
28739081
1404025572
6555803215
3198358080
443206663057
306
1095
1794
2
8361
13702
21
48940
76
124
942395
1544328
2402
5515839
8580
14060
42109586
65502
107341
383387
4745934808
7382450
12097822
43209489
329874305
37178279179
111
396
650
1
8361
13702
21
48940
76
124
341506
559636
870
1998839
3109
5095
42109586
65502
107341
383387
1719840285
2675265
4384030
15658331
329874305
13472730842
77
179
13896
8749
136
10562
6650
24450
15394
1194513
24422
1895053
1193155
4386805
2762002
214313999
3334212
2099273
162890377
377070361
598208678
376641661
29225021349
67652181435
51419362983
9225418998112
