0
0
0
0
0
0
0
0
0
0
0
0
0
0
0
0
930
12
4
3797
847
420
5872
813714
408
202
5872
391732
1356
672
5872
1301498
19
420
131
18286
9
202
131
8803
30
672
131
29248
847
0
0
0
408
0
0
0
1356
0
0
0
0
0
1232
0
1
17722
8
7791
0
0
8
0
0
0
3313
0
544
17722
3313
3179653
701
137
3265
0
0
930
0
0
0
930
0
0
0
930
0
0
0
407
0
0
0
136
0
0
407
0
0
0
196
0
0
4093
652
17186
3809230
0
0
0
0
2
0
0
0
869
843
2824
809594
13
5
0
14
0
0
578
0
0
0
0
13
0
930
0
40
0
0
12707
0
0
0
37
15
0
14
0
0
1612
0
0
0
0
102
0
11
0
53
0
0
4448
0
0
0
6
4
97
8
189
131
274
6059
4218
8243
263500
16
11
251
8
189
131
712
15715
10939
8243
683390
27
19
420
8
189
131
1190
26268
18286
8243
1142301
221
527
544
1148
1184
2824
206043
212467
506683
1102058
197726093
88
211
218
1148
1184
2824
82527
85100
202945
1102058
79196545
273
652
672
1148
1184
2824
254536
262472
625933
1102058
244261584
5840
75
17186
4
930
12
23833
5434838
70138
3797
22179876
13
43
5840
1
252
803
593
79743
253955
10965
3467690
32
13
1804
14
1921
803
1398
187832
78488
83572
8167954
104
43
5840
14
1921
803
4525
607746
253955
83572
26428043
68
164
0
1148
0
0
64042
0
0
0
0
390
930
0
1148
0
0
363160
0
0
0
0
221
527
0
1148
0
0
206043
0
0
0
0
1531
251
17722
1469223
895
147
17722
859615
0
0
656
0
14
0
0
1575
0
0
0
0
0
689
0
14
0
0
1654
0
0
0
1
0
1345
0
14
0
0
3230
0
0
0
19
13
297
288
8
189
183
131
127
2824
843
18610
18047
12955
12563
277251
8243
7994
176413
122806
809280
784811
17319220
12056382
7671379
753131441
16
11
251
243
8
189
183
131
127
2824
711
15697
15222
10927
10597
233854
8243
7994
176413
122806
682607
661968
14608318
10169249
7671379
635247045
82
196
0
202
1148
0
1184
0
2824
0
76611
0
79000
0
188396
0
0
1102058
0
0
0
73519218
0
0
0
0
82
0
0
202
0
0
1184
0
1
0
42
0
79000
0
104
0
0
608
0
0
0
40591
0
0
0
0
221
527
0
544
1148
0
1184
0
2824
0
206043
0
212467
0
506683
0
0
1102058
0
0
0
197726093
0
0
0
0
104
43
5840
959
14
1921
315
803
131
17722
4525
607746
99864
253955
41729
5604287
83572
13732
1844285
770660
26428043
4342658
583214242
243704103
80199294
25361243841
21
9
1232
202
14
1921
315
803
131
17722
954
128209
21067
53573
8803
1182270
83572
13732
1844285
770660
5575211
916119
123033796
51411366
80199294
5350161009
895
147
6
17722
803
131
859615
38953
6400
770660
37380639
590
97
4
17722
803
131
566499
25670
4218
770660
24634396
0
0
35
0
14
0
0
85
0
0
0
35
24
544
527
8
189
183
131
127
2824
1541
34010
32982
23675
22960
506683
8243
7994
176413
122806
1478975
1434258
31651217
22033277
7671379
1376362569
27
19
420
407
8
189
183
131
127
2824
1190
26268
25474
18286
17733
391341
8243
7994
176413
122806
1142301
1107763
24446135
17017622
7671379
1063047428
139
331
0
0
1148
0
0
0
0
0
129431
0
10
0
24
0
0
86
0
0
0
9727
0
0
0
0
50
120
0
0
1148
0
0
0
0
0
46903
0
3
0
9
0
0
86
0
0
0
3525
0
0
0
0
59
24
3313
544
14
1921
315
803
131
17722
2567
344811
56659
144084
23675
3179653
83572
13732
1844285
770660
14994238
2463854
330892961
138268181
80199294
14388978300
