0
0
0
0
0
0
0
0
0
0
0
0
0
0
0
0
931
8
2
2753
856
426
6018
833979
412
205
6018
401488
1369
682
6018
1333911
0
426
0
0
0
205
0
0
0
682
0
0
856
0
0
0
412
0
0
0
1369
0
0
0
0
3
733
258
1
10705
4
4522
0
3
4
1
0
3
1971
695
552
10705
1971
1920681
417
81
1943
0
0
931
0
0
0
931
0
0
0
931
0
0
0
407
0
0
0
136
0
0
408
0
0
0
196
0
0
2435
652
10234
2268290
0
0
0
0
1
0
0
0
883
844
2868
822281
13
0
0
0
0
0
0
0
0
0
0
13
0
931
0
40
0
0
12815
0
0
0
37
0
0
0
0
0
0
0
0
0
0
103
0
0
0
0
0
0
0
0
0
0
3
0
50
0
194
0
0
3211
0
0
0
16
0
255
0
194
0
0
16101
0
0
0
27
0
426
0
194
0
0
26914
0
0
0
222
528
552
1157
1210
2868
207626
217184
514623
1127227
202241883
89
211
221
1157
1210
2868
83161
86990
206125
1127227
81005284
275
652
682
1157
1210
2868
256491
268300
635742
1127227
249840180
3475
32
10234
2
931
8
10274
3236295
30256
2753
9567979
13
0
3475
0
151
0
0
47828
0
0
0
32
0
1074
0
1162
0
0
113650
0
0
0
105
0
3475
0
1162
0
0
367723
0
0
0
69
164
0
1157
0
0
64534
0
0
0
0
392
931
0
1157
0
0
365950
0
0
0
0
222
528
0
1157
0
0
207626
0
0
0
0
743
208
10705
723849
407
114
10705
397117
0
0
662
0
12
0
0
1314
0
0
0
0
0
696
0
12
0
0
1381
0
0
0
1
0
1359
0
12
0
0
2696
0
0
0
19
0
302
289
0
194
185
0
0
2868
0
19067
18228
0
0
281596
0
0
180860
0
0
0
17755840
0
0
0
16
0
255
243
0
194
185
0
0
2868
0
16083
15375
0
0
237519
0
0
180860
0
0
0
14976595
0
0
0
82
196
0
205
1157
0
1210
0
2868
0
77200
0
80754
0
191349
0
0
1127227
0
0
0
75198295
0
0
0
0
82
0
0
205
0
0
1210
0
1
0
33
0
80754
0
84
0
0
496
0
0
0
33107
0
0
0
0
222
528
0
552
1157
0
1210
0
2868
0
207626
0
217184
0
514623
0
0
1127227
0
0
0
202241883
0
0
0
0
105
0
3475
974
0
1162
325
0
0
10705
0
367723
103063
0
0
3385290
0
0
1132690
0
0
0
358188052
0
0
0
22
0
733
205
0
1162
325
0
0
10705
0
77574
21742
0
0
714154
0
0
1132690
0
0
0
75562687
0
0
0
407
114
0
10705
0
0
397117
0
0
0
0
318
89
0
10705
0
0
310286
0
0
0
0
0
0
35
0
12
0
0
71
0
0
0
35
0
552
528
0
194
185
0
0
2868
0
34846
33313
0
0
514623
0
0
180860
0
0
0
32449148
0
0
0
27
0
426
408
0
194
185
0
0
2868
0
26914
25729
0
0
397474
0
0
180860
0
0
0
25062425
0
0
0
140
331
0
0
1157
0
0
0
1
0
130425
0
48
0
114
0
0
398
0
0
0
44927
0
0
0
0
50
120
0
0
1157
0
0
0
1
0
47263
0
17
0
41
0
0
398
0
0
0
16281
0
0
0
0
60
0
1971
552
0
1162
325
0
0
10705
0
208632
58474
0
0
1920681
0
0
1132690
0
0
0
203221898
0
0
0
