1571
0
0
0
357
0
0
0
331
0
0
0
891
0
0
0
3072
1480
152
468176
2420
6756
269353
37325231
1165
3252
269353
17968822
3871
10807
269353
59699941
0
6756
0
0
0
3252
0
0
0
10807
0
0
2420
688
27458
3805018
1165
331
27458
1831782
3871
1101
27458
6085947
1
392
5165
26216
20
1193994
32
504465
0
392
32
166
2
392
13892
70508
8748
1193994
13892
214220809
2941
576
13693
5034
48914
3072
15468204
1843
17912
3072
5664520
186
1814
3072
573735
2205
48914
1345
6775595
739
48914
450
2270522
3751
1346
83170
11525188
1805
648
83170
5548366
17162
2153
237907
52730205
13
533
201
21614
40
1571
201
63725
13978
2785
149813
42947753
16
0
200
0
644
0
0
26029
0
0
0
31
0
3072
0
306
0
0
96914
0
0
0
46
0
560
0
644
0
0
72616
0
0
0
281
412
0
5332
0
0
442081
0
0
0
0
3
0
754
0
3249
0
0
50269
0
0
0
17
0
4042
0
3249
0
0
269363
0
0
0
29
0
6756
0
3249
0
0
450247
0
0
0
608
1743
8748
10422
52309
149813
1870022
9385127
26878785
160716038
28834911833
243
698
3504
10422
52309
149813
749012
3759087
10765938
160716038
11549438695
751
2153
10807
10422
52309
149813
2310138
11593948
33204796
160716038
35621303764
24486
11799
237907
152
3072
1480
3731314
75233084
36252695
468176
11464109003
31
0
24486
0
2442
0
0
772396
0
0
0
40
0
7567
0
10036
0
0
980954
0
0
0
129
0
24486
0
10036
0
0
3173954
0
0
0
189
541
887
10422
17079
48914
581239
952441
2727770
52474568
2926286202
1072
3072
5034
10422
17079
48914
3296001
5400953
15468204
52474568
16593915679
608
1743
2856
10422
17079
48914
1870022
3064289
8776054
52474568
9414739045
5314
3346
1193994
81954184
3109
1958
1193994
47949262
13
533
1873
201
708
27458
21614
75957
2945204
1113169
119398619
14
560
1968
201
708
27458
22711
79813
3094698
1113169
125459122
28
1093
3842
201
708
27458
44326
155771
6039903
1113169
244857744
20
0
4787
953
0
3249
647
0
0
149813
0
318984
63558
0
0
14707795
0
0
9982751
0
0
0
980048525
0
0
0
17
0
4037
804
0
3249
647
0
0
149813
0
269054
53610
0
0
12405647
0
0
9982751
0
0
0
826645783
0
0
0
226
648
1062
3252
10422
17079
52309
48914
149813
245489
695318
1139375
3489611
3263143
9994165
16376820
52474568
160716038
263355417
754243719
3500621705
10721499316
17568656812
50316219703
809134438520
53978024790651
226
0
1062
3252
4
17079
52309
20
62
245489
288
1139375
3489611
1351
4140
16376820
21740
66586
263355417
312494
1450358
4442072
17568656812
20846740
335236149
22363879632
608
1743
2856
8748
10422
17079
52309
48914
149813
245489
1870022
3064289
9385127
8776054
26878785
44044601
52474568
160716038
263355417
754243719
9414739045
28834911833
47249983911
135322842087
809134438520
145171075409820
129
0
24486
15419
0
10036
6320
0
0
1193994
0
3173954
1998674
0
0
377574145
0
0
154764924
0
0
0
48940966377
0
0
0
27
0
5165
3252
0
10036
6320
0
0
1193994
0
669571
421636
0
0
79652342
0
0
154764924
0
0
0
10324495586
0
0
0
3109
1958
0
1193994
0
0
47949262
0
0
0
0
2399
1511
0
1193994
0
0
37004058
0
0
0
0
0
28
101
201
708
27458
1174
4126
159983
1113169
6485722
37
0
8748
1743
0
3249
647
0
0
149813
0
582949
116154
0
0
26878785
0
0
9982751
0
0
0
1791058018
0
0
0
29
0
6756
1346
0
3249
647
0
0
149813
0
450247
89713
0
0
20760099
0
0
9982751
0
0
0
1383341616
0
0
0
382
1095
1794
2
10422
17079
20
48914
59
97
1174703
1924913
2343
5512907
6710
10996
52474568
63875
104668
299768
5914113764
7199027
11796600
33785185
321584048
36243930867
138
396
650
0
10422
17079
20
48914
59
97
425691
697553
849
1997777
2431
3984
52474568
63875
104668
299768
2143167050
2608796
4274872
12243135
321584048
13134140042
73
0
13892
8748
0
10036
6320
0
0
1193994
0
1800777
1133969
0
0
214220809
0
0
154764924
0
0
0
27767191057
0
0
0
