0
0
0
0
0
0
0
0
0
0
0
0
0
0
0
0
931
1
0
332
955
43
678
94031
459
20
678
45267
1527
68
678
150398
138
43
98
13615
66
20
98
6554
221
68
98
21777
955
0
0
0
459
0
0
0
1527
0
0
0
0
0
133
0
0
197
0
83
0
0
0
0
0
0
360
0
55
197
360
35458
76
14
355
0
0
931
0
0
0
931
0
0
0
931
0
0
0
407
0
0
0
136
0
0
408
0
0
0
196
0
0
444
652
1869
414343
0
0
0
0
0
0
0
0
89
844
289
83093
13
40
0
107
0
0
4347
0
0
0
0
14
0
931
0
44
0
0
13951
6
0
95
38
112
0
107
0
0
12129
0
0
0
0
115
0
82
0
440
0
0
36478
0
0
0
3
16
5
62
19
98
1038
323
1624
6184
102245
16
82
25
62
19
98
5208
1624
8145
6184
512712
27
138
43
62
19
98
8706
2715
13615
6184
857009
250
528
55
1298
137
289
232889
24620
52003
127776
22925113
100
211
22
1298
137
289
93280
9861
20829
127776
9182348
308
652
68
1298
137
289
287700
30415
64242
127776
28320615
634
0
1869
0
931
1
226
591166
667
332
211145
14
315
634
14
30
633
4729
9513
200397
9495
3002712
33
97
196
107
216
633
10518
21157
61935
68328
6678050
107
315
634
107
216
633
34033
68455
200397
68328
21607345
77
164
0
1298
0
0
72386
0
0
0
0
440
931
0
1298
0
0
410478
0
0
0
0
250
528
0
1298
0
0
232889
0
0
0
0
166
25
197
16384
89
13
197
8836
0
0
739
0
1
0
0
152
0
0
0
0
0
776
0
1
0
0
160
0
0
0
0
0
1516
0
1
0
0
312
0
0
0
19
97
30
289
62
19
185
98
929
289
6167
1923
18195
9646
91244
28455
6184
58500
18244
91489
607160
5743210
1791110
8981859
5758631
565348978
16
82
25
243
62
19
185
98
929
289
5202
1622
15347
8136
76961
24001
6184
58500
18244
91489
512124
4844250
1510755
7575967
5758631
476857356
92
196
0
20
1298
0
137
0
289
0
86593
0
9154
0
19336
0
0
127776
0
0
0
8524097
0
0
0
0
92
0
0
20
0
0
137
0
0
0
38
0
9154
0
8
0
0
56
0
0
0
3742
0
0
0
0
250
528
0
55
1298
0
137
0
289
0
232889
0
24620
0
52003
0
0
127776
0
0
0
22925113
0
0
0
0
107
315
634
98
107
216
33
633
98
197
34033
68455
10613
200397
31071
62496
68328
10594
21309
62381
21607345
3350163
6738590
19726650
6726099
2126979500
22
66
133
20
107
216
33
633
98
197
7179
14441
2239
42275
6554
13184
68328
10594
21309
62381
4558245
706744
1421560
4161497
6726099
448703654
89
13
44
197
633
98
8836
28333
4393
62381
2789073
58
9
28
197
633
98
5728
18367
2847
62381
1808089
0
0
40
0
1
0
0
8
0
0
0
35
179
55
528
62
19
185
98
929
289
11272
3515
33252
17628
166750
52003
6184
58500
18244
91489
1109598
10495830
3273289
16414524
5758631
1033186412
27
138
43
408
62
19
185
98
929
289
8706
2715
25682
13615
128791
40165
6184
58500
18244
91489
857009
8106559
2528158
12677922
5758631
797991883
157
331
0
0
1298
0
0
0
0
0
146295
0
0
0
2
0
0
7
0
0
0
889
0
0
0
0
56
120
0
0
1298
0
0
0
0
0
53014
0
0
0
0
0
0
7
0
0
0
322
0
0
0
0
61
179
360
55
107
216
33
633
98
197
19309
38838
6021
113697
17628
35458
68328
10594
21309
62381
12259163
1900752
3823213
11192130
6726099
1206765017
