0
0
0
0
0
0
0
0
0
0
0
0
0
0
0
0
5
0
0
0
18
11
3
461
8
5
3
222
29
17
3
737
0
11
0
0
0
5
0
0
0
17
0
0
18
0
0
0
8
0
0
0
29
0
0
0
0
0
32
0
0
12
0
5
0
0
0
0
0
0
86
0
14
12
86
2195
18
3
85
0
0
5
0
0
0
5
0
0
0
5
0
0
0
2
0
0
0
0
0
0
2
0
0
0
1
0
0
107
3
2
606
0
0
0
0
0
0
0
0
22
5
0
129
0
0
0
0
0
0
0
0
0
0
0
0
0
5
0
0
0
0
0
0
0
0
0
0
0
0
0
0
0
0
0
0
0
0
0
0
0
0
0
0
0
0
0
0
0
0
1
0
0
0
0
0
0
0
0
0
0
6
0
0
0
0
0
0
0
0
0
0
11
0
0
0
0
0
0
0
0
0
3
14
0
0
0
0
0
81
0
0
0
1
5
0
0
0
0
0
32
0
0
0
3
17
0
0
0
0
0
100
0
0
152
0
2
0
5
0
0
865
0
0
0
0
0
152
0
0
0
0
0
0
0
0
0
0
47
0
0
0
0
0
0
0
0
0
0
152
0
0
0
0
0
0
0
0
0
0
0
0
0
0
0
0
0
0
0
0
5
0
0
0
0
0
0
0
0
0
0
3
0
0
0
0
0
0
0
0
0
29
4
12
757
17
2
12
431
0
0
14
0
0
0
0
0
0
0
0
0
0
14
0
0
0
0
0
0
0
0
0
0
28
0
0
0
0
0
0
0
0
0
0
7
1
0
0
0
0
0
0
0
0
0
0
0
44
0
0
0
0
0
0
0
0
0
0
0
0
6
1
0
0
0
0
0
0
0
0
0
0
0
37
0
0
0
0
0
0
0
0
0
0
0
1
0
5
0
0
0
0
0
0
0
0
0
0
30
0
0
0
0
0
0
0
0
0
0
0
0
0
0
5
0
0
0
0
0
0
0
0
0
0
0
0
0
0
0
0
0
0
0
0
0
0
0
3
0
14
0
0
0
0
0
0
0
0
0
0
81
0
0
0
0
0
0
0
0
0
0
0
0
0
152
25
0
0
0
0
0
12
0
0
0
0
0
3869
0
0
0
0
0
0
0
0
0
0
0
0
32
5
0
0
0
0
0
12
0
0
0
0
0
816
0
0
0
0
0
0
0
0
0
0
17
2
0
12
0
0
431
0
0
0
0
14
2
0
12
0
0
354
0
0
0
0
0
0
0
0
0
0
0
0
0
0
0
0
0
14
3
0
0
0
0
0
0
0
0
0
0
0
81
0
0
0
0
0
0
0
0
0
0
0
0
11
2
0
0
0
0
0
0
0
0
0
0
0
62
0
0
0
0
0
0
0
0
0
0
0
2
0
0
0
0
0
0
0
0
0
0
0
0
0
0
0
0
0
0
0
0
0
0
0
0
0
0
0
0
0
0
0
0
0
0
0
0
0
0
0
0
0
0
0
0
0
0
0
0
0
0
0
0
86
14
0
0
0
0
0
12
0
0
0
0
0
2195
0
0
0
0
0
0
0
0
0
0
