1571
0
0
0
357
0
0
0
331
0
0
0
891
0
0
0
3071
1461
150
462026
822
6758
91520
12682257
395
3253
91520
6105393
1315
10810
91520
20284670
0
6758
0
0
0
3253
0
0
0
10810
0
0
822
688
9324
1292077
395
331
9324
622021
1315
1101
9324
2066616
1
577
5169
38508
21
1195168
34
525441
0
577
34
253
4
577
13902
103567
8751
1195168
13902
214431556
2943
576
13702
5038
48933
3071
15474073
1844
17919
3071
5666669
186
1814
3071
573952
2206
48933
1345
6778166
739
48933
450
2271384
3753
1345
83201
11529561
1807
647
83201
5550471
17174
2152
237998
52750214
14
533
205
22070
41
1571
205
65069
13982
2784
149812
42947429
13
0
200
0
512
0
0
20699
0
0
0
13
0
3071
0
128
0
0
40686
0
0
0
36
0
560
0
512
0
0
57747
0
0
0
98
411
0
1862
0
0
154415
0
0
0
0
13
0
3253
0
3015
0
0
201160
0
0
0
16
0
4043
0
3015
0
0
249984
0
0
0
27
0
6758
0
3015
0
0
417854
0
0
0
212
1742
8751
3640
18282
149812
653183
3280130
26878583
56153567
10074807605
85
697
3505
3640
18282
149812
261624
1313812
10765857
56153567
4035329585
262
2152
10810
3640
18282
149812
806912
4052119
33204546
56153567
12445946919
24503
11655
237998
150
3071
1461
3685945
75261633
35800952
462026
11321255342
13
0
24503
0
1026
0
0
324590
0
0
0
31
0
7573
0
7989
0
0
780870
0
0
0
103
0
24503
0
7989
0
0
2526566
0
0
0
66
541
888
3640
5971
48933
203022
333010
2728805
18341508
1022828841
374
3071
5038
3640
5971
48933
1151266
1888379
15474073
18341508
5800094170
212
1742
2858
3640
5971
48933
653183
1071392
8779384
18341508
3290746687
6423
4043
1195168
99082468
6423
4043
1195168
99082468
14
533
636
205
245
9324
22070
26353
1000108
386093
41412377
14
560
668
205
245
9324
23190
27691
1050872
386093
43514410
28
1093
1305
205
245
9324
45261
54044
2050981
386093
84926788
19
0
4788
953
0
3015
600
0
0
149812
0
296035
58950
0
0
14707684
0
0
9261718
0
0
0
909261747
0
0
0
16
0
4038
804
0
3015
600
0
0
149812
0
249698
49723
0
0
12405554
0
0
9261718
0
0
0
766938952
0
0
0
79
647
1062
3253
3640
5971
18282
48933
149812
245731
242869
398369
1219629
3264381
9994090
16392931
18341508
56153567
92106588
754754948
1223577119
3746050741
6144506389
50350324206
282902219682
18872640071130
79
0
1062
3253
1
5971
18282
22
69
245731
111
398369
1219629
1505
4608
16392931
8456
25890
92106588
347997
564158
1727204
6144506389
23215195
130438689
8701672425
212
1742
2858
8751
3640
5971
18282
48933
149812
245731
653183
1071392
3280130
8779384
26878583
44087931
18341508
56153567
92106588
754754948
3290746687
10074807605
16525328665
135414564365
282902219682
50756978707065
103
0
24503
15424
0
7989
5029
0
0
1195168
0
2526566
1590391
0
0
377945597
0
0
123234409
0
0
0
38970141918
0
0
0
21
0
5169
3253
0
7989
5029
0
0
1195168
0
532999
335506
0
0
79730702
0
0
123234409
0
0
0
8221068932
0
0
0
6423
4043
0
1195168
0
0
99082468
0
0
0
0
6423
4043
0
1195168
0
0
99082468
0
0
0
0
0
28
34
205
245
9324
1198
1431
54325
386093
2249516
35
0
8751
1742
0
3015
600
0
0
149812
0
541010
107733
0
0
26878583
0
0
9261718
0
0
0
1661693784
0
0
0
27
0
6758
1345
0
3015
600
0
0
149812
0
417854
83208
0
0
20759943
0
0
9261718
0
0
0
1283425853
0
0
0
133
1094
1795
2
3640
5971
8
48933
66
108
410314
673023
910
5514999
7464
12243
18341508
24825
40719
333672
2067168318
2797900
4589291
37606324
125069230
14095850071
48
396
650
0
3640
5971
8
48933
66
108
148690
243891
330
1998535
2705
4436
18341508
24825
40719
333672
749104126
1013908
1663075
13627846
125069230
5108079185
58
0
13902
8751
0
7989
5029
0
0
1195168
0
1433474
902325
0
0
214431556
0
0
123234409
0
0
0
22110135052
0
0
0
