0
0
0
0
0
0
0
0
0
0
0
0
0
0
0
0
930
8
2
2602
843
420
5845
810001
406
202
5845
389944
1349
673
5845
1295559
0
420
0
0
0
202
0
0
0
673
0
0
843
0
0
0
406
0
0
0
1349
0
0
0
0
4
656
277
1
9449
4
4154
0
4
4
1
0
4
1765
747
544
9449
1765
1695354
373
73
1740
638
1879
930
594486
155
457
930
144801
22
66
930
20927
279
1879
407
260404
93
1879
136
87262
477
407
3204
444084
229
196
3204
213787
2181
652
9156
2029567
0
0
0
0
1
0
0
0
870
843
2825
810042
13
0
0
0
0
0
0
0
0
0
0
13
0
930
0
39
0
0
12583
0
0
0
36
0
0
0
0
0
0
0
0
0
0
101
0
0
0
0
0
0
0
0
0
0
2
0
41
0
191
0
0
2591
0
0
0
16
0
251
0
191
0
0
15869
0
0
0
27
0
420
0
191
0
0
26526
0
0
0
219
527
544
1139
1176
2825
204491
211019
506963
1094457
196362327
88
211
218
1139
1176
2825
81906
84521
203057
1094457
78650306
271
652
673
1139
1176
2825
252619
260684
626279
1094457
242576850
3111
27
9156
2
930
8
8704
2895695
25613
2602
8099769
13
0
3111
0
133
0
0
42081
0
0
0
32
0
961
0
1019
0
0
99619
0
0
0
103
0
3111
0
1019
0
0
322327
0
0
0
68
164
112
1139
782
1879
63559
43637
104835
728153
40606061
387
930
638
1139
782
1879
360425
247450
594486
728153
230262358
219
527
362
1139
782
1879
204491
140393
337288
728153
130641860
719
221
9449
690617
368
113
9449
353962
0
0
652
0
9
0
0
1046
0
0
0
0
0
686
0
9
0
0
1099
0
0
0
1
0
1338
0
9
0
0
2145
0
0
0
19
0
298
288
0
191
185
0
0
2825
0
18793
18211
0
0
277405
0
0
178129
0
0
0
17487708
0
0
0
16
0
251
243
0
191
185
0
0
2825
0
15851
15361
0
0
233984
0
0
178129
0
0
0
14750433
0
0
0
81
196
134
202
1139
782
1176
1879
2825
1939
76034
52201
78462
125411
188501
129415
728153
1094457
751400
1805196
48575720
73012137
50126515
120426173
699207111
46644682251
81
0
134
202
0
782
1176
0
1
1939
30
52201
78462
50
76
129415
293
441
751400
727
19586
29440
50126515
48558
281936
18808204
219
527
362
544
1139
782
1176
1879
2825
1939
204491
140393
211019
337288
506963
348056
728153
1094457
751400
1805196
130641860
196362327
134812642
323879896
699207111
125448434078
103
0
3111
960
0
1019
314
0
0
9449
0
322327
99463
0
0
2988141
0
0
978769
0
0
0
309514118
0
0
0
21
0
656
202
0
1019
314
0
0
9449
0
67997
20982
0
0
630372
0
0
978769
0
0
0
65294524
0
0
0
368
113
0
9449
0
0
353962
0
0
0
0
268
82
0
9449
0
0
257946
0
0
0
0
0
0
35
0
9
0
0
56
0
0
0
35
0
544
527
0
191
185
0
0
2825
0
34344
33282
0
0
506963
0
0
178129
0
0
0
31959132
0
0
0
27
0
420
407
0
191
185
0
0
2825
0
26526
25705
0
0
391558
0
0
178129
0
0
0
24683956
0
0
0
138
331
227
0
1139
782
0
1879
0
0
128456
88191
10
211876
24
17
728153
85
58
140
82066090
9624
6607
15874
54554
6148534
50
120
82
0
1139
782
0
1879
0
0
46550
31959
3
76780
9
6
728153
85
58
140
29739255
3487
2394
5752
54554
2228117
58
0
1765
544
0
1019
314
0
0
9449
0
182876
56431
0
0
1695354
0
0
978769
0
0
0
175606210
0
0
0
