1334883
724
250
724
303350
28
2
6
281604
724
52
152
757360
28
5
16
2609129
508247
45445
508247
6501116
1982417
316496448
138690960
3129715
954359
316496448
66767496
10398222
3170781
316496448
221829488
201542
1982417
4530975
1985504
97024
954359
4530975
955845
322357
3170781
4530975
3175719
6501116
584955
65615292
28753080
3129715
281604
65615292
13842080
10398222
935607
65615292
45989168
418
159705
7646039
33691
6289
364161408
50388
506277
2
159705
50388
222
1125
159705
20563618
90610
2566700
364161408
20563618
206610912
4354361
852869
20268724
7451973
39078720
2609129
39078720
2728943
14310790
2609129
14310790
276403
1449478
2609129
1449478
3264215
39078720
1142886
17117798
1093848
39078720
382984
5736227
5552384
1143338
66446064
29117132
2672985
550417
66446064
14017338
25403332
1828715
190068128
133217032
4344
452773
73296
24861
12810
1334883
73296
73296
4101153
2365297
50594700
45866456
195961
58756
170535
1531930
6784159
1332349
195708
866695
170211
6878065
878692
121863
9
2609129
2
1053466
56
2
1053466
56
23
23
546689
163918
475755
1531930
6784159
1332349
545984
2417892
474852
6878065
2451360
796108
349953
120574
13430774
3032802
1332349
3521021
795081
349289
13616682
3569759
73299
25436
250195
1323651
28274464
4530975
73204
1563717
250585
28836000
1594773
347457
120574
1185996
1323651
28274464
4530975
347009
7412453
1187843
28836000
7559666
580782
201542
1982417
1323651
28274464
4530975
580033
12390068
1985504
28836000
12636138
1722915
1480317
2566700
26251456
64783556
50594700
14894046
36755648
28705448
1340466304
760527936
690090
592921
1028057
26251456
64783556
50594700
5965613
14721988
11497587
1340466304
304619392
2128409
1828715
3170781
26251456
64783556
50594700
18399408
45406208
35461368
1340466304
939520704
36244344
3658172
190068128
45445
2609129
508247
3658172
190068128
51160288
508247
51160288
121863
459925
36244344
121705
9085788
32209248
121705
9085788
32209248
9114504
9114504
474075
142146
11201818
1531930
114364272
32209248
473464
35345868
9954716
114725720
35457576
1533909
459925
36244344
1531930
114364272
32209248
1531930
114364272
32209248
114725720
114725712
535516
460111
1314132
26251456
46550720
39078720
4629363
8209075
6891412
550700032
97114264
3036719
2609129
7451973
26251456
46550720
39078720
26251456
46550720
39078720
550700032
550700032
1722915
1480317
4227957
26251456
46550720
39078720
14894046
26411052
22171732
550700032
312445632
8613864
1075161
364161408
86546944
5390972
672887
364161408
54165256
4344
452773
5032068
73296
896194
65615292
24861
303976
22255788
9487260
3217945
4565
475755
5287489
73296
896194
65615292
26123
319405
23385462
9487260
3381284
8910
928529
10319557
73296
896194
65615292
50984
623382
45641248
9487260
6599230
411463
142785
1404472
810014
1323651
28274464
11457318
4530975
2604177
50594700
410933
8777925
3556972
1406660
808477
15707334
28836000
11615910
585039872
51111756
8952256
3606207
181628064
15867858
606545280
188304528
347059
120435
1184636
683226
1323651
28274464
11457318
4530975
2604177
50594700
346611
7403953
3000214
1186481
681930
13248732
28836000
11615910
585039872
51111756
7550997
3041743
153198592
13384128
606545280
158830000
640620
550417
1572054
954359
26251456
46550720
64783556
39078720
50594700
74872960
5537958
9820253
13666620
8243974
10673364
15795060
550700032
1340466304
1572956416
1047113408
116174672
282782272
331827968
220897104
38773616640
8179610112
640620
249
1572054
954359
11912
46550720
64783556
17733
22959
74872960
2513
9820253
13666620
3741
4843
15795060
249902
608291
1572956416
475170
52719
128324
331827936
100241
17595130
3711835
1722915
1480317
4227957
2566700
26251456
46550720
64783556
39078720
50594700
74872960
14894046
26411052
36755648
22171732
28705448
42479976
550700032
1340466304
1572956416
1047113408
312445600
760527936
892433664
594091072
38773616640
21998628864
1533909
459925
36244344
4523930
1531930
114364272
32723502
32209248
4530975
364161408
1531930
114364272
32723502
32209248
4530975
364161408
114725712
33373398
3864387072
366124096
114725712
33373398
3864387072
366124096
3978326528
3978326528
323590
97024
7646039
954359
1531930
114364272
32723502
32209248
4530975
364161408
323173
24126072
6903289
6794803
955845
76822816
114725712
33373398
3864387072
366124096
24202324
7040390
815223808
77236864
3978326528
839260416
5390972
672887
68409
364161408
32209248
4530975
54165256
4790793
673935
366124096
54457184
4163773
519712
52836
364161408
32209248
4530975
41835100
3700219
520521
366124096
42060572
236
24594
273341
73296
896194
65615292
1350
16511
1208931
9487260
174798
751957
260943
2566700
1480317
1323651
28274464
11457318
4530975
2604177
50594700
750987
16041822
6500433
2570697
1477508
28705448
28836000
11615910
585039872
51111756
16360415
6590412
331928672
28998804
606545280
344130016
580782
201542
1982417
1143338
1323651
28274464
11457318
4530975
2604177
50594700
580033
12390068
5020677
1985504
1141168
22170952
28836000
11615910
585039872
51111756
12636138
5090173
256368576
22397530
606545280
265792416
1082294
929900
2655902
1170
26251456
46550720
47041
39078720
36738
54368
9356086
16590797
16765
13927758
13093
19376
550700032
973364
1142184
760349
196270944
346909
407077
270990
28155016
10034522
392203
336978
962450
424
26251456
46550720
47041
39078720
36738
54368
3390474
6012200
6075
5047164
4744
7021
550700032
973364
1142184
760349
71124992
125713
147517
98201
28155016
3636326
870279
260943
20563618
2566700
1531930
114364272
32723502
32209248
4530975
364161408
869157
64885792
18566030
18274264
2570697
206610912
114725712
33373398
3864387072
366124096
65090868
18934756
2192501504
207724448
3978326528
2257146368
