0
0
0
0
0
0
0
0
0
0
0
0
0
0
0
0
502
0
0
0
0
0
495
0
0
0
495
0
204
199
495
79873
0
0
0
0
0
0
0
0
0
199
0
0
0
0
0
0
0
0
0
0
204
0
0
0
0
0
0
0
0
1167
0
0
0
0
0
0
0
0
203
0
84
1167
203
79647
0
0
466
0
0
502
0
0
0
502
0
0
0
502
0
0
0
0
0
0
0
0
0
0
0
0
0
0
0
0
0
481
256
1500
241889
0
0
0
0
0
0
0
0
323
415
621
162611
0
0
0
0
0
0
0
0
0
0
0
0
0
502
0
0
0
0
0
0
0
0
0
0
0
0
0
0
0
0
0
0
0
0
0
0
0
0
0
0
0
0
0
0
0
0
0
0
0
0
0
0
0
0
0
0
0
0
0
0
0
0
0
0
0
0
0
0
0
0
0
0
0
0
0
0
0
0
108
84
0
0
621
0
0
42361
0
0
0
0
0
0
0
621
0
0
0
0
0
0
256
199
0
0
621
0
0
100093
0
0
944
0
1500
0
502
0
0
474639
0
0
0
0
0
944
0
0
0
0
0
0
0
0
0
0
0
0
0
0
0
0
0
0
0
0
0
944
0
0
0
0
0
0
0
0
0
0
0
0
0
0
0
0
0
0
0
0
502
0
0
0
0
0
0
0
0
0
0
108
0
0
0
0
0
0
0
0
0
0
0
1167
0
0
0
1167
0
0
0
0
0
0
0
0
0
0
0
0
0
0
86
0
0
0
0
0
0
0
0
0
0
224
0
0
0
0
0
0
0
0
0
0
0
0
0
0
0
0
0
621
0
0
0
0
0
0
0
0
0
0
0
0
0
0
0
0
0
0
0
0
0
0
0
0
0
621
0
0
0
0
0
0
0
0
0
0
0
0
0
0
0
0
0
0
0
0
0
0
0
0
621
0
0
0
0
0
0
0
0
0
0
0
0
0
0
0
0
0
0
0
0
0
0
0
0
0
0
0
0
0
0
0
0
0
0
0
0
0
0
0
0
0
0
0
0
108
0
84
0
0
0
0
621
0
0
0
0
0
42361
0
0
0
0
0
0
0
0
0
0
0
0
0
944
390
0
0
0
0
0
1167
0
0
0
0
0
369275
0
0
0
0
0
0
0
0
0
0
0
0
0
0
0
0
0
0
0
1167
0
0
0
0
0
0
0
0
0
0
0
0
0
0
0
0
0
0
0
1167
0
0
0
0
0
0
0
0
0
0
1167
0
0
0
0
0
0
0
0
0
0
0
0
0
0
0
0
0
0
0
0
84
108
0
0
0
0
0
621
0
0
0
0
0
42361
0
0
0
0
0
0
0
0
0
0
0
0
0
0
0
0
0
0
0
621
0
0
0
0
0
0
0
0
0
0
0
0
0
0
0
0
0
108
0
0
0
0
0
0
0
0
0
0
0
0
0
0
0
0
0
0
0
0
0
0
0
0
0
35
0
0
0
0
0
0
0
0
0
0
0
0
0
0
0
0
0
0
0
0
0
0
0
0
0
0
203
84
0
0
0
0
0
1167
0
0
0
0
0
79647
0
0
0
0
0
0
0
0
0
0
