0
0
0
0
0
0
0
0
0
0
0
0
0
0
0
0
2
0
0
0
20
4
1
195
9
2
1
94
32
6
1
313
0
4
0
0
0
2
0
0
0
6
0
0
20
0
0
0
9
0
0
0
32
0
0
0
0
0
24
0
0
3
0
1
0
0
0
0
0
0
66
0
5
3
66
646
14
2
65
0
0
2
0
0
0
2
0
0
0
2
0
0
0
0
0
0
0
0
0
0
0
0
0
0
0
0
0
81
1
0
163
0
0
0
0
0
0
0
0
8
1
0
17
0
0
0
0
0
0
0
0
0
0
0
0
0
2
0
0
0
0
0
0
0
0
0
0
0
0
0
0
0
0
0
0
0
0
0
0
0
0
0
0
0
0
0
0
0
0
0
0
0
0
0
0
0
0
0
0
0
2
0
0
0
0
0
0
0
0
0
0
4
0
0
0
0
0
0
0
0
0
1
5
0
0
0
0
0
11
0
0
0
0
2
0
0
0
0
0
4
0
0
0
1
6
0
0
0
0
0
13
0
0
116
0
0
0
2
0
0
233
0
0
0
0
0
116
0
0
0
0
0
0
0
0
0
0
36
0
0
0
0
0
0
0
0
0
0
116
0
0
0
0
0
0
0
0
0
0
0
0
0
0
0
0
0
0
0
0
2
0
0
0
0
0
0
0
0
0
0
1
0
0
0
0
0
0
0
0
0
30
2
3
298
22
1
3
215
0
0
15
0
0
0
0
0
0
0
0
0
0
16
0
0
0
0
0
0
0
0
0
0
31
0
0
0
0
0
0
0
0
0
0
3
0
0
0
0
0
0
0
0
0
0
0
0
6
0
0
0
0
0
0
0
0
0
0
0
0
2
0
0
0
0
0
0
0
0
0
0
0
0
5
0
0
0
0
0
0
0
0
0
0
0
0
0
2
0
0
0
0
0
0
0
0
0
0
4
0
0
0
0
0
0
0
0
0
0
0
0
0
0
2
0
0
0
0
0
0
0
0
0
0
0
0
0
0
0
0
0
0
0
0
0
0
0
1
0
5
0
0
0
0
0
0
0
0
0
0
11
0
0
0
0
0
0
0
0
0
0
0
0
0
116
9
0
0
0
0
0
3
0
0
0
0
0
1140
0
0
0
0
0
0
0
0
0
0
0
0
24
2
0
0
0
0
0
3
0
0
0
0
0
240
0
0
0
0
0
0
0
0
0
0
22
1
0
3
0
0
215
0
0
0
0
17
1
0
3
0
0
166
0
0
0
0
0
0
0
0
0
0
0
0
0
0
0
0
0
5
1
0
0
0
0
0
0
0
0
0
0
0
11
0
0
0
0
0
0
0
0
0
0
0
0
4
0
0
0
0
0
0
0
0
0
0
0
0
8
0
0
0
0
0
0
0
0
0
0
0
0
0
0
0
0
0
0
0
0
0
0
0
0
0
0
0
0
0
0
0
0
0
0
0
0
0
0
0
0
0
0
0
0
0
0
0
0
0
0
0
0
0
0
0
0
0
0
0
0
0
0
0
0
66
5
0
0
0
0
0
3
0
0
0
0
0
646
0
0
0
0
0
0
0
0
0
0
