1571
0
0
269
357
0
0
2
331
0
0
56
891
0
0
6
3071
1431
147
452801
1044
6762
116349
16122872
502
3255
116349
7761747
1671
10815
116349
25787770
138
6762
15405
2134763
66
3255
15405
1027701
221
10815
15405
3414452
1044
688
11846
1641589
502
331
11846
790281
1671
1101
11846
2625645
1
545
5161
36410
21
1193976
34
524916
0
545
34
239
4
545
13881
97924
8755
1193976
13881
214217596
2939
575
13682
5030
48854
3071
15449035
1842
17890
3071
5657500
186
1812
3071
573024
2203
48854
1345
6767198
738
48854
450
2267708
3748
1345
83067
11510905
1804
647
83067
5541490
17148
2152
237613
52664858
14
532
207
22274
41
1571
207
65670
13989
2784
149864
42962456
14
40
200
111
554
1568
4503
22416
63367
175169
7076652
16
0
3071
0
158
0
0
50016
21
1
343
39
112
559
111
554
1568
12565
62537
176780
175169
19742322
124
411
82
2365
475
1568
196075
39395
130035
746643
61898566
2
13
638
62
3075
15405
823
40265
201692
970895
12711335
16
82
4045
62
3075
15405
5215
254965
1277138
970895
80489635
27
138
6762
62
3075
15405
8718
426180
2134763
970895
134540064
270
1742
8755
4622
23229
149864
829404
4167655
26887987
71337711
12799074957
108
697
3506
4622
23229
149864
332206
1669298
10769624
71337711
5126498476
333
2152
10815
4622
23229
149864
1024607
5148527
33216164
71337711
15811379607
24467
11407
237613
147
3071
1431
3607487
75139851
35034150
452801
11078771280
16
315
24467
16
1260
24425
5141
398482
7723994
397802
125796178
34
97
7561
111
8640
24425
10896
844493
2387208
2727762
266596787
111
315
24467
111
8640
24425
35255
2732424
7723994
2727762
862594333
83
541
887
4622
7572
48854
257795
422282
2724390
23255283
1296849459
476
3071
5030
4622
7572
48854
1461864
2394610
15449035
23255283
7353966454
270
1742
2854
4622
7572
48854
829404
1358608
8765178
23255283
4172353075
4789
3020
1193976
73913039
2730
1721
1193976
42129832
14
532
808
207
315
11846
22274
33800
1270642
495135
53108256
14
559
849
207
315
11846
23405
35516
1335138
495135
55803955
29
1092
1658
207
315
11846
45679
69317
2605780
495135
108912211
19
98
4790
953
62
3075
612
15405
3065
149864
6176
301933
60087
1512404
300983
14712830
970895
193217
9444975
47310469
95316869
18968997
927252796
4644667107
2981667304
292722776940
16
82
4040
804
62
3075
612
15405
3065
149864
5209
254673
50682
1275674
253871
12409894
970895
193217
9444975
47310469
80397333
15999862
782113940
3917657524
2981667304
246904151163
100
647
1061
3255
4622
7572
23229
48854
149864
245486
308392
505162
1549632
3259099
9997587
16376574
23255283
71337711
116854931
753899599
1551379137
4758997502
7795488728
50293263178
358867221637
23940327915729
100
0
1061
3255
1
7572
23229
16
51
245486
106
505162
1549632
1126
3456
16376574
8039
24662
116854931
260630
536326
1645229
7795488728
17386843
124063695
8276391285
270
1742
2854
8755
4622
7572
23229
48854
149864
245486
829404
1358608
4167655
8765178
26887987
44043941
23255283
71337711
116854931
753899599
4172353075
12799074957
20965559345
135261101713
358867221637
64386260198838
111
315
24467
15431
111
8640
5449
24425
15405
1193976
35255
2732424
1723363
7723994
4871587
377568481
2727762
1720422
133339979
376924266
862594333
544045425
42165803853
119193918742
42093859664
13311247204761
23
66
5161
3255
111
8640
5449
24425
15405
1193976
7437
576427
363557
1629439
1027701
79651147
2727762
1720422
133339979
376924266
181971302
114770814
8895219853
25144928248
42093859664
2808116046407
2730
1721
35
1193976
24425
15405
42129832
861858
543581
376924266
13299891538
2104
1327
27
1193976
24425
15405
32471135
664268
418959
376924266
10250754668
0
28
43
207
315
11846
1209
1836
69021
495135
2884835
35
179
8755
1742
62
3075
612
15405
3065
149864
11288
551789
109811
2763948
550052
26887987
970895
193217
9444975
47310469
174193459
34666216
1694572781
8488220783
2981667304
534956650636
27
138
6762
1345
62
3075
612
15405
3065
149864
8718
426180
84814
2134763
424838
20767206
970895
193217
9444975
47310469
134540064
26774799
1308820276
6555962419
2981667304
413179132261
169
1094
1792
3
4622
7572
14
48854
94
155
521012
853445
1657
5506075
10692
17515
23255283
45162
73978
477277
2620972353
5089992
8337675
53791226
227190897
25605409320
61
396
649
1
4622
7572
14
48854
94
155
188805
309273
600
1995301
3874
6347
23255283
45162
73978
477277
949792616
1844520
3021421
19492960
227190897
9278933708
63
179
13881
8755
111
8640
5449
24425
15405
1193976
20002
1550271
977768
4382292
2763948
214217596
2727762
1720422
133339979
376924266
489402303
308670105
23923228705
67625969809
42093859664
7552281283237
