0
0
0
0
0
0
0
0
0
0
0
0
0
0
0
0
932
1
0
424
1007
73
1212
167953
485
35
1212
80854
1611
116
1212
268633
0
73
0
0
0
35
0
0
0
116
0
0
1007
0
0
0
485
0
0
0
1611
0
0
0
0
0
133
6
0
334
0
141
0
0
0
0
0
0
359
17
94
334
359
59978
76
14
354
0
0
932
0
0
0
932
0
0
0
932
0
0
0
408
0
0
0
136
0
0
408
0
0
0
196
0
0
444
653
1870
414682
0
0
0
0
0
0
0
0
151
845
491
140992
14
0
0
0
0
0
0
0
0
0
0
16
0
932
0
47
0
0
15029
0
0
0
40
0
0
0
0
0
0
0
0
0
0
121
0
0
0
0
0
0
0
0
0
0
3
0
8
0
33
0
0
557
0
0
0
16
0
43
0
33
0
0
2796
0
0
0
28
0
73
0
33
0
0
4674
0
0
0
262
529
94
1365
243
491
244947
43766
88239
227588
40832859
105
212
37
1365
243
491
98110
17530
35343
227588
16355056
324
653
116
1365
243
491
302596
54067
109007
227588
50443008
634
0
1870
0
932
1
288
591650
851
424
269265
16
0
634
0
32
0
0
10215
0
0
0
34
0
195
0
225
0
0
22061
0
0
0
112
0
634
0
225
0
0
71381
0
0
0
81
164
0
1365
0
0
76134
0
0
0
0
462
932
0
1365
0
0
431731
0
0
0
0
262
529
0
1365
0
0
244947
0
0
0
0
135
35
334
22532
73
19
334
12187
0
0
779
0
1
0
0
172
0
0
0
0
0
819
0
1
0
0
181
0
0
0
0
0
1599
0
1
0
0
354
0
0
0
19
0
51
289
0
33
188
0
0
491
0
3311
18534
0
0
48283
0
0
31471
0
0
0
3089689
0
0
0
16
0
43
244
0
33
188
0
0
491
0
2793
15633
0
0
40726
0
0
31471
0
0
0
2606074
0
0
0
97
196
0
35
1365
0
243
0
491
0
91077
0
16273
0
32809
0
0
227588
0
0
0
15182618
0
0
0
0
97
0
0
35
0
0
243
0
0
0
53
0
16273
0
19
0
0
133
0
0
0
8929
0
0
0
0
262
529
0
94
1365
0
243
0
491
0
244947
0
43766
0
88239
0
0
227588
0
0
0
40832859
0
0
0
0
112
0
634
166
0
225
59
0
0
334
0
71381
18763
0
0
105714
0
0
37628
0
0
0
11899266
0
0
0
23
0
133
35
0
225
59
0
0
334
0
15058
3958
0
0
22301
0
0
37628
0
0
0
2510247
0
0
0
73
19
0
334
0
0
12187
0
0
0
0
58
15
0
334
0
0
9689
0
0
0
0
0
0
42
0
1
0
0
9
0
0
0
36
0
94
529
0
33
188
0
0
491
0
6052
33871
0
0
88239
0
0
31471
0
0
0
5646469
0
0
0
28
0
73
408
0
33
188
0
0
491
0
4674
26161
0
0
68152
0
0
31471
0
0
0
4361106
0
0
0
164
332
0
0
1365
0
0
0
0
0
153870
0
1
0
2
0
0
10
0
0
0
1161
0
0
0
0
59
120
0
0
1365
0
0
0
0
0
55759
0
0
0
0
0
0
10
0
0
0
421
0
0
0
0
63
0
359
94
0
225
59
0
0
334
0
40498
10645
0
0
59978
0
0
37628
0
0
0
6751178
0
0
0
