1572
0
0
269
357
0
0
2
331
0
0
56
892
0
0
6
3073
1454
149
459992
9253
6758
1029870
142712367
4454
3253
1029870
68703477
14800
10809
1029870
228261678
138
6758
15394
2133199
66
3253
15394
1026948
221
10809
15394
3411951
9253
689
105009
14551444
4454
331
105009
7005243
14800
1102
105009
23274346
1
503
5163
33602
21
1193658
34
524777
0
503
34
221
3
503
13886
90371
8749
1193658
13886
214160512
2940
575
13687
5032
48911
3073
15467063
1842
17911
3073
5664102
186
1814
3073
573692
2204
48911
1346
6775095
738
48911
451
2270355
3749
1346
83164
11524337
1805
648
83164
5547957
17154
2154
237890
52726316
15
533
221
23709
44
1572
221
69902
13980
2786
149893
42970722
278
40
200
2179
10857
1569
88046
438619
63411
3427104
138451534
173
0
3073
0
1685
0
1
533141
21
11
3659
778
112
560
2179
10857
1569
245629
1223654
176903
3427104
386249678
1133
412
82
21494
4314
1569
1781929
357694
130126
6784726
562470686
397
66
3253
1883
92004
15394
125623
6137680
1026948
29041392
1937375215
494
82
4043
1883
92004
15394
156114
7627381
1276203
29041392
2407603482
826
138
6758
1883
92004
15394
260947
12749324
2133199
29041392
4024358236
2452
1743
8749
42012
210803
149893
7537627
37821418
26893161
647915023
116245850175
982
698
3504
42012
210803
149893
3019095
15148863
10771696
647915023
46560722222
3029
2154
10809
42012
210803
149893
9311632
46722814
33222555
647915023
143604695736
24475
11583
237890
149
3073
1454
3663096
75227536
35603119
459992
11258694855
173
315
24475
173
13425
24431
54753
4245609
7725856
4237888
1340137917
674
97
7564
2179
168992
24431
213004
16516425
2387783
53342974
5213453958
2183
315
24475
2179
168992
24431
689191
53440161
7725856
53342974
16868529743
762
542
887
42012
68786
48911
2342842
3835939
2727569
211418731
11789934233
4322
3073
5032
42012
68786
48911
13285418
21752231
15467063
211418731
66856473009
2452
1743
2855
42012
68786
48911
7537627
12341365
8775406
211418731
37931749144
6416
4043
1193658
98957226
6416
4043
1193658
98957226
15
533
7162
221
2968
105009
23709
318406
11263277
4668006
500690430
15
560
7526
221
2968
105009
24913
334568
11834984
4668006
526104760
30
1093
14688
221
2968
105009
48623
652974
23098262
4668006
1026795196
585
97
4787
954
1883
92004
18336
15394
3067
149893
184872
9032444
1800122
1511296
301194
14715661
29041392
5787810
282779300
47314245
2851115233
568213594
27761629159
4645037774
89260041682
8763032424718
494
82
4038
804
1883
92004
18336
15394
3067
149893
155935
7618635
1518357
1274739
254049
12412282
29041392
5787810
282779300
47314245
2404842540
479273586
23416221840
3917970172
89260041682
7391392993245
911
648
1061
3253
42012
68786
210803
48911
149893
245420
2802667
4588810
14062894
3262902
9999510
16372210
211418731
647915023
1060832001
754311375
14103917670
43222944824
70768976524
50320733093
3260515435236
217511670020317
911
0
1061
3253
22
68786
210803
26
81
245420
1516
4588810
14062894
1765
5411
16372210
114414
350636
1060832001
408215
7632712
23391254
70768976524
27232412
1764515277
117712267422
2452
1743
2855
8749
42012
68786
210803
48911
149893
245420
7537627
12341365
37821418
8775406
26893161
44032203
211418731
647915023
1060832001
754311375
37931749144
116245850175
190329462175
135334980612
3260515435236
584986263826836
2183
315
24475
15422
2179
168992
106481
24431
15394
1193658
689191
53440161
33672345
7725856
4868019
377467869
53342974
33611108
2606216919
376781403
16868529743
10628765831
824158154178
119148741555
822659334563
260147723561809
460
66
5163
3253
2179
168992
106481
24431
15394
1193658
145390
11273637
7103455
1629832
1026948
79629922
53342974
33611108
2606216919
376781403
3558553779
2242224746
173862877153
25135397752
822659334563
54880281744676
6416
4043
82
1193658
24431
15394
98957226
2025415
1276203
376781403
31236113005
6416
4043
82
1193658
24431
15394
98957226
2025415
1276203
376781403
31236113005
0
28
389
221
2968
105009
1287
17295
611820
4668006
27197458
1070
179
8749
1743
1883
92004
18336
15394
3067
149893
337857
16506970
3289760
2761923
550438
26893161
29041392
5787810
282779300
47314245
5210469345
1038421555
50734925059
8488898185
89260041682
16014614661488
826
138
6758
1346
1883
92004
18336
15394
3067
149893
260947
12749324
2540879
2133199
425136
20771202
29041392
5787810
282779300
47314245
4024358236
802035298
39185628006
6556485618
89260041682
12369048186374
1540
1095
1793
2
42012
68786
89
48911
63
103
4734957
7752550
10067
5512500
7158
11720
211418731
274551
449523
319636
23827817069
30943189
50663319
36024477
1381632351
155716017960
558
396
649
0
42012
68786
89
48911
63
103
1715862
2809383
3648
1997629
2594
4247
211418731
274551
449523
319636
8634766671
11213248
18359463
13054614
1381632351
56428647161
1238
179
13886
8749
2179
168992
106481
24431
15394
1193658
391020
30319858
19104372
4383349
2761923
214160512
53342974
33611108
2606216919
376781403
9570544329
6030346219
467595117608
67600338039
822659334563
147597648312771
