1571
0
0
269
357
0
0
2
331
0
0
56
891
0
0
6
3071
1455
149
460399
9251
6756
1029445
142653569
4453
3252
1029445
68675171
14797
10807
1029445
228167633
138
6756
15390
2132740
66
3252
15390
1026727
221
10807
15390
3411217
9251
688
104899
14536214
4453
331
104899
6997911
14797
1101
104899
23249987
2
763
5162
50900
21
1193150
34
524553
0
763
34
335
5
763
13883
136894
8748
1193150
13883
214069391
2939
575
13684
5031
48859
3071
15450666
1842
17892
3071
5658097
186
1812
3071
573084
2203
48859
1345
6767913
738
48859
450
2267948
3748
1345
83076
11512121
1804
647
83076
5542075
17150
2152
237638
52670421
14
532
218
23446
43
1571
218
69125
13978
2784
149742
42927552
278
40
200
2178
10845
1568
88023
438160
63357
3423414
138302467
173
0
3071
0
1684
0
1
532583
21
11
3655
777
112
559
2178
10845
1568
245566
1222373
176753
3423414
385833811
1132
411
82
21471
4313
1568
1780063
357602
130015
6777421
561865047
104
17
852
1882
91966
15390
32925
1608395
269167
29028554
507679121
494
82
4042
1882
91966
15390
156073
7624239
1275928
29028554
2406539199
826
138
6756
1882
91966
15390
260880
12744071
2132740
29028554
4022579265
2451
1742
8748
41968
210716
149742
7529737
37805832
26866143
647117096
116102689894
982
697
3504
41968
210716
149742
3015935
15142621
10760874
647117096
46503381284
3028
2152
10807
41968
210716
149742
9301886
46703560
33189178
647117096
143427842209
24469
11600
237638
149
3071
1455
3668460
75147788
35626023
460399
11265937972
173
315
24469
173
13419
24424
54739
4243624
7723766
4235779
1339471108
674
97
7562
2178
168913
24424
212949
16508704
2387137
53316433
5210859957
2182
315
24469
2178
168913
24424
689014
53415177
7723766
53316433
16860136652
762
541
887
41968
68754
48859
2340390
3834145
2724677
211146642
11774760977
4321
3071
5031
41968
68754
48859
13271512
21742060
15450666
211146642
66770430934
2451
1742
2854
41968
68754
48859
7529737
12335595
8766104
211146642
37882932234
5815
3664
1193150
89671200
3639
2293
1193150
56120566
14
532
7161
218
2937
104899
23446
315053
11251488
4615063
495011745
15
559
7524
218
2937
104899
24636
331045
11822598
4615063
520137832
30
1092
14685
218
2937
104899
48082
646098
23074086
4615063
1015149582
585
97
4786
953
1882
91966
18316
15390
3065
149742
184824
9028723
1798238
1510971
300938
14700877
29028554
5781578
282431076
47265290
2849854895
567601827
27727442599
4640231642
89147443204
8751978160083
493
82
4037
804
1882
91966
18316
15390
3065
149742
155894
7615496
1516768
1274465
253833
12399812
29028554
5781578
282431076
47265290
2403779478
478757576
23387386354
3913916322
89147443204
7382069004676
911
647
1061
3252
41968
68754
210716
48859
149742
245316
2799733
4586664
14057098
3259444
9989464
16365244
211146642
647117096
1060139806
753372326
14085766393
43169714460
70722799642
50258088360
3255716791099
217191548517803
911
0
1061
3252
22
68754
210716
25
78
245316
1475
4586664
14057098
1717
5264
16365244
111273
341027
1060139806
397024
7423139
22750258
70722799642
26485801
1715749091
114459034996
2451
1742
2854
8748
41968
68754
210716
48859
149742
245316
7529737
12335595
37805832
8766104
26866143
44013468
211146642
647117096
1060139806
753372326
37882932234
116102689894
190205271864
135166500878
3255716791099
584125313783518
2182
315
24469
15419
2178
168913
106437
24424
15390
1193150
689014
53415177
33658471
7723766
4866972
377307263
53316433
33596249
2604516542
376609765
16860136652
10624067083
823620447745
119094464704
822097884235
259970177378974
460
66
5162
3252
2178
168913
106437
24424
15390
1193150
145353
11268366
7100528
1629391
1026727
79596041
53316433
33596249
2604516542
376609765
3556783188
2241233507
173749443601
25123947608
822097884235
54842826930914
3639
2293
46
1193150
24424
15390
56120566
1148830
723911
376609765
17714074046
2811
1771
36
1193150
24424
15390
43345295
887311
559120
376609765
13681646846
0
28
388
218
2937
104899
1273
17113
611179
4615063
26888992
1070
179
8748
1742
1882
91966
18316
15390
3065
149742
337771
16500169
3286316
2761329
549970
26866143
29028554
5781578
282431076
47265290
5208166053
1037303539
50672448446
8480114883
89147443204
15994412774754
826
138
6756
1345
1882
91966
18316
15390
3065
149742
260880
12744071
2538219
2132740
424775
20750335
29028554
5781578
282431076
47265290
4022579265
801171787
39137373568
6549701746
89147443204
12353445056624
1540
1094
1793
3
41968
68754
120
48859
85
140
4730000
7748925
13596
5506656
9662
15828
211146642
370481
606941
431313
23797151455
41754909
68404995
48610976
1863933877
210073512613
558
396
649
1
41968
68754
120
48859
85
140
1714066
2808069
4927
1995512
3501
5736
211146642
370481
606941
431313
8623654011
15131218
24788723
17615731
1863933877
76126812620
1238
179
13883
8748
2178
168913
106437
24424
15390
1193150
390919
30305683
19096501
4382163
2761329
214069391
53316433
33596249
2604516542
376609765
9565782418
6027680333
467290043999
67569543476
822097884235
147496915549499
