1572
0
0
269
357
0
0
2
331
0
0
56
891
0
0
6
3072
1433
147
453309
9247
6754
1028652
142543625
4451
3251
1028652
68622242
14790
10804
1028652
227991782
138
6754
15387
2132299
66
3251
15387
1026515
221
10804
15387
3410512
9247
688
104901
14536499
4451
331
104901
6998048
14790
1101
104901
23250443
1
570
5165
38056
21
1193678
34
524785
0
570
34
250
4
570
13893
102349
8745
1193678
13893
214164073
2941
576
13693
5034
48919
3072
15469725
1843
17914
3072
5665077
186
1814
3072
573791
2205
48919
1345
6776261
739
48919
451
2270745
3751
1346
83178
11526321
1805
648
83178
5548912
17163
2153
237931
52735391
14
533
219
23546
44
1572
219
69420
13974
2785
149779
42938145
278
40
200
2177
10846
1569
87985
438169
63394
3423704
138314194
173
0
3072
0
1684
0
1
532593
21
11
3655
777
112
560
2177
10846
1569
245459
1222397
176856
3423704
385866527
1132
412
82
21472
4311
1569
1780099
357447
130091
6777996
561912755
397
66
3251
1881
91895
15387
125536
6130423
1026515
29008072
1935152435
494
82
4041
1881
91895
15387
156006
7618363
1275664
29008072
2404841202
826
138
6754
1881
91895
15387
260767
12734249
2132299
29008072
4019741028
2450
1743
8745
41969
210554
149779
7529885
37776699
26872772
646953882
116073406895
981
698
3503
41969
210554
149779
3015995
15130952
10763530
646953882
46491652370
3027
2153
10804
41969
210554
149779
9302069
46667570
33197368
646953882
143391667360
24487
11424
237931
147
3072
1433
3612677
75240485
35102484
453309
11100380344
173
315
24487
173
13422
24443
54715
4244537
7729788
4236966
1339846595
674
97
7568
2177
168949
24443
212857
16512254
2388998
53331376
5212320365
2181
315
24487
2177
168949
24443
688715
53426664
7729788
53331376
16864861915
761
541
887
41969
68769
48919
2340436
3834970
2728038
211301630
11783404014
4319
3072
5034
41969
68769
48919
13271773
21746738
15469725
211301630
66819442485
2450
1743
2856
41969
68769
48919
7529885
12338249
8776917
211301630
37910739473
6419
4041
1193678
98958872
6419
4041
1193678
98958872
14
533
7157
219
2946
104901
23546
316078
11251709
4632485
496880498
15
560
7520
219
2946
104901
24741
332122
11822829
4632485
522101441
30
1093
14678
219
2946
104901
48288
648201
23074539
4632485
1018981945
585
97
4785
953
1881
91895
18317
15387
3067
149779
184744
9021764
1798273
1510658
301113
14704504
29008072
5782068
282359806
47280035
2847844105
567649928
27720445742
4641679270
89130758287
8750340131855
493
82
4036
804
1881
91895
18317
15387
3067
149779
155827
7609626
1516797
1274201
253981
12402872
29008072
5782068
282359806
47280035
2402083428
478798149
23381484684
3915137360
89130758287
7380687369896
911
648
1062
3251
41969
68769
210554
48919
149779
245424
2799788
4587651
14046266
3263464
9991929
16372481
211301630
646953882
1060079587
754096527
14096105779
43158826351
70718782338
50306400390
3257220764237
217291879804494
911
0
1062
3251
18
68769
210554
21
67
245424
1253
4587651
14046266
1460
4472
16372481
94591
289614
1060079587
337578
6310248
19320435
70718782338
22520111
1458124109
97272660243
2450
1743
2856
8745
41969
68769
210554
48919
149779
245424
7529885
12338249
37776699
8776917
26872772
44032934
211301630
646953882
1060079587
754096527
37910739473
116073406895
190194467537
135296433558
3257220764237
584395149533207
2181
315
24487
15415
2177
168949
106355
24443
15387
1193678
688715
53426664
33632530
7729788
4865966
377474145
53331376
33572545
2604368364
376800904
16864861915
10616571094
823573589871
119154908207
822104710433
259972336012352
460
66
5165
3251
2177
168949
106355
24443
15387
1193678
145290
11270790
7095056
1630661
1026515
79631246
53331376
33572545
2604368364
376800904
3557780021
2239652167
173739558550
25136698657
822104710433
54843282312212
6419
4041
82
1193678
24443
15387
98958872
2026446
1275664
376800904
31237729659
6419
4041
82
1193678
24443
15387
98958872
2026446
1275664
376800904
31237729659
0
28
388
219
2946
104901
1279
17169
611191
4632485
26990503
1069
179
8745
1743
1881
91895
18317
15387
3067
149779
337624
16487452
3286381
2760758
550291
26872772
29008072
5782068
282359806
47280035
5204491295
1037391445
50659661552
8482760452
89130758287
15991419245847
826
138
6754
1346
1881
91895
18317
15387
3067
149779
260767
12734249
2538269
2132299
425023
20755455
29008072
5782068
282359806
47280035
4019741028
801239683
39127497482
6551745078
89130758287
12351132974561
1539
1095
1794
2
41969
68769
95
48919
68
111
4730094
7750592
10811
5513449
7690
12601
211301630
294737
482948
343549
23814619297
33218210
54430381
38719509
1483915967
167243829586
557
396
650
0
41969
68769
95
48919
68
111
1714099
2808673
3917
1997973
2786
4566
211301630
294737
482948
343549
8629984038
12037674
19724578
14031244
1483915967
60606116013
1237
179
13893
8745
2177
168949
106355
24443
15387
1193678
390750
30312201
19081783
4385579
2760758
214164073
53331376
33572545
2604368364
376800904
9568463347
6023427402
467263458673
67603836756
822104710433
147498140273690
