0
0
0
0
0
0
0
0
0
0
0
0
0
0
0
0
930
10
3
3204
1466
746
18039
2499792
706
359
18039
1203430
2346
1194
18039
3998299
0
746
0
0
0
359
0
0
0
1194
0
0
1466
0
0
0
706
0
0
0
2346
0
0
0
0
1
359
108
2
9182
2
3879
0
1
2
0
0
1
966
291
966
9182
966
1647557
204
40
952
0
0
930
0
0
0
930
0
0
0
930
0
0
0
407
0
0
0
136
0
0
407
0
0
0
196
0
0
1194
652
5015
1111633
1
0
0
0
3
0
0
0
1545
843
5016
1438142
16
0
0
0
0
0
0
0
0
0
0
21
0
930
0
64
0
0
20340
0
0
0
46
0
0
0
0
0
0
0
0
0
0
173
0
0
0
0
0
0
0
0
0
0
3
0
89
0
367
0
0
6076
0
0
0
17
0
446
0
367
0
0
30471
0
0
0
29
0
746
0
367
0
0
50932
0
0
0
375
528
966
1949
3569
5016
349792
640443
900059
3322710
596144976
150
211
387
1949
3569
5016
140104
256521
360506
3322710
238777905
464
652
1194
1949
3569
5016
432117
791174
1111891
3322710
736449669
1703
18
5015
3
930
10
5865
1586029
17266
3204
5460060
21
0
1703
0
117
0
0
37232
0
0
0
40
0
526
0
700
0
0
68437
0
0
0
129
0
1703
0
700
0
0
221433
0
0
0
116
164
0
1949
0
0
108722
0
0
0
0
662
930
0
1949
0
0
616526
0
0
0
0
375
528
0
1949
0
0
349792
0
0
0
0
364
364
9182
620917
199
199
9182
340646
1
0
1135
0
32
0
0
3447
0
0
0
1
0
1192
0
32
0
0
3622
0
0
0
2
0
2328
0
32
0
0
7070
0
0
0
21
0
529
288
0
367
200
0
0
5016
0
36084
19708
0
0
492503
0
0
342129
0
0
0
33588288
0
0
0
17
0
446
243
0
367
200
0
0
5016
0
30436
16623
0
0
415413
0
0
342129
0
0
0
28330859
0
0
0
139
196
0
359
1949
0
3569
0
5016
0
130061
0
238132
0
334663
0
0
3322710
0
0
0
221660742
0
0
0
0
139
0
0
359
0
0
3569
0
1
0
49
0
238132
0
126
0
0
1259
0
0
0
84049
0
0
0
0
375
528
0
966
1949
0
3569
0
5016
0
349792
0
640443
0
900059
0
0
3322710
0
0
0
596144976
0
0
0
0
129
0
1703
1704
0
700
700
0
0
9182
0
221433
221484
0
0
2903895
0
0
1193394
0
0
0
377384421
0
0
0
27
0
359
359
0
700
700
0
0
9182
0
46713
46724
0
0
612600
0
0
1193394
0
0
0
79612318
0
0
0
199
199
0
9182
0
0
340646
0
0
0
0
156
156
0
9182
0
0
266162
0
0
0
0
0
0
61
0
32
0
0
187
0
0
0
38
0
966
528
0
367
200
0
0
5016
0
65944
36017
0
0
900059
0
0
342129
0
0
0
61383259
0
0
0
29
0
746
407
0
367
200
0
0
5016
0
50932
27818
0
0
695170
0
0
342129
0
0
0
47409975
0
0
0
236
331
0
0
1949
0
1
0
1
0
219731
0
117
0
165
0
0
972
0
0
0
109580
0
0
0
0
85
120
0
0
1949
0
1
0
1
0
79626
0
42
0
59
0
0
972
0
0
0
39709
0
0
0
0
73
0
966
966
0
700
700
0
0
9182
0
125632
125661
0
0
1647557
0
0
1193394
0
0
0
214113167
0
0
0
