0
0
0
0
0
0
0
0
0
0
0
0
0
0
0
0
929
0
0
0
0
0
0
0
0
0
0
0
0
0
0
0
138
0
0
0
66
0
0
0
221
0
0
0
0
0
0
0
0
0
0
0
0
0
0
0
0
0
118
0
0
0
0
0
0
0
0
0
0
0
318
0
0
0
318
0
67
13
313
0
0
929
0
0
0
929
0
0
0
929
0
0
0
407
0
0
0
136
0
0
407
0
0
0
196
0
0
393
651
1650
365727
0
0
0
0
0
0
0
0
0
842
0
0
0
40
0
0
0
0
0
0
0
0
0
0
0
929
0
0
0
0
0
6
0
0
0
112
0
0
0
0
0
0
0
0
0
0
0
82
0
0
0
0
0
0
0
0
0
16
0
0
0
0
0
0
0
0
0
0
82
0
0
0
0
0
0
0
0
0
0
138
0
0
0
0
0
0
0
0
0
0
527
0
0
0
0
0
0
0
0
0
0
211
0
0
0
0
0
0
0
0
0
0
651
0
0
0
0
0
0
0
0
0
561
0
1650
0
929
0
0
521803
0
0
0
0
315
561
0
0
560
0
0
177147
0
0
0
95
170
0
0
560
0
0
53838
0
0
0
315
561
0
0
560
0
0
177147
0
0
0
163
0
0
0
0
0
0
0
0
0
0
929
0
0
0
0
0
0
0
0
0
0
527
0
0
0
0
0
0
0
0
0
109
0
0
0
62
0
0
0
0
0
0
0
0
0
0
0
0
0
0
0
0
0
0
0
0
0
0
0
0
0
0
0
0
0
0
0
0
0
0
0
0
0
96
0
283
0
0
0
0
927
0
0
0
0
0
89595
0
0
0
0
0
0
0
0
0
0
0
0
82
0
243
0
0
0
0
927
0
0
0
0
0
76845
0
0
0
0
0
0
0
0
0
0
0
0
196
0
0
0
0
0
0
0
0
0
0
0
0
0
0
0
0
0
0
0
0
0
0
0
0
0
0
0
0
0
0
0
0
0
0
0
0
0
0
0
0
0
0
0
0
0
0
0
0
0
0
0
527
0
0
0
0
0
0
0
0
0
0
0
0
0
0
0
0
0
0
0
0
0
0
0
0
0
315
561
0
0
0
0
560
0
0
0
0
0
177147
0
0
0
0
0
0
0
0
0
0
0
0
0
66
118
0
0
0
0
560
0
0
0
0
0
37370
0
0
0
0
0
0
0
0
0
0
0
0
62
0
35
0
560
0
0
19766
0
0
0
51
0
28
0
560
0
0
16236
0
0
0
0
0
0
0
0
0
0
0
0
0
0
0
179
0
527
0
0
0
0
927
0
0
0
0
0
166496
0
0
0
0
0
0
0
0
0
0
0
0
138
0
407
0
0
0
0
927
0
0
0
0
0
128595
0
0
0
0
0
0
0
0
0
0
0
0
331
0
0
0
0
0
0
0
0
0
0
0
0
0
0
0
0
0
0
0
0
0
0
0
0
0
120
0
0
0
0
0
0
0
0
0
0
0
0
0
0
0
0
0
0
0
0
0
0
0
0
0
179
318
0
0
0
0
560
0
0
0
0
0
100506
0
0
0
0
0
0
0
0
0
0
0
0
