1571
0
0
269
357
0
0
2
331
0
0
56
891
0
0
6
3070
1464
150
463199
9246
6762
1029680
142686063
4451
3255
1029680
68690814
14789
10815
1029680
228219606
138
6762
15405
2134837
66
3255
15405
1027736
221
10815
15405
3414571
9246
688
104834
14527198
4451
331
104834
6993571
14789
1101
104834
23235567
1
686
5167
45829
21
1195347
34
525519
0
686
34
302
5
686
13897
123256
8755
1195347
13897
214463523
2942
576
13698
5036
48907
3070
15465990
1844
17910
3070
5663709
186
1814
3070
573652
2206
48907
1345
6774625
739
48907
450
2270197
3752
1345
83158
11523538
1806
647
83158
5547572
17168
2152
237873
52722656
14
532
216
23249
43
1571
216
68543
13989
2783
149853
42959155
278
40
200
2178
10839
1568
87990
437889
63366
3421943
138243046
173
0
3070
0
1683
0
1
532253
21
11
3653
777
112
559
2178
10839
1568
245474
1221615
176777
3421943
385668040
1132
411
82
21458
4311
1568
1778960
357469
130032
6774509
561623650
397
66
3255
1881
91987
15405
125544
6136549
1027736
29040701
1937329146
494
82
4045
1881
91987
15405
156015
7625976
1277183
29040701
2407546232
826
138
6762
1881
91987
15405
260783
12746974
2134837
29040701
4024262540
2450
1742
8755
41942
210764
149853
7525067
37814447
26885921
647228219
116122627142
981
697
3506
41942
210764
149853
3014065
15146071
10768796
647228219
46511366882
3027
2152
10815
41942
210764
149853
9296117
46714202
33213612
647228219
143452471755
24495
11684
237873
150
3070
1464
3694850
75222314
35880292
463199
11346344856
173
315
24495
173
13426
24454
54719
4245675
7733334
4238634
1340373865
674
97
7570
2178
168995
24454
212869
16516682
2390094
53352367
5214371980
2181
315
24495
2178
168995
24454
688757
53440992
7733334
53352367
16871500073
761
541
888
41942
68787
48907
2338939
3835998
2727379
211236833
11779790553
4319
3070
5036
41942
68787
48907
13263282
21752568
15465990
211236833
66798951851
2450
1742
2857
41942
68787
48907
7525067
12341557
8774798
211236833
37899113888
6421
4045
1195347
99097238
6421
4045
1195347
99097238
14
532
7157
216
2911
104834
23249
312244
11244510
4573658
490570706
15
559
7520
216
2911
104834
24429
328093
11815265
4573658
515471372
30
1092
14677
216
2911
104834
47678
640338
23059775
4573658
1006042083
585
98
4790
953
1881
91987
18305
15405
3065
149853
184755
9030779
1797123
1512456
300978
14711699
29040701
5779094
282479555
47309101
2851047437
567357901
27732201951
4644532835
89179740277
8755148899182
493
82
4040
804
1881
91987
18305
15405
3065
149853
155836
7617231
1515827
1275718
253867
12408941
29040701
5779094
282479555
47309101
2404785356
478551832
23391400745
3917544269
89179740277
7384743441745
911
647
1062
3255
41942
68787
210764
48907
149853
245767
2797997
4588881
14060302
3262676
9996818
16395375
211236833
647228219
1061492630
754717036
14091783113
43177127598
70813047618
50347795090
3259688321852
217456492605257
911
0
1062
3255
22
68787
210764
26
80
245767
1512
4588881
14060302
1763
5402
16395375
114154
349768
1061492630
407856
7615343
23333361
70813047618
27208463
1761568934
117515714432
2450
1742
2857
8755
41942
68787
210764
48907
149853
245767
7525067
12341557
37814447
8774798
26885921
44094504
211236833
647228219
1061492630
754717036
37899113888
116122627142
190447989078
135407762440
3259688321852
584837867054006
2181
315
24495
15431
2178
168995
106461
24454
15405
1195347
688757
53440992
33666141
7733334
4871756
378001939
53352367
33610310
2607840011
377375073
16871500073
10628513462
824671421080
119336476493
823303812980
260351525532022
460
66
5167
3255
2178
168995
106461
24454
15405
1195347
145298
11273812
7102146
1631409
1027736
79742588
53352367
33610310
2607840011
377375073
3559180394
2242171506
173971154988
25175001967
823303812980
54923275430695
6421
4045
82
1195347
24454
15405
99097238
2027376
1277183
377375073
31285329721
6421
4045
82
1195347
24454
15405
99097238
2027376
1277183
377375073
31285329721
0
28
388
216
2911
104834
1262
16961
610800
4573658
26647755
1069
179
8755
1742
1881
91987
18305
15405
3065
149853
337644
16503928
3284278
2764044
550044
26885921
29040701
5779094
282479555
47309101
5210345445
1036857760
50681146256
8487975398
89179740277
16000207363019
826
138
6762
1345
1881
91987
18305
15405
3065
149853
260783
12746974
2536645
2134837
424832
20765611
29040701
5779094
282479555
47309101
4024262540
800827486
39144091409
6555772894
89179740277
12357920564964
1539
1094
1794
3
41942
68787
115
48907
82
135
4727067
7752670
13048
5512118
9277
15215
211236833
355523
583079
414566
23807316382
40069024
65715574
46723511
1790550620
201802898165
557
396
650
1
41942
68787
115
48907
82
135
1713003
2809426
4728
1997491
3361
5513
211236833
355523
583079
414566
8627337595
14520284
23814126
16931749
1790550620
73129692667
1237
179
13897
8755
2178
168995
106461
24454
15405
1195347
390773
30320329
19100852
4387591
2764044
214463523
53352367
33610310
2607840011
377375073
9572229578
6030203034
467886325183
67706851504
823303812980
147713277583376
