0
0
0
0
0
0
0
0
0
0
0
0
0
0
0
0
931
1
0
508
1326
75
1657
229740
638
36
1657
110599
2121
121
1657
367458
0
75
0
0
0
36
0
0
0
121
0
0
1326
0
0
0
638
0
0
0
2121
0
0
0
0
0
188
0
0
488
1
206
0
0
1
0
0
0
505
0
98
488
505
87602
107
20
498
0
0
931
0
0
0
931
0
0
0
931
0
0
0
407
0
0
0
136
0
0
408
0
0
0
196
0
0
624
652
2625
581906
0
0
0
0
0
0
0
0
157
844
510
146261
16
0
0
0
0
0
0
0
0
0
0
20
0
931
0
60
0
0
19040
0
0
0
45
0
0
0
0
0
0
0
0
0
0
158
0
0
0
0
0
0
0
0
0
0
3
0
9
0
36
0
0
610
0
0
0
17
0
45
0
36
0
0
3059
0
0
0
29
0
75
0
36
0
0
5114
0
0
0
342
528
98
1779
330
510
319246
59371
91537
308221
55299713
137
211
39
1779
330
510
127869
23780
36664
308221
22149561
423
652
121
1779
330
510
394382
73345
113081
308221
68314684
891
1
2625
0
931
1
487
830237
1434
508
453663
20
0
891
0
57
0
0
18222
0
0
0
39
0
275
0
358
0
0
35078
0
0
0
127
0
891
0
358
0
0
113499
0
0
0
106
164
0
1779
0
0
99228
0
0
0
0
604
931
0
1779
0
0
562686
0
0
0
0
342
528
0
1779
0
0
319246
0
0
0
0
174
33
488
30226
99
19
488
17228
0
0
1026
0
2
0
0
318
0
0
0
0
0
1078
0
2
0
0
334
0
0
0
0
0
2105
0
2
0
0
652
0
0
0
20
0
53
289
0
36
198
0
0
510
0
3623
19483
0
0
50088
0
0
34377
0
0
0
3374983
0
0
0
17
0
45
243
0
36
198
0
0
510
0
3056
16434
0
0
42248
0
0
34377
0
0
0
2846711
0
0
0
127
196
0
36
1779
0
330
0
510
0
118703
0
22075
0
34035
0
0
308221
0
0
0
20561735
0
0
0
0
127
0
0
36
0
0
330
0
0
0
41
0
22075
0
11
0
0
108
0
0
0
7249
0
0
0
0
342
528
0
98
1779
0
330
0
510
0
319246
0
59371
0
91537
0
0
308221
0
0
0
55299713
0
0
0
0
127
0
891
173
0
358
69
0
0
488
0
113499
22056
0
0
154403
0
0
62171
0
0
0
19660411
0
0
0
26
0
188
36
0
358
69
0
0
488
0
23943
4652
0
0
32572
0
0
62171
0
0
0
4147524
0
0
0
99
19
0
488
0
0
17228
0
0
0
0
81
15
0
488
0
0
14152
0
0
0
0
0
0
55
0
2
0
0
17
0
0
0
38
0
98
528
0
36
198
0
0
510
0
6622
35607
0
0
91537
0
0
34377
0
0
0
6167848
0
0
0
29
0
75
408
0
36
198
0
0
510
0
5114
27501
0
0
70699
0
0
34377
0
0
0
4763799
0
0
0
215
331
0
0
1779
0
0
0
0
0
200542
0
12
0
19
0
0
101
0
0
0
11481
0
0
0
0
78
120
0
0
1779
0
0
0
0
0
72673
0
4
0
6
0
0
101
0
0
0
4160
0
0
0
0
72
0
505
98
0
358
69
0
0
488
0
64395
12513
0
0
87602
0
0
62171
0
0
0
11154548
0
0
0
