0
0
0
0
0
0
0
0
0
0
0
0
0
0
0
0
18
0
0
0
22
16
6
834
10
7
6
401
35
26
6
1334
0
16
0
0
0
7
0
0
0
26
0
0
22
0
0
0
10
0
0
0
35
0
0
0
0
0
64
0
0
35
0
15
0
0
0
0
0
0
173
0
21
35
173
6429
36
7
170
0
0
18
0
0
0
18
0
0
0
18
0
0
0
8
0
0
0
2
0
0
8
0
0
0
3
0
0
213
12
17
3933
0
0
0
0
0
0
0
0
33
16
2
618
0
0
0
0
0
0
0
0
0
0
0
0
0
18
0
0
0
0
0
0
0
0
0
0
0
0
0
0
0
0
0
0
0
0
0
0
0
0
0
0
0
0
0
0
0
0
1
0
0
0
0
0
0
0
0
0
0
9
0
0
0
0
0
0
0
0
0
0
16
0
0
0
0
0
0
0
0
0
10
21
0
0
2
0
0
387
0
0
0
4
8
0
0
2
0
0
155
0
0
0
12
26
0
0
2
0
0
478
0
0
305
0
17
0
18
0
0
5612
0
0
0
0
0
305
0
0
0
0
0
0
0
0
0
0
94
0
0
0
0
0
0
0
0
0
0
305
0
0
0
0
0
0
0
0
0
3
0
0
0
0
0
0
0
0
0
0
18
0
0
0
0
0
0
0
0
0
0
10
0
0
0
0
0
0
0
0
0
66
8
35
2459
38
4
35
1439
0
0
17
0
0
0
0
0
0
0
0
0
0
18
0
0
0
0
0
0
0
0
0
0
35
0
0
0
0
0
0
0
0
0
0
11
5
0
0
0
0
0
2
0
0
0
0
0
211
0
0
0
0
0
0
0
0
0
0
0
0
9
4
0
0
0
0
0
2
0
0
0
0
0
178
0
0
0
0
0
0
0
0
0
0
0
3
0
7
0
0
0
0
2
0
0
0
0
0
143
0
0
0
0
0
0
0
0
0
0
0
0
0
0
7
0
0
0
0
0
0
0
0
0
0
0
0
0
0
0
0
0
0
0
0
0
0
0
10
0
21
0
0
0
0
2
0
0
0
0
0
387
0
0
0
0
0
0
0
0
0
0
0
0
0
305
37
0
0
0
0
0
35
0
0
0
0
0
11331
0
0
0
0
0
0
0
0
0
0
0
0
64
7
0
0
0
0
0
35
0
0
0
0
0
2390
0
0
0
0
0
0
0
0
0
0
38
4
0
35
0
0
1439
0
0
0
0
29
3
0
35
0
0
1110
0
0
0
0
0
0
0
0
0
0
0
0
0
0
0
0
0
21
10
0
0
0
0
0
2
0
0
0
0
0
387
0
0
0
0
0
0
0
0
0
0
0
0
16
8
0
0
0
0
0
2
0
0
0
0
0
299
0
0
0
0
0
0
0
0
0
0
0
6
0
0
0
0
0
0
0
0
0
0
0
0
0
0
0
0
0
0
0
0
0
0
0
0
0
2
0
0
0
0
0
0
0
0
0
0
0
0
0
0
0
0
0
0
0
0
0
0
0
0
0
0
173
21
0
0
0
0
0
35
0
0
0
0
0
6429
0
0
0
0
0
0
0
0
0
0
