0
0
0
0
0
0
0
0
0
0
0
0
0
0
0
0
931
9
3
2860
100
413
683
94715
48
199
683
45597
160
661
683
151493
0
413
0
0
0
199
0
0
0
661
0
0
100
0
0
0
48
0
0
0
160
0
0
0
0
0
292
0
1
4139
1
1748
0
0
1
0
0
0
786
0
535
4139
786
742602
166
32
775
0
0
931
0
0
0
931
0
0
0
931
0
0
0
408
0
0
0
136
0
0
408
0
0
0
196
0
0
972
653
4087
905884
0
0
0
0
2
0
0
0
855
844
2780
797074
0
0
0
0
0
0
0
0
0
0
0
0
0
931
0
0
0
0
0
0
0
0
0
0
0
0
0
0
0
0
0
0
0
0
0
0
0
0
0
0
0
0
0
0
0
0
68
0
0
0
0
0
0
0
0
0
0
247
0
0
0
0
0
0
0
0
0
0
413
0
0
0
0
0
0
0
0
0
528
535
0
0
2780
0
0
498847
0
0
0
211
214
0
0
2780
0
0
199806
0
0
0
653
661
0
0
2780
0
0
616253
0
0
1387
13
4087
3
931
9
4257
1292475
12546
2860
3967437
0
0
1387
0
0
0
0
0
0
0
0
0
0
428
0
0
0
0
0
0
0
0
0
0
1387
0
0
0
0
0
0
0
0
0
164
0
0
0
0
0
0
0
0
0
0
931
0
0
0
0
0
0
0
0
0
0
528
0
0
0
0
0
0
0
0
0
357
242
4139
336936
171
116
4139
161751
0
0
77
0
1
0
0
176
0
0
0
0
0
81
0
1
0
0
185
0
0
0
1
0
159
0
1
0
0
361
0
0
0
0
0
292
289
0
0
0
0
0
2780
0
0
0
0
0
272964
0
0
0
0
0
0
0
0
0
0
0
0
247
243
0
0
0
0
0
2780
0
0
0
0
0
230238
0
0
0
0
0
0
0
0
0
0
0
196
0
199
0
0
0
0
2780
0
0
0
0
0
185483
0
0
0
0
0
0
0
0
0
0
0
0
0
0
199
0
0
0
0
1
0
0
0
0
0
117
0
0
0
0
0
0
0
0
0
0
0
0
528
0
535
0
0
0
0
2780
0
0
0
0
0
498847
0
0
0
0
0
0
0
0
0
0
0
0
0
1387
943
0
0
0
0
0
4139
0
0
0
0
0
1308870
0
0
0
0
0
0
0
0
0
0
0
0
292
199
0
0
0
0
0
4139
0
0
0
0
0
276116
0
0
0
0
0
0
0
0
0
0
171
116
0
4139
0
0
161751
0
0
0
0
140
95
0
4139
0
0
132304
0
0
0
0
0
0
4
0
1
0
0
9
0
0
0
0
0
535
528
0
0
0
0
0
2780
0
0
0
0
0
498847
0
0
0
0
0
0
0
0
0
0
0
0
413
408
0
0
0
0
0
2780
0
0
0
0
0
385290
0
0
0
0
0
0
0
0
0
0
0
332
0
0
0
0
0
0
1
0
0
0
0
0
157
0
0
0
0
0
0
0
0
0
0
0
0
120
0
0
0
0
0
0
1
0
0
0
0
0
57
0
0
0
0
0
0
0
0
0
0
0
0
0
786
535
0
0
0
0
0
4139
0
0
0
0
0
742602
0
0
0
0
0
0
0
0
0
0
