0
0
0
0
0
0
0
0
0
0
0
0
0
0
0
0
930
5
1
1784
865
421
6004
832046
416
202
6004
400557
1383
673
6004
1330818
0
421
0
0
0
202
0
0
0
673
0
0
865
0
0
0
416
0
0
0
1383
0
0
0
0
0
117
26
1
1691
0
714
0
0
0
0
0
0
315
71
545
1691
315
303450
66
13
311
0
0
930
0
0
0
930
0
0
0
930
0
0
0
407
0
0
0
136
0
0
407
0
0
0
196
0
0
389
652
1636
362687
0
0
0
0
1
0
0
0
871
843
2829
811060
13
0
0
0
0
0
0
0
0
0
0
13
0
930
0
40
0
0
12697
0
0
0
37
0
0
0
0
0
0
0
0
0
0
103
0
0
0
0
0
0
0
0
0
0
3
0
50
0
191
0
0
3172
0
0
0
16
0
252
0
191
0
0
15906
0
0
0
27
0
421
0
191
0
0
26587
0
0
0
223
527
545
1159
1198
2829
207999
214985
507600
1114827
200017001
89
211
218
1159
1198
2829
83311
86109
203312
1114827
80114137
276
652
673
1159
1198
2829
256953
265582
627066
1114827
247091664
556
3
1636
1
930
5
1066
517466
3137
1784
992276
13
0
556
0
24
0
0
7590
0
0
0
32
0
171
0
183
0
0
17952
0
0
0
104
0
556
0
183
0
0
58086
0
0
0
69
164
0
1159
0
0
64650
0
0
0
0
394
930
0
1159
0
0
366609
0
0
0
0
223
527
0
1159
0
0
207999
0
0
0
0
119
206
1691
114755
66
114
1691
63921
0
0
669
0
12
0
0
1288
0
0
0
0
0
703
0
12
0
0
1353
0
0
0
1
0
1373
0
12
0
0
2642
0
0
0
19
0
298
288
0
191
185
0
0
2829
0
18836
18224
0
0
277753
0
0
178509
0
0
0
17525021
0
0
0
16
0
251
243
0
191
185
0
0
2829
0
15888
15371
0
0
234278
0
0
178509
0
0
0
14781905
0
0
0
83
196
0
202
1159
0
1198
0
2829
0
77339
0
79936
0
188737
0
0
1114827
0
0
0
74371031
0
0
0
0
83
0
0
202
0
0
1198
0
1
0
32
0
79936
0
78
0
0
466
0
0
0
31096
0
0
0
0
223
527
0
545
1159
0
1198
0
2829
0
207999
0
214985
0
507600
0
0
1114827
0
0
0
200017001
0
0
0
0
104
0
556
961
0
183
317
0
0
1691
0
58086
100427
0
0
534844
0
0
176634
0
0
0
55856751
0
0
0
22
0
117
202
0
183
317
0
0
1691
0
12253
21185
0
0
112829
0
0
176634
0
0
0
11783436
0
0
0
66
114
0
1691
0
0
63921
0
0
0
0
50
88
0
1691
0
0
49022
0
0
0
0
0
0
36
0
12
0
0
69
0
0
0
35
0
545
527
0
191
185
0
0
2829
0
34424
33305
0
0
507600
0
0
178509
0
0
0
32027321
0
0
0
27
0
421
407
0
191
185
0
0
2829
0
26587
25723
0
0
392050
0
0
178509
0
0
0
24736623
0
0
0
140
331
0
0
1159
0
0
0
1
0
130660
0
88
0
209
0
0
730
0
0
0
82362
0
0
0
0
50
120
0
0
1159
0
0
0
1
0
47348
0
32
0
75
0
0
730
0
0
0
29846
0
0
0
0
59
0
315
545
0
183
317
0
0
1691
0
32955
56978
0
0
303450
0
0
176634
0
0
0
31690937
0
0
0
