1572
0
0
269
357
0
0
2
331
0
0
56
892
0
0
6
3073
1447
148
457682
9245
6759
1029238
142624860
4450
3254
1029238
68661350
14787
10812
1029238
228121715
138
6759
15398
2133757
66
3254
15398
1027216
221
10812
15398
3412844
9245
689
104908
14537492
4450
331
104908
6998526
14787
1102
104908
23252031
1
643
5167
42940
21
1194911
34
525328
0
643
34
282
4
643
13897
115487
8752
1194911
13897
214385372
2942
576
13697
5036
48945
3073
15477948
1844
17924
3073
5668088
186
1815
3073
574096
2206
48945
1346
6779863
739
48945
451
2271952
3752
1346
83222
11532449
1806
648
83222
5551861
17168
2154
238057
52763421
13
533
193
20732
38
1572
193
61124
13984
2786
149925
42980065
278
40
200
2177
10846
1569
87965
438199
63406
3423749
138316006
173
0
3073
0
1684
0
1
532630
21
11
3655
777
112
560
2177
10846
1569
245404
1222480
176889
3423749
385871582
1132
412
82
21473
4310
1569
1780220
357367
130115
6778085
561920091
397
66
3254
1881
91947
15398
125508
6133916
1027216
29023001
1936148353
494
82
4044
1881
91947
15398
155971
7622704
1276536
29023001
2406078844
825
138
6759
1881
91947
15398
260709
12741506
2133757
29023001
4021809772
2450
1743
8752
41971
210674
149925
7530399
37798226
26899008
647476117
116167103721
981
698
3505
41971
210674
149925
3016201
15139574
10774038
647476117
46529181382
3026
2154
10812
41971
210674
149925
9302704
46694163
33229778
647476117
143507416044
24494
11535
238057
148
3073
1447
3647732
75280477
35451506
457682
11210750774
173
315
24494
172
13424
24449
54703
4245068
7731635
4237263
1339940466
674
97
7570
2177
168971
24449
212809
16514323
2389569
53335114
5212685757
2181
315
24494
2177
168971
24449
688561
53433359
7731635
53335114
16866044168
761
541
888
41971
68777
48945
2340596
3835451
2729488
211378241
11787676283
4318
3073
5036
41971
68777
48945
13272680
21749463
15477948
211378241
66843668987
2450
1743
2857
41971
68777
48945
7530399
12339795
8781582
211378241
37924484642
6421
4044
1194911
99061127
6421
4044
1194911
99061127
13
533
7156
193
2593
104908
20732
278190
11252477
4078161
437423641
13
560
7519
193
2593
104908
21784
292311
11823637
4078161
459626639
27
1093
14675
193
2593
104908
42517
570502
23076115
4078161
897050285
585
97
4789
954
1881
91947
18318
15398
3067
149925
184703
9026905
1798396
1511691
301168
14718860
29023001
5782144
282587740
47323582
2849309737
567657372
27742822962
4645954437
89197784907
8756920416093
493
82
4039
804
1881
91947
18318
15398
3067
149925
155792
7613963
1516901
1275073
254028
12414981
29023001
5782144
282587740
47323582
2403319651
478804427
23400359295
3918743354
89197784907
7386237670803
911
648
1062
3254
41971
68777
210674
48945
149925
245678
2799980
4588226
14054270
3265199
10001684
16389400
211378241
647476117
1060995787
755054859
14101216557
43193665038
70779902816
50370331559
3260809293971
217531273578553
911
0
1062
3254
23
68777
210674
27
85
245678
1596
4588226
14054270
1862
5704
16389400
120550
369259
1060995787
430611
8041997
24633574
70779902816
28726465
1859656693
124059229654
2450
1743
2857
8752
41971
68777
210674
48945
149925
245678
7530399
12339795
37798226
8781582
26899008
44078435
211378241
647476117
1060995787
755054859
37924484642
116167103721
190358847867
135468373094
3260809293971
585038986571729
2181
315
24494
15426
2177
168971
106416
24449
15398
1194911
688561
53433359
33651697
7731635
4869292
377864195
53335114
33589824
2606619268
377169437
16866044168
10622035083
824285388041
119271448782
822769821127
260182662481374
460
66
5167
3254
2177
168971
106416
24449
15398
1194911
145257
11272202
7099099
1631051
1027216
79713530
53335114
33589824
2606619268
377169437
3558029427
2240804839
173889718173
25161283841
822769821127
54887652394411
6421
4044
82
1194911
24449
15398
99061127
2026930
1276536
377169437
31268282013
6421
4044
82
1194911
24449
15398
99061127
2026930
1276536
377169437
31268282013
0
28
388
193
2593
104908
1126
15111
611233
4078161
23760812
1069
179
8752
1743
1881
91947
18318
15398
3067
149925
337548
16496848
3286605
2762646
550391
26899008
29023001
5782144
282587740
47323582
5207169765
1037405048
50700556364
8490573405
89197784907
16003444845130
825
138
6759
1346
1881
91947
18318
15398
3067
149925
260709
12741506
2538442
2133757
425100
20775718
29023001
5782144
282587740
47323582
4021809772
801250189
39159083000
6557779491
89197784907
12360421066728
1539
1095
1794
2
41971
68777
107
48945
76
125
4730417
7751563
12134
5516380
8635
14150
211378241
330899
542232
385878
23823253683
37293788
61111987
43490184
1666469430
187818404507
557
396
650
1
41971
68777
107
48945
76
125
1714216
2809025
4397
1999035
3129
5127
211378241
330899
542232
385878
8633112983
13514589
22145870
15760050
1666469430
68061967017
1237
179
13897
8752
2177
168971
106416
24449
15398
1194911
390662
30315999
19092657
4386627
2762646
214385372
53335114
33589824
2606619268
377169437
9569134111
6026527455
467667305128
67669957323
822769821127
147617471289855
