0
0
0
0
0
0
0
0
0
0
0
0
0
0
0
0
503
0
0
0
133
187
413
57308
64
90
413
27589
214
299
413
91662
0
187
0
0
0
90
0
0
0
299
0
0
133
0
0
0
64
0
0
0
214
0
0
0
0
0
1084
0
0
6958
6
2940
0
0
6
0
0
0
2917
0
242
6958
2917
1248482
617
121
2875
0
0
503
0
0
0
503
0
0
0
503
0
0
0
220
0
0
0
73
0
0
220
0
0
0
106
0
0
3604
352
8180
1813036
0
0
0
0
0
0
0
0
387
456
680
195125
0
0
0
0
0
0
0
0
0
0
0
0
0
503
0
0
0
0
0
0
0
0
0
0
0
0
0
0
0
0
0
0
0
0
0
0
0
0
0
0
0
0
0
0
0
0
31
0
0
0
0
0
0
0
0
0
0
112
0
0
0
0
0
0
0
0
0
0
187
0
0
0
0
0
0
0
0
0
285
242
0
0
680
0
0
122118
0
0
0
114
97
0
0
680
0
0
48913
0
0
0
352
299
0
0
680
0
0
150860
0
0
5142
0
8180
0
503
0
0
2586759
0
0
0
0
0
5142
0
0
0
0
0
0
0
0
0
0
1589
0
0
0
0
0
0
0
0
0
0
5142
0
0
0
0
0
0
0
0
0
88
0
0
0
0
0
0
0
0
0
0
503
0
0
0
0
0
0
0
0
0
0
285
0
0
0
0
0
0
0
0
0
1348
112
6958
576886
970
80
6958
415300
0
0
103
0
0
0
0
0
0
0
0
0
0
108
0
0
0
0
0
0
0
0
0
0
212
0
0
0
0
0
0
0
0
0
0
132
156
0
0
0
0
0
680
0
0
0
0
0
66822
0
0
0
0
0
0
0
0
0
0
0
0
112
131
0
0
0
0
0
680
0
0
0
0
0
56362
0
0
0
0
0
0
0
0
0
0
0
106
0
90
0
0
0
0
680
0
0
0
0
0
45406
0
0
0
0
0
0
0
0
0
0
0
0
0
0
90
0
0
0
0
0
0
0
0
0
0
0
0
0
0
0
0
0
0
0
0
0
0
0
285
0
242
0
0
0
0
680
0
0
0
0
0
122118
0
0
0
0
0
0
0
0
0
0
0
0
0
5142
427
0
0
0
0
0
6958
0
0
0
0
0
2200508
0
0
0
0
0
0
0
0
0
0
0
0
1084
90
0
0
0
0
0
6958
0
0
0
0
0
464215
0
0
0
0
0
0
0
0
0
0
970
80
0
6958
0
0
415300
0
0
0
0
749
62
0
6958
0
0
320501
0
0
0
0
0
0
5
0
0
0
0
0
0
0
0
0
0
242
285
0
0
0
0
0
680
0
0
0
0
0
122118
0
0
0
0
0
0
0
0
0
0
0
0
187
220
0
0
0
0
0
680
0
0
0
0
0
94319
0
0
0
0
0
0
0
0
0
0
0
179
0
0
0
0
0
0
0
0
0
0
0
0
0
0
0
0
0
0
0
0
0
0
0
0
0
64
0
0
0
0
0
0
0
0
0
0
0
0
0
0
0
0
0
0
0
0
0
0
0
0
0
0
2917
242
0
0
0
0
0
6958
0
0
0
0
0
1248482
0
0
0
0
0
0
0
0
0
0
