1573
0
0
269
357
0
0
2
331
0
0
56
892
0
0
6
3075
1446
148
457578
819
6760
91253
12645223
394
3254
91253
6087564
1310
10813
91253
20225435
138
6760
15400
2134130
66
3254
15400
1027396
221
10813
15400
3413440
819
689
9305
1289510
394
331
9305
620785
1310
1102
9305
2062510
1
514
5162
34293
21
1193818
34
524847
0
514
34
225
3
514
13883
92229
8753
1193818
13883
214189246
2939
575
13684
5031
48923
3075
15471053
1842
17916
3075
5665563
186
1814
3075
573840
2203
48923
1346
6776843
738
48923
451
2270940
3748
1347
83185
11527311
1804
648
83185
5549388
17150
2155
237951
52739919
14
533
218
23423
43
1573
218
69057
13986
2787
150025
43008720
13
40
200
103
513
1570
4163
20748
63446
162123
6549613
13
0
3075
0
130
0
0
41170
21
0
282
36
112
560
103
513
1570
11613
57883
177003
162123
18271996
99
412
82
1885
378
1570
156348
31370
130198
595333
49354647
6
31
1559
62
3047
15400
1993
97412
492289
961983
30750122
16
82
4044
62
3047
15400
5169
252639
1276760
961983
79750844
27
138
6760
62
3047
15400
8640
422292
2134130
961983
133305160
215
1744
8753
3686
18493
150025
661360
3318086
26916942
56870468
10203430659
86
698
3505
3686
18493
150025
264899
1329015
10781221
56870468
4086847830
265
2155
10813
3686
18493
150025
817014
4099009
33251933
56870468
12604841833
24469
11514
237951
148
3075
1446
3641140
75246944
35407552
457578
11196851326
13
315
24469
13
1035
24426
4226
327608
7724392
327031
103416404
31
97
7562
103
7987
24426
10071
780699
2387330
2521561
246443756
103
315
24469
103
7987
24426
32586
2526013
7724392
2521561
797387657
66
542
887
3686
6030
48923
205563
336317
2728272
18545578
1034208993
379
3075
5031
3686
6030
48923
1165678
1907137
15471053
18545578
5864626918
215
1744
2854
3686
6030
48923
661360
1082035
8777671
18545578
3327360045
6415
4044
1193818
98970503
3753
2366
1193818
57905809
14
533
634
218
259
9305
23423
27847
998121
408460
43811455
15
560
666
218
259
9305
24612
29260
1048784
408460
46035262
30
1094
1301
218
259
9305
48035
57107
2046906
408460
89846718
19
98
4789
954
62
3047
607
15400
3069
150025
6121
299179
59632
1511955
301362
14728673
961983
191742
9371137
47358749
94441983
18824164
920003843
4649406985
2958191105
290418020092
16
82
4039
805
62
3047
607
15400
3069
150025
5163
252349
50298
1275295
254191
12423258
961983
191742
9371137
47358749
79659389
15877699
775999634
3921655489
2958191105
244960147901
79
648
1061
3254
3686
6030
18493
48923
150025
245453
245909
402326
1233742
3263744
10008352
16374407
18545578
56870468
93044300
754792786
1237190828
3793875822
6207061935
50352848433
286120014789
19087301832885
79
0
1061
3254
2
6030
18493
27
83
245453
136
402326
1233742
1807
5542
16374407
10270
31496
93044300
418022
685186
2101141
6207061935
27886648
158460317
10571018289
215
1744
2854
8753
3686
6030
18493
48923
150025
245453
661360
1082035
3318086
8777671
26916942
44038111
18545578
56870468
93044300
754792786
3327360045
10203430659
16693568536
135421353140
286120014789
51334300291619
103
315
24469
15427
103
7987
5036
24426
15400
1193818
32586
2526013
1592623
7724392
4870143
377518513
2521561
1589816
123237658
376853170
797387657
502744066
38971169589
119171436209
38902486316
12302046340352
21
66
5162
3254
103
7987
5036
24426
15400
1193818
6874
532883
335976
1629523
1027396
79640606
2521561
1589816
123237658
376853170
168215422
106057956
8221285728
25140185374
38902486316
2595216901962
3753
2366
48
1193818
24426
15400
57905809
1184808
747008
376853170
18279152388
2473
1559
31
1193818
24426
15400
38160788
780806
492289
376853170
12046232874
0
28
34
218
259
9305
1272
1512
54217
408460
2379834
35
179
8753
1744
62
3047
607
15400
3069
150025
11187
546755
108979
2763129
550746
26916942
961983
191742
9371137
47358749
172594587
34401532
1681325176
8496883004
2958191105
530744662020
27
138
6760
1347
62
3047
607
15400
3069
150025
8640
422292
84171
2134130
425374
20789570
961983
191742
9371137
47358749
133305160
26570368
1298588355
6562652772
2958191105
409925960628
135
1095
1793
2
3686
6030
10
48923
81
133
415450
679708
1134
5513922
9205
15061
18545578
30962
50656
410937
2090167953
3489603
5709250
46314509
155774646
17556485005
48
397
649
1
3686
6030
10
48923
81
133
150551
246313
411
1998145
3335
5457
18545578
30962
50656
410937
757438775
1264568
2068928
16783534
155774646
6362150218
58
179
13883
8753
103
7987
5036
24426
15400
1193818
18488
1433161
903592
4382518
2763129
214189246
2521561
1589816
123237658
376853170
452406584
285237329
22110718113
67613214099
38902486316
6979700165776
