0
0
0
0
0
0
0
0
0
0
0
0
0
0
0
0
930
11
4
3723
860
419
5949
824485
414
202
5949
396917
1376
671
5949
1318725
0
419
4
596
0
202
4
287
0
671
4
954
860
0
0
0
414
0
0
0
1376
0
0
0
0
0
117
0
1
1694
0
715
0
0
0
0
0
0
317
0
543
1694
317
304047
67
13
312
0
0
930
0
0
0
930
0
0
0
930
0
0
0
407
0
0
0
136
0
0
407
0
0
0
196
0
0
391
652
1646
364881
0
0
0
0
1
0
0
0
868
843
2820
808549
13
0
0
0
0
0
18
0
0
0
0
13
0
930
0
39
0
0
12637
0
0
0
36
0
0
0
0
0
51
0
0
0
0
103
0
0
0
1
0
0
146
0
0
0
3
0
50
0
189
4
4
3125
71
268
4441
16
0
251
0
189
4
23
15672
356
268
22271
27
0
419
0
189
4
38
26196
596
268
37226
223
528
543
1160
1194
2820
208144
214262
506029
1111614
199440663
89
211
217
1160
1194
2820
83369
85819
202683
1111614
79883293
276
652
671
1160
1194
2820
257132
264689
625125
1111614
246379683
559
7
1646
4
930
11
2237
520596
6585
3723
2082469
13
0
559
0
24
0
0
7593
0
0
0
31
0
172
0
181
2
45
17737
245
257
25205
102
0
559
0
181
0
0
57390
0
0
0
69
164
0
1160
0
0
64695
0
0
0
0
394
930
0
1160
0
0
366864
0
0
0
0
223
528
0
1160
0
0
208144
0
0
0
0
109
187
1694
104907
62
106
1694
59796
0
0
666
0
12
0
0
1307
0
0
0
0
0
699
0
12
0
0
1373
0
0
0
1
0
1365
0
12
0
0
2681
0
0
0
19
0
297
288
0
189
183
4
4
2820
27
18559
18029
422
410
276894
268
260
175968
4007
26373
25620
17275561
393477
250057
24549241
16
0
250
243
0
189
183
4
4
2820
23
15654
15207
356
346
233553
268
260
175968
4007
22245
21610
14571492
331887
250057
20706654
83
196
0
202
1160
0
1194
0
2820
0
77393
0
79667
0
188153
0
0
1111614
0
0
0
74156735
0
0
0
0
83
0
0
202
0
0
1194
0
1
0
42
0
79667
0
104
0
0
615
0
0
0
41091
0
0
0
0
223
528
0
543
1160
0
1194
0
2820
0
208144
0
214262
0
506029
0
0
1111614
0
0
0
199440663
0
0
0
0
102
0
559
958
0
181
310
0
0
1694
0
57390
98323
0
0
535897
0
0
173895
0
0
0
54990736
0
0
0
21
0
117
202
0
181
310
0
0
1694
0
12107
20742
0
0
113051
0
0
173895
0
0
0
11600743
0
0
0
62
106
0
1694
2
4
59796
88
151
2408
84973
51
87
0
1694
2
4
49118
72
124
2408
69799
0
0
36
0
12
0
0
71
0
0
0
35
0
543
528
0
189
183
4
4
2820
50
33917
32949
772
750
506029
268
260
175968
4007
48198
46822
31571428
719087
250057
44864222
27
0
419
407
0
189
183
4
4
2820
38
26196
25448
596
579
390836
268
260
175968
4007
37226
36163
24384509
555394
250057
34651332
140
331
0
0
1160
0
0
0
0
0
130751
0
10
0
24
0
0
87
0
0
0
9821
0
0
0
0
50
120
0
0
1160
0
0
0
0
0
47381
0
3
0
9
0
0
87
0
0
0
3559
0
0
0
0
58
0
317
543
0
181
310
0
0
1694
0
32561
55784
0
0
304047
0
0
173895
0
0
0
31199594
0
0
0
