788
57619
3778
4816
0
8947
1785
6
88540
1313
2
56284
0
798
27
797
0
59
0
0
227
44
2
216
34486
56
344
32544
0
59
0
0
0
45
0
0
57619
46
788
57619
57619
44
751
54915
0
0
0
2
27
2635
2634
2
19
968
25
18
8341
0
0
121
0
0
18
0
0
0
774
0
0
0
774
0
0
87
19
2
0
64
87
19
1895
64
1894
0
72
2
18
72
284
805
23213
1374
0
44
0
18
0
0
1319
0
0
0
0
22703
18
788
313536
257
22703
313536
0
0
0
750
0
0
0
0
0
0
0
7213
5
788
0
0
0
7213
0
0
0
0
8448
7
722
0
0
0
8208
0
30915
0
58
0
323
0
0
30457
0
0
0
34486
0
55
0
340
0
0
32134
0
0
0
0
10680
8
0
0
788
0
0
10680
0
0
0
57619
43
0
0
739
0
0
54013
0
0
0
57619
44
0
0
764
0
0
55848
0
0
87
730
24
2412
80
671
70924
2375
19749
65193
1916276
3737
56638
45
63857
51
783
4613663
3737
56638
63857
4613663
5831
57619
44
99183
75
748
7244179
5536
54702
94162
6877497
2
17
22380
768
686
857604
21795
835187
0
0
0
717
0
0
0
0
12
733
0
8
336
4045
124
109312
1560
51
64261
19
23804
783
1550
1939049
63818
23640
1925681
0
350
443169
0
0
774
0
0
435202
0
0
0
2
137185
0
0
17
0
0
3113
0
0
0
77
786
24
0
0
0
2299
71
721
0
0
0
67600
2100
21206
0
0
0
62030
0
0
0
1823326
0
0
0
4882
0
59
0
0
0
0
51
0
0
0
0
0
4882
0
0
0
0
0
0
0
0
0
0
0
53
74457
0
46
699
0
0
0
616
0
65991
0
41
0
58215
0
0
546
0
0
0
51596
0
0
0
0
252
0
10491
8
0
22775
18
0
0
762
0
308353
248
0
0
10324
0
0
22411
0
0
0
303424
0
0
0
0
0
10680
7
0
0
0
0
0
703
0
0
0
0
0
9522
0
0
0
0
0
0
0
0
0
0
840
10456
72516
59
1555
10785
8
134193
109
759
146693
1017370
829
12658247
10324
71606
1882663
1535
10650
132509
177588932
144852
1004604
12499412
1859040
175360543
0
34486
73570
56
0
0
0
448524
345
737
0
0
0
42332696
32614
69576
0
0
0
424172
0
0
0
40034359
0
0
74
0
1
8
11111
788
34
137
166925
381
464077
11111
11207
13923573
166925
464077
13923573
65
0
0
0
0
753
0
0
0
0
0
0
0
0
0
0
0
0
18
11028
23288
358
757
443976
239
137616
290601
10824
22857
13400439
435751
135067
285218
167213545
13152202
164115996
0
19
0
23810
0
788
0
244
0
297117
0
23810
0
0
0
297117
0
0
0
0
19
0
23810
0
784
0
242
0
297117
0
23666
0
0
0
295321
0
0
0
2
2433
0
23574
17
0
101148
74
0
0
721
101617
0
984593
740
0
3022589
2225
0
0
21567
0
0
92539
0
0
126240626
92969
0
0
900796
0
0
2765341
0
0
0
0
115496479
0
0
0
0
0
0
0
0
0
137706
105
0
0
749
0
0
0
0
0
0
0
0
0
0
0
0
130808
0
0
0
0
0
0
0
0
0
0
0
0
0
0
0
0
0
0
0
74
24
2
0
23810
18
68
767
74
24
357735
286
2000
68
994478
795
328825
262
23173
2000
29839364
23375
9866436
7729
348152
27427998
21486
967838
320017
806215224
631581
29040031
9602135
26693261
784618445
0
65
19
0
0
0
0
48
741
0
0
0
0
1420
0
0
0
0
0
0
0
0
0
0
0
0
0
0
0
0
0
0
0
0
0
0
0
3
1
0
0
0
0
68
788
0
0
0
0
95
0
0
0
0
0
0
0
0
0
0
0
0
0
0
0
0
0
0
0
0
0
0
0
51
0
0
0
8959
6
0
710
19
0
104169
77
0
0
334148
247
0
0
8066
0
7758788
5622
0
0
93783
0
0
300834
0
0
0
6985250
0
0
0
0
86
760
0
59
0
0
2468
0
0
0
0
0
72551
0
38602
0
339408
0
0
0
0
0
0
0
0
0
32393239
0
0
0
0
0
0
0
0
0
68
141
0
44
0
0
603
0
0
0
0
0
13727
0
29304
0
60943
0
0
0
0
0
0
0
0
0
5913358
0
0
0
0
0
0
0
0
0
87
233
0
58
2
7
769
0
81
216
0
365
22619
0
38198
0
101308
0
713
20979
0
35429
0
93965
0
0
9830064
0
0
0
9117529
0
0
0
0
0
61
87
0
44
0
0
338
0
0
1
0
4
7691
0
26484
0
37490
0
4
102
0
354
0
501
0
0
3303882
0
0
0
44223
0
0
0
0
0
74
798
24
74457
2
27
0
2219
67
731
74
798
24
502625
65236
1994
41070983
21513
442918492
13544314
2219
67
731
59805
65236
1994
41070983
21513
442918492
13544314
1757929
36192159834
1106745418
11935385304
59805
1757929
36192159834
1106745418
11935385304
975275089973
975275089973
0
52
617
18
57619
1
12
0
2036
62
731
23
276
8
174048
46318
1416
29160689
16648
342755203
10481351
911
27
327
54871
20726
633
13048590
7449
153373341
4690110
1248142
25696690419
785797104
9236271437
24553
558508
11498548300
351622166
4132972437
692452237591
309852956549
0
74
798
19
74179
0
0
0
2219
54
584
0
0
0
0
65236
1592
40917708
17178
441265541
10774713
0
0
0
47754
0
0
0
0
0
0
1403698
36057092430
880433214
9494784866
0
0
0
0
0
775846520995
0
0
74
242
2
74457
2
8
0
673
6
22
74
242
2
502625
19790
205
41070983
672
134365475
1394636
673
6
22
1868
19790
205
41070983
672
134365475
1394636
54912
10979394321
113959846
372824503
1868
54912
10979394321
113959846
372824503
30464575849
30464575849
0
57
2
18
56362
2
0
0
7
68
2
57
2
18
378871
173
1547
31089665
57
1153396
10279850
7
67
2
206
172
1541
30958727
57
1148538
10236555
4692
94247366
839996514
31163050
205
4672
93850432
836458767
31031803
2546423628
2535699056
0
74
750
0
74457
1
11
0
2087
0
4
33
338
0
226333
61345
13
41070983
133
416501484
89661
939
0
2
372
27623
5
18494370
60
187551696
40374
10943
34033549182
7326497
74298123
167
4927
15325395306
3299140
33456637
6071116056
2733839278
0
798
24
2
0
1883
1
733
788
63
1
28291
23
21570
58
848164
696
26005
21
1883
1705
25449211
20485
780290
628
28291
23392621
18829
848164
26005
687599843
542212
25449211
780290
23392621
687599843
0
617
18
4
0
3867
3
733
765
100
3
44966
35
16692
119
1742023
1388
53411
42
3751
2711
40449056
31579
1240196
968
43613
48045499
37510
1689578
51803
1092873324
835849
39231323
1202859
46599072
1059971981
0
242
19
1
0
5015
3
177
736
51
4
75355
57
5228
37
685328
525
55341
42
4679
1101
20563315
15443
1660528
1247
70306
15101937
11341
639414
51633
443904497
326592
19185647
1549278
14090161
414164485
0
798
2
0
0
0
0
75
771
0
0
0
0
2215
0
0
0
0
0
0
0
0
0
0
0
0
0
0
0
0
0
0
0
0
0
0
0
798
0
0
0
0
0
0
788
0
0
0
0
0
0
0
0
0
0
0
0
0
0
0
0
0
0
0
0
0
0
0
0
0
0
0
0
617
18
0
0
0
0
733
764
0
0
0
0
16692
0
0
0
0
0
0
0
0
0
0
0
0
0
0
0
0
0
0
0
0
0
0
674
59
7
666
0
46
0
0
34324
58
358
33689
34486
59
361
34156
0
59
0
0
0
54
0
0
18
45
0
0
8350
18
309
8350
74088
59
782
73491
57619
46
788
57619
10977
358
18
10770
0
311
0
0
10817
361
18
10770
25
17
8006
0
0
9
0
0
0
18
0
798
24
0
733
27
0
21560
798
24
733
21560
613
15
0
584
27
0
13248
613
15
584
13248
0
0
59
0
0
0
0
0
0
0
0
681
0
58
0
7
0
0
662
0
0
0
653
0
45
0
8
0
0
637
0
0
0
0
24
0
7
10
122
112
3314
0
18
0
17
17
207
246
5615
0
8969
7
788
123872
101
8969
123872
0
0
0
11044
8
780
0
0
0
10922
0
34171
0
58
0
354
0
0
33440
0
0
0
26680
0
46
0
364
0
0
26616
0
0
0
10310
0
53
0
101
0
0
9418
0
0
0
0
10404
8
0
0
771
0
0
10404
0
0
0
10680
8
0
0
788
0
0
10680
0
0
60
617
18
0
2337
71
2
732
27
0
53165
1626
60
16652
617
18
62997
2337
71
732
1432989
53165
1626
16652
62997
1432989
64
617
18
0
2488
76
2
733
27
0
56610
1735
64
16692
617
18
67241
2488
76
733
1529521
56610
1735
16692
67241
1529521
79
726
24
0
2180
73
2
667
24
0
64088
2160
79
19616
726
24
58909
2180
73
667
1731583
64088
2160
19616
58909
1731583
76
798
24
0
2292
70
2
731
27
0
67380
2060
76
21513
798
24
61771
2292
70
731
1815700
67380
2060
21513
61771
1815700
34486
74457
58
453930
356
769
42842943
33651
72653
442932
41804938
9997
73790
55
130409
97
721
12308364
9219
68050
120265
11350897
33967
72029
58
445835
361
767
41445886
33625
71303
441345
41028502
1630
3571
2
447438
357
783
2025926
1620
3549
444586
2013014
12
586
0
8
273
4002
98
86400
4
692
0
3
121
1381
43
36920
1115
82
103945
8
10514
781
1104
1385375
102909
10409
1371564
10892
364
453930
18
23518
785
10852
13532422
452264
23431
13482755
0
100
128752
0
0
760
0
0
124606
0
0
5722
365
453614
9
12362
788
5722
7108702
453614
12362
7108702
0
365
453930
0
0
788
0
0
453930
0
0
0
360
453930
0
0
777
0
0
447438
0
0
0
44
63861
0
0
679
0
0
55336
0
0
0
365
453930
0
0
788
0
0
453930
0
0
0
57
617
15
0
0
0
2213
54
586
0
0
0
50354
1233
13336
0
0
0
47787
0
0
0
1087003
0
0
0
77
786
24
0
0
0
2299
71
721
0
0
0
67600
2100
21206
0
0
0
62030
0
0
0
1823326
0
0
0
87
798
19
0
4
0
2635
64
586
15
137
3
77465
1897
17234
454
11
101
56891
13370
327
2974
1672263
9819
288626
0
67
797
58
2
26
2033
67
791
391
59767
29604
347508
2018
59324
29384
344932
26053017
25859902
32
1643
0
2
4041
0
6
0
340
0
18298
0
29
0
1540
0
0
3786
0
0
0
17145
0
0
0
0
318
10172
0
56
571
0
3
0
100
0
53975
0
297
0
9513
0
0
534
0
0
0
50481
0
0
0
0
34486
73054
0
56
445380
0
342
0
725
0
42035993
0
32326
0
68478
0
0
417479
0
0
0
39402607
0
0
0
0
0
26039
57619
23
0
0
0
442906
178
395
0
0
0
32349115
13042
28859
0
0
0
221840
0
0
0
16202824
0
0
0
26687
57619
46
0
0
0
453930
365
788
0
0
0
33154276
26687
57619
0
0
0
453930
0
0
0
33154276
0
0
0
33703
72765
57
0
0
0
453930
358
773
0
0
0
41869618
33040
71334
0
0
0
445003
0
0
0
41046236
0
0
59
0
0
0
0
788
0
0
0
0
0
0
0
0
0
0
0
0
18
0
23488
0
786
0
241
0
293095
0
23488
0
0
0
293095
0
0
0
0
66
24
2
0
20639
16
61
772
59
21
310090
260
1808
54
779258
654
285031
239
20639
1601
23381683
19225
8552381
7032
310090
21492173
17672
779258
285031
631738298
519449
23381683
8552381
21492173
631738298
0
50
617
18
56970
46
0
0
0
1956
59
722
780
0
0
0
0
0
44507
1343
27705265
22555
16434
338896291
275902
10230231
8328
56970
0
0
0
52049
0
0
0
0
0
0
0
0
0
0
1183944
24414155700
19876045
736987863
599996
27705265
9014981527
7339274
338896291
10230231
0
0
0
0
0
0
0
0
0
0
0
649441048628
528722751
24414155700
736987863
9014981527
0
0
0
0
0
649441048628
0
0
67
798
24
74457
59
2
26
0
2036
62
733
788
65
766
23
482576
388
59853
1835
37682312
30332
21570
442918492
356528
13580189
10931
74457
1955
59
704
55016
57466
1761
36179260
29122
20710
425251590
342307
13038510
10495
482576
1617158
33206029432
26729323
1018120025
819539
37682312
11966998680
9632882
442918492
13580189
52822
1552654
31881524628
25663158
977509784
786850
36179260
11489665271
9248651
425251590
13038510
897177510403
722186559
33206029432
1018120025
11966998680
861391361255
693380358
31881524628
977509784
11489665271
897177510403
861391361255
0
55
617
18
57619
46
0
4
0
2166
66
733
788
9
108
3
68173
54
49273
1509
31021523
24970
16673
342755203
275902
10497259
8449
57619
379
11
128
58461
8636
264
5437167
4376
2922
60074977
48357
1839863
1481
68173
1329805
27336475549
22004603
837210013
673915
31021523
9250290023
7446057
342755203
10497259
10246
233076
4791285869
3856764
146738466
118117
5437167
1621305709
1305076
60074977
1839863
737757805918
593861042
27336475549
837210013
9250290023
129307398986
104086498
4791285869
146738466
1621305709
737757805918
129307398986
0
67
795
19
70813
59
0
0
0
2036
49
584
753
0
0
0
0
0
59603
1456
35838836
30216
17117
421250248
355161
10292203
8677
70813
0
0
0
43841
0
0
0
0
0
0
0
0
0
0
1283282
31581540165
26626794
771616503
650559
35838836
9069592431
7646687
421250248
10292203
0
0
0
0
0
0
0
0
0
0
0
679956150655
573279593
31581540165
771616503
9069592431
0
0
0
0
0
679956150655
0
0
798
24
10
0
8974
7
733
779
300
9
134837
109
21570
276
4042355
3282
123941
100
8870
8130
121291051
96498
3718868
2958
133269
111489334
88700
3995340
122499
3277103761
2554130
119880373
3675615
110192654
3238989334
0
84
182
24
0
1
0
3
579
77
167
14
32
4
51
17019
2276
4933
101
13
163
29
353
47
15626
2983
399
4797
864
10398
1390
459332
2739
32933
4404
9547
80521
948324
126832
274908
870705
26125560
0
84
774
24
2
25
0
18
2456
77
711
83
763
24
289
72209
2282
20926
2422
76
919
702
8431
266
66373
71213
2250
27026
20638
247833
7832
1950986
65458
786058
24842
227805
1924075
22634686
715340
6559710
20805542
624271130
