788
197663
12960
16748
12386
53693
30250
86
4838595
23169
78
3400241
445
393099
795
392979
4246
205
13
4246
10623
154
41
10339
118307
199
355
115035
15942
202
48
15770
78
156
0
61
197663
159
788
197663
197663
154
763
191350
22
7329
295170
87
795
77151
77151
87
94
15072
755
91
129673
1576
48
311127
7276
49
92
7221
61411
48
774
60274
243
0
774
239
443
43034
643494
87
1306
126759
43000
642991
62395750
126660
62346926
437
35760
73
92
35760
74497
12543
6087848
23542
49
152
29
90
0
7267
22594
47
27
6975
1622
116018
93
788
347311207
280861
116018
347311207
233
16407
12
752
49116485
39091
15899
47597623
3072
61411
49
49034
39
788
3817121
3072
61411
49034
3817121
3404
57813
47
51373
42
721
3990682
3302
56080
49833
3871036
105898
15868
202
25408
324
48
8200004
104734
15694
25129
8109921
118307
85
160
151
285
0
48959
92501
66
118
38279
2295
36639
29
61411
49
788
2852238
2295
36639
61411
2852238
65
197663
149
326
0
740
81799
61
185586
306
76801
65
197663
154
324
0
764
81424
63
191590
314
78922
43192
359333
808360
70524
158652
1319889
34842361
78381778
652086667
127981609
63228873474
12960
196436
159
63861
51
783
16001242
12960
196436
63861
16001242
20964
197663
154
103945
81
764
26044641
20311
191507
100708
25233429
65
89
113527
770
11093
14041366
110911
13717884
9
11
15775
737
1562
2065124
14755
1931564
371
1443918
763
43
673810
64256
132135
116606934
7668
51
64261
93
116955
783
7615
9526955
63818
116149
9461276
7393
350
443562
12
16336
774
7256
9185260
435345
16033
9015108
8628
2
137214
1
61192
18
197
10681607
3147
1403
245021
54
39628
386044
808360
9
95
200
69515
145562
1418005
4860
47349
99146
34343968
71914681
700560707
8526
17853
173920
126150934
4212340
8820446
85924851
62324434679
15472606
7644188053
3409
16748
63
205
857
3
10
15
51
0
277706
1052
3409
5170
16748
63
264
857
3
15
85731
277706
1052
5170
264
85731
182
255427
16005
160
699
43
0
61411
616
38
226384
14185
142
19883990
199711
12514
54429
546
34
48016
17623123
177003
11091
15546741
42556
13779031
4336
9
36042
29
28
114096
92
239
0
764
1338
5299158
4273
11126
8
35517
35223
28
112435
236
1635919
1319
5222020
10964
34710
1612105
629
2295
36639
26
1055
16844
12
61411
44
707
49024
782353
565
2852238
2060
32876
1311312
947
15115
55105
60903123
43989
702013
2559340
1176653
54648949
14174
35833
248143
202
7654
53003
43
133989
109
757
2474341
17134444
13997
43315092
35384
245029
9252074
7558
52338
132308
2990934965
2443293
16919440
42771573
9135979
2953404657
4390
118307
252106
197
7802
16625
12
448029
350
746
2526184
5383174
4208
145063369
113410
241672
9566662
7479
15937
429486
3097501478
2421629
5160372
139059390
9170710
2969300038
36401
207
34
43
54582
788
16986
35973
44484240
5950
7358029
54582
2939694
3652003029
44484240
7358029
3652003029
33398
64
9
12
16844
752
4809
10582
13728439
1606
2083430
16057
793466
1034066740
13086703
1986040
985729280
22
92
54175
114481
358
757
444289
3721
2181776
4610441
53172
112360
65873247
436058
2141359
4525035
2652867511
64652978
2603724435
22
94
7329
116966
49
788
61411
3791
295170
4710490
7329
116966
9105335
61411
295170
4710490
366692849
9105335
366692849
22
93
38
116966
0
785
322
3777
1552
4710490
38
116516
47876
321
1546
4692383
1928115
47692
1920703
73
12340
7290
116346
85
6513
103945
76
61411
45
720
1663498
982806
15684136
11589
960621
15330095
11275
9057123
6661
106308
8091766
5951
94978
56113
129496737
2066576521
1519982
1220947294
898015
14331002
1193386673
877744
14007507
8275729
7393657
161617924270
118324534
1888284680
1115611276
1090428421
147674498097
9
2366
1054
16844
12
8621
137706
105
61358
46
750
292743
130440
2083430
1603
184093
2940403
2251
1310181
1003
16027
10710619
8202
131019
58379
22769234
363677065
278528
162046798
124106
1982268
228701161
175155
2797630
1246564
10190560
28417059554
21663662
346018541
154178534
217596461
27037254905
445
36401
808360
73
1636
116966
92
133708
772
36401
808360
95325891
75491
66058422
133708
15767622
12486
350147367
277291
114544
66058422
7825927512
6169068
173788278029
136994847
93351995
28745893404
22659982
15441124
342896928
14201809650405
11195086152
7663877434
170189675311
28150657343
13907735323950
64
33385
645614
9
188
16844
12
98016
742
4808
92978
13723161
10444
48405934
14115
2083430
1585
40289894
30663
15853
6971222
1033669189
783071
19989353248
15143232
12915255
3034754188
2299023
1960775
37917959
1498733440672
1135387862
972815312
18812545757
2856093007
1410500433946
2
1746
38779
9
210
15072
12
133708
788
225
4997
589288
476
3169045
17229
2031810
1643
45119880
36487
15072
408362
48378591
38942
1074330427
864786
589288
3704186915
2981699
2031810
45119880
87793241346
70669514
48378591
1074330427
3704186915
87793241346
158
25845
3150
31
3
53714
39
617
714
11868
1446
33876608
24818
236179
283
6643507
4867
809713
593
48663
108460
2551686527
1860841
311000447
226799
30690991
60989987
44477
6018779
733570
23317751435
17004688
2311736432
281755245
55254740
21125046097
62
42460
373972
15917
205
12
106
72154
49
5972
52601
1129589
14591
35647804
765516413
9888253
6742243899
87090251
15917
10149
5014088
107674701
1390845
948339037
12249792
1129589
642683741544
8301611420
765516413
6742243899
90397513088
1167673893
107674701
948339037
642683741544
90397513088
38
33424
69659
12386
156
9
20
17666
48
3738
7790
698868
8805
6754462
605945316
7634299
1262835001
15910445
12148
1975
755375
67764982
853770
141227252
1779320
685436
122449420413
1542739031
594299655
1238564580
13693946714
172529898
66462607
138513006
120096065496
13430762807
438
43155
119150
63
199
86
237
23405
0
42526
117413
31530
99253
11553343
3102580
9766425
8566082
26964654
61
23063
11384897
3057345
9624032
8441189
26571512
30640
830600826
2614598328
3015023
8324341
818490757
2576477769
2971064
8202973
807160705
795392390
23
30317
43064
12386
154
5
7
9906
48
2083
2959
429403
5360
3787567
549618908
6861438
780706839
9746338
12037
680
260257
37766271
471473
53645146
669705
417306
68663563730
857195464
534135572
758713515
4718117891
58900951
36702356
52133906
66729239700
4585203601
445
36401
393099
806665
255427
73
795
1632
65021
133428
1440889
36401
393099
806665
128871153
32123715
65919888
10531225800
711866741
113726365570
233373668954
65021
133428
1440889
117748134
32123715
65919888
10531225800
711866741
113726365570
233373668954
58173060179
9293608374378
19071070048455
205947866388837
117748134
58173060179
9293608374378
19071070048455
205947866388837
16829860043061114
16829860043061114
157
25845
304202
625554
197663
30
363
747
59656
122676
1443918
11811
139017
285871
45574467
22808066
46901949
7477245315
552040170
88007851244
180977190121
27262
56061
659854
108260046
10423032
21433668
3417017900
252276214
40218608637
82704561909
41390086718
6598528129498
13569051657667
159708960902088
49473636
18914809027
3015453924500
6200905606500
72985217836247
11974432464218074
5472182380562741
64
36401
393099
645862
253539
10
114
188
65021
106830
1153659
5242
56612
93014
18422357
32123715
52779242
10453412807
569961331
112886065578
185471728721
9364
15385
166145
94275907
4626324
7601047
1505457185
82083468
16257383279
26710869636
46576687628
9224939873408
15156569917694
163675306545011
13577225
6707781503
1328537605483
2182786379327
23571839255105
13375387421867300
1926267858837417
445
36401
119252
83015
255427
73
241
168
19725
13731
44984
36401
119252
83015
128871153
9745175
6783963
10531225800
22224378
34500471859
24017008062
19725
13731
44984
3676080
9745175
6783963
10531225800
22224378
34500471859
24017008062
1816154682
2819345123594
1962646622355
6429663160334
3676080
1816154682
2819345123594
1962646622355
6429663160334
525425842033935
525425842033935
344
28169
1046
625554
192827
73
2
1634
223
133708
4967
28148
1045
625092
97215430
85518
51119717
7950227591
1899085
295349049
176548576624
223
133610
4963
405919
85455
51081929
7944350783
1897681
295130727
176418071920
155191406
24135638056
14427378576359
535973655554
405619
155076688
24117796993
14416713858489
535577463842
43799247683019
43766871280265
207
36401
369432
5337
255427
34
348
5
61106
882
8959
16986
172397
2490
60138280
30189639
436142
10531225800
4426316
106879229546
1544057467
28515
411
4180
732146
14088125
203527
4914442009
2065559
49875654130
720541086
361714293
8734067054563
126178879759
1280563317964
341659
168795537
4075790117648
58881919267
597580403696
104646393262089
48833691433852
200
393099
808360
357
736
52616
42
1443918
788
176834
363637
42881936
34677
713362758
649540
76597034
61941
157512266
127375
52616
320903116
38017325498
30602195
78177897168
62929605
42881936
139643765491
112406797
76597034
157512266
68990521479039
55534191127
38017325498
78177897168
139643765491
68990521479039
158
304202
625554
365
751
53714
42
1443918
769
139698
287272
33876608
26727
552040170
663088
78194685
61694
160797636
126866
52406
253512567
30033580396
23586920
61760319251
48503566
33051642
142556442833
111956933
76290481
156881878
54502318253927
42803483876
29302200067
60256326652
139084896092
53175073118231
203
119252
645862
110
597
53439
40
349978
738
54483
295081
43552490
32961
172905682
159898
23600132
17860
127816801
96733
50012
78997144
11713429503
8824113
63439182318
47790833
40759514
34376291048
25896796
22086680
119620041
16983488218311
12794223112
10962259304
59370892735
32171774823
15894354568146
63
393099
83015
112
23
16501
13
148285
769
55826
11789
13448388
10748
73259804
21058
24021925
19199
5073008
4054
16201
10404014
11922777014
9485674
2517880794
2003207
13204265
4497516151
3578190
23585865
4980919
2221982367480
1767792932
11706347714
2472174732
4415874577
2181647629200
64
393099
3205
114
0
16844
13
5726
788
56612
461
13728439
11101
2828975
824
24522161
19830
199976
161
16844
407417
12171058733
9797141
99254343
79895
13728439
177291162
142711
24522161
199976
87590088317
70505985
12171058733
99254343
177291162
87590088317
49
304202
625554
114
235
16844
13
1443918
764
43809
90089
10623837
8321
552040170
207947
24522161
19208
50426772
39500
16316
79502537
9418648877
7343931
19368278904
15101880
10290829
44706260877
34858470
23753505
48846127
17092141259145
13327124622
9123417924
18761173200
43304926970
16556381913044
13999
203
42
13834
3373
159
13
3373
117359
201
361
115994
118307
203
362
117251
15972
203
48
15829
16005
186
44
14506
625554
157
344
1636
143810591
625554
79247
143810591
254155
202
782
252106
197663
159
788
197663
53968
358
92
52968
6557
311
11
6113
53043
360
92
52810
773
86
127216
3805
49
48
3805
7329
47
90
7070
393099
808360
445
1443918
795
1636
713362758
393099
808360
1443918
713362758
303741
499804
344
1151908
794
1307
440398940
303741
499804
1151908
440398940
4203
16005
204
1010
12
49
327213
4177
15907
1004
325201
14225
15991
199
3417
42
48
1106467
13825
15542
3321
1075351
11008
12386
155
3420
42
48
856985
10734
12077
3335
835648
207
808360
763
43
377365
35295
129647
64051870
337
625554
1600
92
611890
58351
276969
105891325
760
54340
43
788
162671540
131630
54340
162671540
3420
61411
48
54582
43
780
4249044
3382
60737
53983
4202365
117166
16005
201
28170
355
48
9120954
114996
15709
27648
8951993
91552
12386
158
28444
364
49
7127018
91330
12356
28375
7109698
35393
15784
192
8628
105
46
2755274
33533
14954
8175
2610422
235
35768
29
6156
5
770
285948
235
35768
6156
285948
2295
36639
29
61411
49
788
2852238
2295
36639
61411
2852238
29643
304202
623560
344
68423
140255
77
1439314
795
1630
26159626
53622499
29643
550280044
304202
623560
123772558
68423
140255
1439314
47320845363
26159626
53622499
550280044
123772558
47320845363
31555
304202
625554
344
72836
149778
82
1443918
795
1636
27846745
57263365
31555
552040170
304202
625554
132176482
72836
149778
1443918
50533841681
27846745
57263365
552040170
132176482
50533841681
39628
356484
807662
445
64192
145436
80
1308296
721
1634
31714182
71852641
39628
646359285
356484
807662
116390809
64192
145436
1308296
57502478500
31714182
71852641
646359285
116390809
57502478500
39628
393099
806665
445
70785
145257
80
1440889
795
1632
34971570
71763866
39628
711866741
393099
806665
128186827
70785
145257
1440889
63330260626
34971570
71763866
711866741
128186827
63330260626
118307
255427
201
453930
358
774
146973919
116115
250695
445521
144251299
35890
252983
191
136388
103
728
44159987
33464
235887
127171
41175834
116659
246937
201
445039
363
768
142088844
115896
245320
442125
141158613
5606
12253
9
448390
358
783
6964789
5570
12175
445532
6920401
371
1153659
610
42
538360
62538
102750
90675804
347
1362811
745
41
625841
57378
123209
103371769
5482
82
103848
41
51642
780
5427
6804503
102815
51128
6736837
53574
363
453930
92
115668
784
53295
66556354
451566
115066
66209750
2365
108
136926
13
16739
767
2313
2921993
133935
16373
2858155
28007
363
451969
48
60730
788
28007
34793366
451969
60730
34793366
7802
365
453930
13
16844
788
7802
9692659
453930
16844
9692659
28444
361
453930
48
61411
780
28149
35336660
449225
60775
34970370
4026
47
63873
45
61041
722
3709
4972276
58836
56227
4580166
28444
365
453930
49
61411
788
28444
35336660
453930
61411
35336660
49
30543
304202
499804
11
114
188
70501
115833
1153659
4398
43809
71979
26954031
44285455
441068092
10153
16681
166145
102220602
3881807
6377807
63520798
39081080572
14721387
5628295242
54
39628
386044
808360
9
95
200
69515
145562
1418005
4860
47349
99146
34343968
71914681
700560707
8526
17853
173920
126150934
4212340
8820446
85924851
62324434679
15472606
7644188053
205
43192
393099
645862
40
366
602
77151
126759
1153659
19904
181150
297630
38116471
62625336
569961331
35553
58414
531637
111863303
17565090
28859432
262653444
55265679722
51549605
25467905178
443
33398
391503
201
67
789
59414
33268
389979
101417
29353593
7633643
89483855
59183
29239340
7603930
89135558
6709193917
6683079734
681
5628
4
9
25022
18
41
149
341
0
388673
281
641
2329
5299
3
10355
23559
17
141
160845
365945
265
2193
9749
151440
14097
35890
80
192
7600
17
40
43
103
0
2460765
5526
13184
14068
33566
75
2979
7107
15
40
964623
2301433
5168
13158
2786
902165
118307
250059
85
196
444391
151
348
319
737
0
143885393
48959
112955
103482
238748
81
183903
424290
144
305
59544401
137377106
46744
98801
175585
56851063
3181
89528
197663
79
7145
15775
6
443894
178
395
1790308
3952694
1593
111222128
44843
99006
8876578
3578
7901
222338
2224113311
896730
1979826
55708983
4446103
1114014755
226
91552
197663
159
521
1125
0
453930
365
788
130612
281993
226
113736675
91552
197663
647591
521
1125
453930
162260482
130612
281993
113736675
647591
162260482
4285
115483
249329
196
7802
16844
13
453930
358
774
2465879
5323874
4206
143465363
113343
244710
9692659
7657
16532
445521
3063379650
2420200
5225252
140807737
9513107
3006632037
31748
61
8
13
16234
788
4406
10699
13230956
1543
1908777
16234
762598
947381491
13230956
1908777
947381491
21
93
7290
115900
49
785
61176
3771
293607
4667593
7290
115900
9022414
61176
293607
4667593
363353493
9022414
363353493
434
32939
808360
65
1597
111809
91
120990
772
32162
789288
91123264
75268
59775081
118136
13638813
11265
334710440
276474
111809
58364798
6769337900
5565826
166126484877
136591093
91123264
24864869422
20444179
13638813
334710440
12284403116073
10100376536
6769337900
166126484877
24864869422
12284403116073
49
25845
304202
620028
195307
159
9
114
233
59656
121593
1431163
779
3722
43809
89293
14191144
11561
22808066
46487635
7388100321
6018837
547163654
86958606625
70842265
177239924150
144391432
195307
8591
17511
206110
107303718
3284723
6694956
1064003586
866808
78800241
12523418104
10202409
25525359260
20794655
14191144
41024462170
6519859351264
5311511124
13288844218389
10825976465
7388100321
156410894088495
127422718672
86958606625
177239924150
15453436
5908173005
938963120570
764941817
1913804265372
1559112259
1064003586
22525648682304
18350891807
12523418104
25525359260
11727154677807232
9553720283059
6519859351264
13288844218389
156410894088495
1688896210553374
1375887197367
938963120570
1913804265372
22525648682304
11727154677807232
1688896210553374
441
33398
393099
808360
255427
205
67
788
1621
59656
122676
1443918
788
33105
389650
801267
127740419
102825
29473263
60608096
9662319011
7777721
713362758
113726365570
91544484
233864113174
188249836
255427
59133
121600
1431248
108260046
29214660
60076312
9577540406
7709478
707103608
112728513749
90741259
231812155126
186598104
127740419
53485503386
8526814502031
6863692810
17534332533368
14114329814
9662319011
206380674174349
166126933945
113726365570
233864113174
107310157
53016213731
8451998980294
6803469762
17380483726585
13990488613
9577540406
204569859853114
164669311848
112728513749
231812155126
15473718136176482
12455630164892
8526814502031
17534332533368
206380674174349
15337949462506604
12346342637982
8451998980294
17380483726585
204569859853114
15473718136176482
15337949462506606
160
27504
304202
624130
197663
159
33
371
761
63487
130256
1440630
788
12835
141957
291253
46538380
37461
24272476
49799671
7957327735
6405282
550783160
88007851244
70842265
180565100283
145346586
197663
29626
60784
672276
114948630
11326855
23239232
3713321359
2989052
257025341
41069243931
33058849
84261483994
67826612
46538380
43947272329
7022191820719
5652540875
14407382436792
11597279057
7957327735
159345299383155
128265624342
88007851244
180565100283
53641274
20508184461
3276936145362
2637782615
6723267246542
5411920366
3713321359
74359172246129
59855707640
41069243931
84261483994
12714243583710486
10234380289945
7022191820719
14407382436792
159345299383155
5933156687271077
4775917769513
3276936145362
6723267246542
74359172246129
12714243583710486
5933156687271077
63
33263
391518
643264
242895
204
9
114
188
59656
98016
1153659
753
4790
56384
92640
17648932
14879
29354730
48229802
9188270930
7746442
567669123
108146776926
91176324
177685080700
149802639
242895
8591
14115
166145
86497423
4227546
6945856
1323256696
1115610
81753354
15574850571
13130836
25589468861
21573955
17648932
42561892214
8108476000436
6836089445
13322220536180
11231690295
9188270930
156803736356889
132198007016
108146776926
177685080700
12457000
6129587308
1167749105963
984505268
1918610984324
1617541483
1323256696
22582224197564
19038609042
15574850571
25589468861
11756608649490482
9911755094868
8108476000436
13322220536180
156803736356889
1693138049475795
1427449886999
1167749105963
1918610984324
22582224197564
11756608649490482
1693138049475796
207
393099
808360
371
763
54582
43
1443918
779
183441
377224
44484240
35554
713362758
673810
79459119
63509
163397788
130598
53947
332893812
39437862167
31376443
81099053989
64521749
43966865
144861625689
115250734
78534968
161497386
71568387342632
56939228674
38979179244
80155829657
143176809365
70736009639302
207
41429
90016
806519
39
85
761
43
16946
151832
329890
19333
42006
376365
35973
8372172
75012341
162981482
7907
70853
6741
153945
14714
131834
30682316
3906910
35004833
3345774
76056012
7269461
65132355
15158492895
14318035
1368523
12261586
26641103
7073776186
676114122
6057794620
13161945387
2477821228
1224159045678
443
41488
380251
808202
83
766
1629
93
71713
152421
1396998
41327
378775
805065
76773
35422695
75288861
690047498
71434
151830
14412
1391575
132704
282055
130138660
35285205
74996635
7151883
687369150
65549396
139321398
64282012989
129633541
12362207
26275148
240820485
64032509021
6106314642
12978613741
118953318535
22433855083
11081206422914
