79851
167197
14624
18897
1446
4413
6358
0
1940479
4850
0
1358150
0
0
0
0
0
29797
0
0
433
22485
157
422
133491
29101
74717
130058
1861
29429
419
1841
0
22757
0
0
167197
23115
79851
167197
167197
22376
77300
161856
0
279
2053
0
0
0
0
0
1847
2353404
0
1793
50529056
0
416
0
276
421
1821
274
10204
416
78371
10014
0
0
78371
0
0
0
0
0
0
0
0
0
0
0
0
0
0
0
1823
0
25361428
2010576
2694431
4943
0
22184
0
1771
0
0
4744
0
0
0
0
22225
1807
79851
1072692
620255
22225
1072692
0
0
0
76357
0
0
0
0
96
10204
424
7864
639
79851
2475
96
10204
7864
2475
53
9579
409
4164
348
73122
1304
52
9296
4041
1265
119405
1851
29388
2826
68040
416
13569
117957
1828
2791
13405
133491
0
28407
0
72935
0
0
126956
0
0
0
268
30992
4284
10204
424
79851
8986
268
30992
10204
8986
0
167197
21698
0
0
74957
0
0
156951
0
0
0
167197
22404
0
0
77397
0
0
162059
0
0
0
0
0
0
0
0
0
0
0
0
0
14624
166051
23115
51235
10856
79304
161764
14624
166051
51235
161764
23655
167197
22448
83448
17054
77548
263467
22973
162374
81041
255868
0
1722
21669
78011
1742481
3181603
21170
3108306
0
0
0
74666
0
0
0
0
0
0
0
852
0
24603064
292371
1240072
1472
10781
51589
1838
22762
79300
1461
21957
51233
22605
21806
0
73652
356394
0
0
78415
0
0
349987
0
0
959
533
110044
9
10157
1823
22
26906
2524
232
617
0
0
0
0
0
0
0
0
0
0
0
0
0
0
0
0
0
0
0
0
0
0
0
0
0
0
0
18897
0
29870
0
0
0
0
10856
0
0
0
0
0
18897
0
0
0
0
0
0
0
0
0
0
0
205
216057
1869
23354
561
4
92
10204
62433
331
2290
23
160
62649
168928
1461
137
438
3
7978
938
1790
18
48983
107
733
906
0
30482
4222
0
22070
1798
0
0
77404
0
14340
893
0
0
30042
0
0
21751
0
0
0
14133
0
0
0
0
268
30992
3844
0
0
0
10204
380
71651
0
0
0
8986
240
27809
0
0
0
9156
0
0
0
8063
0
0
2969
40444
210104
29457
1463
10285
848
107644
22973
76775
5675
46528
2932
438611
39936
207468
21261
1445
10156
106293
108619
5604
45944
433107
20994
107256
0
133491
213167
28601
0
0
0
359544
73432
75436
0
0
0
1466901
127820
204111
0
0
0
344271
0
0
0
1404587
0
0
0
0
0
864
10624
79851
0
12258500
18415206
953111
1700196
10624
1302358
2579039
18415206
1700196
2579039
0
0
0
0
0
76197
0
0
0
0
0
0
0
0
0
0
0
0
1817
10401
22289
75269
76728
356779
124727
341545
354808
10208
21876
151885
350170
335218
348235
1663236
149072
1632425
0
1852
279
22767
424
79851
10204
127082
2053
362406
279
22767
7166
10204
2053
362406
48360
7166
48360
0
1845
0
22767
0
79591
0
126669
0
362406
0
22693
0
0
0
361228
0
0
0
0
2362
276
22580
1678
724
83448
16050
10204
387
72981
815200
19925
3613605
1851479
499
35234
2159
7107
252
20638
20403
662
76269
9326
34009
3850105
745071
467882
18211
3302741
14070
456
32203
6496
18648
936755
31083
3518896
427632
12860
856170
0
0
0
0
0
958
110551
22144
10194
403
76005
0
0
0
0
0
0
0
0
0
0
27006
912
105227
9703
0
0
0
0
0
0
0
0
0
0
25706
0
0
0
0
0
0
0
0
0
0
0
22767
1813
0
78203
0
0
39462200
25726920
0
0
3643375
2000294
1098827
622257
22297
0
5526659
2733261
2052107
1013473
38648000
182970
92652
3568203
1076155
395844
199747
5412630
2009767
179194
387676
0
0
0
0
0
0
0
0
75086
0
0
0
0
0
0
0
0
0
0
0
0
0
0
0
0
0
0
0
0
0
0
0
0
0
0
0
0
0
0
0
0
0
0
0
79851
0
0
0
0
0
0
0
0
0
0
0
0
0
0
0
0
0
0
0
0
0
0
0
0
0
0
0
0
0
0
0
0
4413
325
0
72340
0
0
5919417
3569757
0
0
647953
329069
9
4
3997
0
760611
347964
14
6
5362632
2
1
587006
8
3
1
689067
13
2
3
0
0
0
1857
29870
0
0
0
421
0
0
0
0
0
0
0
0
0
1857
0
0
0
0
0
0
0
0
0
0
0
0
0
0
0
0
0
0
0
0
1446
22681
0
0
0
416
0
0
0
0
0
0
0
0
0
1419
0
0
0
0
0
0
0
0
0
0
0
0
0
0
0
0
0
0
0
0
0
29068
0
0
0
0
0
0
0
0
0
0
0
0
0
0
0
0
0
0
0
0
0
0
0
0
0
0
0
0
0
0
0
0
0
0
1446
22463
0
0
0
412
0
0
0
0
0
0
0
0
0
1405
0
0
0
0
0
0
0
0
0
0
0
0
0
0
0
0
0
0
0
0
0
216057
0
0
0
0
0
0
0
0
0
0
0
0
0
0
0
0
0
0
0
0
0
0
0
0
0
0
0
0
0
0
0
0
0
0
0
0
0
0
0
0
0
167197
0
0
0
0
0
0
0
0
0
0
0
0
0
0
0
0
0
0
0
0
0
0
0
0
0
0
0
0
0
0
0
0
0
0
0
0
0
0
0
0
0
214617
0
0
0
0
0
0
0
0
0
0
0
0
0
0
0
0
0
0
0
0
0
0
0
0
0
0
0
0
0
0
0
0
0
0
0
0
0
0
0
0
0
216057
0
0
0
0
0
0
0
0
0
0
0
0
0
0
0
0
0
0
0
0
0
0
0
0
0
0
0
0
0
0
0
0
0
0
0
0
0
0
0
0
0
163551
0
0
0
0
0
0
0
0
0
0
0
0
0
0
0
0
0
0
0
0
0
0
0
0
0
0
0
0
0
0
0
0
0
0
0
0
0
0
0
0
0
216057
0
0
0
0
0
0
0
0
0
0
0
0
0
0
0
0
0
0
0
0
0
0
0
0
0
0
0
0
0
0
0
0
0
0
0
0
0
0
0
0
0
0
1985
161
0
79851
0
0
3441728
1814883
0
0
6281331
3314615
95835
50852
1985
0
15132986
7631052
178976
90253
3441728
463874
235035
6281331
95835
928056
468356
15132986
178976
463874
928056
0
0
0
0
0
2034
160
0
77447
0
0
2728533
1395487
0
0
6434935
3293442
98178
50527
1972
0
11997128
5867615
141888
69396
2646389
475217
233533
6241209
95222
735744
360125
11635948
137617
460911
713594
0
0
0
0
0
10292
783
0
74678
0
0
17839692
8797845
0
0
9877032
4874437
396890
196957
9625
0
23795748
11222146
741209
349562
16684149
582787
276158
9237259
371182
1165961
550304
22254406
693198
545037
1090437
0
0
0
0
0
0
0
0
78025
0
0
0
0
0
0
0
0
0
0
0
0
0
0
0
0
0
0
0
0
0
0
0
0
0
0
0
0
0
0
0
0
0
0
0
79851
0
0
0
0
0
0
0
0
0
0
0
0
0
0
0
0
0
0
0
0
0
0
0
0
0
0
0
0
0
0
0
0
0
0
0
77350
0
0
0
0
0
0
0
0
0
0
0
0
0
0
0
0
0
0
0
0
0
0
0
0
0
0
0
1242
29526
354
1228
0
23115
0
0
132650
29336
75798
131108
133491
29603
76005
132299
1869
29626
420
1853
1868
27192
385
1701
0
22818
0
0
0
0
0
0
214766
29452
79207
213035
167197
23115
79851
167197
10315
75240
1802
10120
0
65417
0
0
10076
75686
1802
10032
0
1704
34972768
143
424
949
143
279
409
1786
269
0
0
0
0
0
0
0
0
0
0
0
0
0
0
0
0
0
0
0
0
0
0
0
1869
29701
0
0
421
0
0
1858
0
0
1242
1867
29047
54
349
411
260
1208
1815
52
253
2314
1446
22539
130
842
413
485
2256
1410
126
473
0
0
0
807
0
9071236
254171
451106
0
0
0
1769
0
15388438
557180
765257
0
4411
358
79826
212926
113019
4411
212926
129
10204
419
10571
850
78973
3327
128
10091
10455
3290
132274
1869
29230
3135
74364
414
15114
129443
1829
3068
14791
103302
1446
23058
3164
76503
422
11804
103051
1442
3156
11775
39960
1844
27922
959
22039
401
4566
37856
1747
909
4325
27
30302
4284
1024
43
78075
902
27
30302
1024
902
268
30992
4284
10204
424
79851
8986
268
30992
10204
8986
0
0
0
0
0
0
0
0
0
0
0
0
0
0
0
0
0
0
0
0
0
0
0
0
0
0
0
0
0
0
0
0
0
0
0
0
0
0
0
0
0
0
0
0
0
0
0
0
0
0
0
0
0
0
0
0
0
0
0
0
0
0
0
0
0
0
0
0
0
0
0
0
0
0
0
0
0
0
0
0
0
0
0
0
0
0
0
0
0
0
0
0
0
0
0
0
0
0
0
0
0
0
0
0
133491
216057
29146
364419
74831
77916
1486787
130256
210822
355589
1450764
40496
214495
27858
109752
21698
73936
447778
37769
200054
102363
417630
131550
208937
29223
357609
76136
77793
1437796
130601
207429
355029
1427420
6316
10364
1423
359454
75163
79342
70354
6276
10298
357164
69906
0
0
0
841
0
17260970
211581
977911
0
0
0
159
0
3121775
49963
219697
1051
17386
83433
809
10053
79041
1041
15686
82602
9953
15530
10165
76454
364419
1804
22251
79605
10134
151624
363298
22182
151158
0
22753
110079
0
0
77763
0
0
107660
0
0
5390
76557
363787
961
11820
79851
5390
80409
363787
11820
80409
0
76690
364419
0
0
79851
0
0
364419
0
0
3164
75895
364419
419
10204
79023
3131
89103
360641
10098
88179
447
9947
51371
388
10160
72852
410
12560
47067
9309
11508
3164
76690
364419
424
10204
79851
3164
89103
364419
10204
89103
0
0
0
0
0
0
0
0
0
0
0
0
0
0
0
0
0
0
0
0
0
0
0
0
0
0
0
0
0
0
0
0
0
0
0
0
0
0
0
0
0
0
0
0
0
0
0
0
0
0
0
0
0
0
0
0
0
0
0
0
0
0
0
0
0
0
0
0
0
0
0
0
0
0
0
0
0
0
0
0
0
29161
0
0
0
0
0
0
0
0
0
0
0
0
0
0
0
59
6362
0
1348
2003
0
337
0
71726
0
373
0
56
0
5989
0
0
1885
0
0
0
351
0
0
0
0
579
40496
0
27935
285
0
156
0
21758
0
1108
0
542
0
37874
0
0
266
0
0
0
1036
0
0
0
0
133491
211449
0
28518
356646
0
73219
0
74611
0
1455078
0
127449
0
201879
0
0
340506
0
0
3
1389225
0
0
0
3
0
100894
167197
11577
0
0
0
355924
37517
39995
0
0
0
1123740
50536
83745
0
0
0
178275
0
0
0
562859
0
0
0
103302
167197
23115
0
0
0
364419
76690
79851
0
0
0
1150559
103302
167197
0
0
0
364419
0
0
0
1150559
0
0
0
130333
210946
28589
0
0
0
364419
75181
78280
0
0
0
1451618
127770
206798
0
0
0
357252
0
0
0
1423072
0
0
0
0
0
0
0
79851
0
0
0
0
0
0
0
0
0
0
0
0
1836
276
22500
424
79568
10167
146421
2036
358170
276
22500
7082
10167
2036
358170
47794
7082
47794
0
0
0
0
0
20969
1741
0
78198
0
0
36347392
19571776
0
0
3041438
1638770
1012095
548392
20969
0
4613576
2379004
1890131
973292
36347392
152740
80643
3041438
1012095
330444
173858
4613577
1890131
152740
330444
0
0
0
0
165046
23115
0
0
0
0
0
0
78824
0
0
0
0
0
0
0
0
0
0
0
0
0
0
165046
0
0
0
0
0
0
0
0
0
0
0
0
0
0
0
0
0
0
0
0
0
0
0
0
0
0
0
0
0
0
0
0
0
0
0
0
0
0
0
0
0
0
0
0
0
0
0
0
0
0
0
216057
29870
0
0
0
0
0
0
79851
0
0
0
0
0
0
0
0
0
0
0
0
0
0
216057
0
0
0
0
0
0
0
0
0
0
0
0
0
0
0
0
0
0
0
0
0
0
0
0
0
0
0
0
0
0
0
0
0
0
0
0
0
0
0
0
0
0
0
0
0
0
0
0
0
0
0
167197
23115
0
0
0
0
0
0
79851
0
0
0
0
0
0
0
0
0
0
0
0
0
0
167197
0
0
0
0
0
0
0
0
0
0
0
0
0
0
0
0
0
0
0
0
0
0
0
0
0
0
0
0
0
0
0
0
0
0
0
0
0
0
0
0
0
0
0
0
0
0
0
0
0
0
0
205516
29740
0
0
0
0
0
0
76284
0
0
0
0
0
0
0
0
0
0
0
0
0
0
205516
0
0
0
0
0
0
0
0
0
0
0
0
0
0
0
0
0
0
0
0
0
0
0
0
0
0
0
0
0
0
0
0
0
0
0
0
0
0
0
0
0
0
0
0
0
0
0
0
0
0
0
0
4413
354
0
78922
0
0
7649246
3986669
0
0
13960270
7281058
212993
111704
4361
0
33633080
16762773
397774
198254
7560282
1030961
516290
13797906
210516
2062607
1028817
33241912
393148
1018970
2038618
0
0
0
0
0
0
0
167
0
0
0
0
0
0
1882288
0
0
0
0
0
236723
0
787205
52599
0
0
0
379172
0
1812339
93354
0
0
209398
8664
55670
0
355782
18506
110934
12247
27670
0
0
0
0
0
0
0
1840
0
0
0
0
0
0
20681116
0
0
0
0
0
2604835
0
36558184
579475
0
0
0
4172298
0
84165872
1028458
0
0
9739140
95595
2592293
0
16547510
204190
5165692
571167
1290424
