79851
167197
14624
18897
7514
33313
28968
9932
142902912
22106
8986
100054568
106710
336620
248205
336517
4063
29834
3070
4063
10150
22514
9642
9886
133491
29088
74683
129998
9686
29477
5646
9582
47
22789
22
37
167197
23115
79851
167197
167197
22376
77300
161856
596
3644
1711026
9987
248281
38273
38273
9971
21949
80507728
236262
21374
1259159168
316361
5613
1648452608
3617
5682
21725
3601
38889
5602
78371
38168
154
22
78371
151
106408
16182
362234
9979
261910
37295
16170
361950
65082
37266
65031
104716
10280
6957
21652
10280
663445120
58643352
94445536
22507
29
22184
14
21067
21
29
21600
28
13
28
325406
71954
21804
79851
7535899648
2587977984
71954
7535899648
46736
10189
3034
76293
1067198848
360175040
9873
1034117632
1527
38889
5708
30410
9215
79851
15718
1527
38889
30410
15718
1689
36573
5522
31894
9943
73269
16416
1641
35535
30988
15950
119584
9632
29450
16104
68156
5617
53555
118271
9526
15927
52967
133491
51
23354
95
59961
23
319
104372
40
74
249
1392
30992
4284
38889
5708
79851
27018
1392
30992
38889
27018
39
167197
21648
206
28
74783
774
37
156586
193
725
39
167197
22404
205
29
77397
771
38
162059
199
747
16221
308392
454441
35063
46679
904109
61359
81649
1434526
175538
330468
14624
166154
23115
51267
10856
79353
161864
14624
166154
51267
161864
23655
167197
22435
83448
17045
77504
263467
22960
162283
80996
255725
6195
20845
70409
78011
59760656
215956768
68787
210981584
910
2768
9783
74573
8398840
31749916
9137
29651622
115861
986864
153092
10258
460524
951059072
1217553152
3662669312
10832
10781
51589
21829
72535
79300
10758
51519
51233
72035
51164
10458
73649
356575
3013
10131
78371
10264
49738
349969
9944
48817
5463
533
110217
130
38771
1826
125
81240
2528
889
1863
13092
14882
331052
454398
1123
29948
40233
34534
42823
970448
1825
40604
55732
60433
74905
1539784
4235
5252
119027
172872
7412
9187
188856
325450
21203
39916
3257
18897
38
29870
1211
1
2458
10
10856
22
2112
4
3257
33
18897
38
1
1211
1
10
3
2112
4
33
1
3
205
216057
9710
23354
561
27
92
38889
62433
4462
2290
92
160
188359
168928
7591
413
438
21
30406
2691
1790
72
147272
323
2104
4143
5
30473
4227
14
70731
21506
151
22
77458
5
30113
4087
105
5
30063
144
14
69780
149
104
5
29708
103
143
102
601
1392
30992
3844
524
10447
2840
38889
5121
71651
197
4447
539
27018
1249
27809
5399
470
9374
34895
3886
177
3991
24244
4845
3487
13541
40428
210038
29446
10811
32897
10109
107651
22973
76780
18820
97477
13371
438473
39921
207402
50070
10676
32484
106300
204170
18584
96254
432971
49442
201608
4194
133491
213359
28598
11021
10316
3031
359868
73424
75496
19216
30620
4016
1468223
127807
204274
51761
10552
9877
344546
211416
18398
29316
1405707
49557
202414
10479
49812
3246
10258
33852
79851
4890
506304896
1180327168
32054558
113166768
33852
45612896
180374848
1180327168
113166768
180374864
9614
15372
919
3021
10447
76217
1384
149142208
364264896
8663246
32043232
9971
12327600
51073232
347688960
30585094
48749132
596
21575
76529
70977
75269
76681
356560
4609182
16254364
20054524
75111
69662
356111
349955
15953260
19683028
111630888
349514
109562984
596
21983
3644
72542
5708
79851
38889
4696176
1711026
20496536
3644
72542
37494
38889
1711025
20496536
13856979
37494
13856979
596
21930
19
72542
29
79660
204
4684995
8996
20496536
19
72369
197
203
8975
20447740
72861
196
72688
6920
17431
3624
72157
19976
4124
83448
16043
38889
5214
72950
53300492
18984536
241222592
62421476
4090
82902
15925
37295
3311
65921
61509
3767
76236
35528
13717296
273998400
48694112
129447544
17343840
220375472
61137
3737
75737
34072
56193
206889328
12531810
250318688
118260328
55854
189009376
919
3343
524
10447
3012
5463
110551
22138
38889
5431
75985
9379846
2521844
32043232
8636912
784
15901
3181
5399
499
9941
81486
5199
105200
37006
2413976
48218352
8925798
17195396
2399770
30492124
11726
746
15131
5138
77542
36408480
2297123
45884264
16363020
11158
34646064
106743
10479
454441
6957
328064
72542
21530
58807
78207
10479
454441
2529339392
1062636096
92965
58807
242506656
67276320
7597437952
2555408896
71048
92965
386527808
95732640
15750035456
3539838208
2477278720
2204087040
545803136
237515184
7441061888
3290094336
815120768
378571968
15425857536
2158721024
3222375168
15354
9603
362667
919
37748
10447
2977
43108
75094
1383
52229
363842752
146774896
68069
6208
32043232
8535626
874203136
282335936
9824
9803
51014044
12131925
1810185728
390648000
342170112
232689280
55327908
30134544
822130368
346938400
82532808
47975344
1702360064
218828896
326272640
659
502
21801
896
42274
9347
2832
58807
79851
64
2809
15635958
6707091
4459
7577
31249332
8851392
979003584
336209344
9347
574
2389451
604240
97364128
22342568
15635958
284017984
71810088
31249332
979003584
20338822
5144838
2389451
97364128
284017984
20338820
37933
7440
1770
2931
758
33313
9154
271
72409
3416
813
898868352
349639648
332
124
102177400
26244636
17569016
5471266
30208
152
126029488
28900056
28185262
5865042
815100352
4676398
1072175
92655200
15931711
5401959
1239116
114284448
25558596
4240591
4898535
15014
15960
320562
9671
29870
1382
33256
35862
5685
2245
45089
30822400
135269264
62758
55198920
158714624
838149440
3677938176
9671
5044
8827
7764072
22324206
117890960
517325056
30822400
201137424
579244480
55198920
838149440
28291236
81474360
7764073
117890952
201137424
28291236
9237
12552
59651
7514
22686
1116
6358
8764
5602
1403
6670
19040280
81686784
11868
43585692
122511320
156588864
671722240
7374
980
1327
4874341
13700872
17511884
75121056
18687568
38190184
107514416
42778292
153688128
4270943
12023715
4784047
17187488
37482728
4191826
105186
16221
102118
38
29073
9841
74221
11610
22
15984
100629
859767
922415744
20318
223358
157000752
1063078
1140410752
37
11441
20021
220101
154711696
1047579
1123783808
836847
259272
182531696
217404
1034738
255492
179870400
214234
1019652
252360
248681
5675
11402
36877
7514
22463
623
2415
4921
5547
783
2533
11698868
49696012
6665
39593024
110192016
96806000
411178432
7302
338
457
2720578
7571688
6651887
28253540
11369008
21447066
59783592
38476656
94076464
1473704
4107944
2643869
6464330
20842344
1432152
106743
10479
336620
454441
216057
6957
248281
328064
27472
58807
986864
10479
336620
454441
2290421248
45395
92965
489961120
1565830
9202320384
15533238272
27472
58807
986864
237189
45395
92965
489961120
1565830
9202320384
15533238272
404524
1935601920
4143445248
64991141888
237189
404524
1935601920
4143444992
64991141888
16718297088
16718297088
37747
7440
260495
351672
167197
2916
113456
149914
25205
53954
986864
3399
119037
160702
809954176
32230
66005
347875904
1211727
7121271808
12020491264
11518
24655
450964
217619
14728
30162
158967808
553719
3254186496
5492968448
287214
1374291328
2941875200
50293792768
99444
131247
628005824
1344340224
22982606848
11870111744
5424249344
15372
10479
336620
363088
214709
1001
35756
37748
27472
46985
788483
1509
48478
52290
327799744
45395
74277
486905376
1251064
9144928256
12333319168
3956
6766
113554
189508
6537
10697
70122080
180173
1317014528
1776193152
323205
1923530240
3289875968
51602661376
27292
46546
277018784
473794176
7431600640
13274251264
1911702272
106743
10479
102118
46669
216057
6957
75319
33691
8334
6039
30745
10479
102118
46669
2290421248
13771
9547
489961120
48782
2791651840
1595208064
8334
6039
30745
7389
13771
9547
489961120
48782
2791651840
1595208064
12602
587191808
425517024
2024759296
7389
12602
587191808
425517024
2024759296
520848384
520848384
82542
8109
896
351672
163430
6951
853
327821
94
58807
3394
8103
895
351412
1731243136
120
71941
370617216
4168
23946110
11749677056
94
58763
3392
815
120
71888
370343168
4165
23928408
11740989440
1076
5036788
3134191616
169118768
815
1076
5033065
3131874304
168993760
43504056
43471892
49812
10479
316235
3000
216057
3246
108845
1010
25808
388
6121
4890
147572
1400
1068835008
42646
613
489961120
9712
8645057536
102556192
12043
181
2856
1471
19900
286
228642464
4532
4034253312
47858296
2509
1818388096
27356556
403110944
686
1170
848558720
12766056
188113472
103696112
48390240
48022
336620
454441
111698
147592
32635
9889
986864
79851
151441
204448
1137922048
488115136
1565830
443979
2025473792
916890880
3418004480
1173810944
32635
704449
4972822016
1434173696
7085769728
1626002304
1137922048
14425858048
3531082752
2025473920
3418004224
24418476032
5602523648
4972822016
7085769728
14425856000
24418476032
37933
260495
351672
114017
150656
33313
9849
986864
77906
119626
161497
898868352
376182720
1211727
453196
2067521280
913132928
3488959488
1169000064
32502
556459
3928135168
1105295488
5597196288
1253134848
876979072
14725324800
3516610304
2017172608
3403995904
19288662016
4317778432
3832476672
5460893696
14366731264
18818945024
48772
102118
363088
34414
119764
33145
9400
239197
74730
46659
165899
1155687168
463944416
379527
109292
624048512
264378048
2773545472
891408768
31019
173411
1532126080
413532224
5749760512
1234809344
1081574144
3551143936
813486848
584028928
2595680768
6010978816
1290702848
1433872640
5381033984
3323412480
5625501696
15159
336620
46669
35259
4784
10241
3068
101347
78030
47805
6627
357099648
151457008
160805
14392
635628736
284501600
110155144
37404212
10067
22836
1560557312
445008960
228359552
51813572
351015872
464915232
112520128
624799808
108278480
786956544
178527872
1533970944
224469088
456994688
773549504
15372
336620
1802
35756
187
10447
3165
3913
79851
48478
259
364264896
156252512
6209
563
648382720
293509696
4339064
1490121
10447
894
1591870336
459099136
8995193
2064166
364264896
18313238
4482614
648382656
4339064
30998598
7112252
1591870464
8995193
18313240
30998598
11896
260495
351672
35756
47246
10447
3066
986864
77348
37515
50646
281888640
117126800
1211727
142124
648382656
284309536
1094151296
363975328
10119
174507
1231878656
344140416
1755302784
390171168
273052800
4617920512
1094918144
628058944
1059854848
6048999424
1344366464
1193265024
1700282112
4473169920
5859392000
13375
29517
9976
13217
3223
23115
3143
3223
132744
29357
75798
131200
133491
29603
76005
132299
9705
29633
5665
9633
9709
27152
5188
8825
351672
22818
82603
328064
4047456256
351672
734676736
4047456256
215195
29511
79207
213461
167197
23115
79851
167197
76236
75269
21493
74823
9273
65321
2714
8639
75091
75759
21643
74761
241375
20320
1883873280
1892
5708
11413
1892
3644
5513
21235
3520
336620
454441
106743
986864
248281
328064
1565830
336620
454441
986864
1565830
259941
280978
82603
786805
247752
262116
966084
259941
280978
786805
966084
4016
9710
29730
502
3016
5681
1320
3997
9664
500
1314
13591
9710
29027
1700
9968
5546
4468
13208
9435
1652
4342
10518
7514
22539
1700
10003
5565
3458
10256
7327
1658
3372
49820
454441
153117
10066
212101
496831040
1194770688
1655036672
80799
351672
320898
21502
343990
821269632
2552121856
2735802368
152507
33721
10219
79849
3531742464
1212901120
33721
3531742208
1700
38889
5645
33852
10145
78973
17496
1681
38461
33480
17304
132210
9710
29316
17837
74547
5602
59500
129761
9530
17506
58398
103302
7514
23058
18010
76503
5694
46490
103051
7495
17966
46377
39956
9580
27927
5463
22045
5408
17982
37862
9078
5177
17039
143
30315
4284
3906
586
78106
2714
143
30315
3906
2714
1392
30992
4284
38889
5708
79851
27018
1392
30992
38889
27018
11122
260495
350884
82603
33912
41267
8849
984653
248281
327329
45924
55859
11122
1209012
260495
350884
169393
33912
41267
984653
246782
45924
55859
1209012
169393
246782
11841
260495
351672
82603
36104
44034
9421
986864
248281
328064
48893
59604
11841
1211727
260495
351672
180750
36104
44034
986864
263327
48893
59604
1211727
180750
263327
14882
306318
454441
106743
31954
42827
9162
898029
225931
328064
55918
74912
14882
1424878
306318
454441
159972
31954
42827
898029
301163
55918
74912
1424878
159972
301163
14882
336620
454441
106743
35115
42827
9162
986864
248281
328064
61449
74912
14882
1565830
336620
454441
175797
35115
42827
986864
330955
61449
74912
1565830
175797
330955
133491
216057
29316
364419
75269
78371
1486787
131018
212054
357668
1459245
40496
214474
27867
109741
21704
73950
447733
37780
200092
102382
417710
131625
209185
29259
357828
76187
77893
1439497
130763
207815
355486
1430073
6326
10364
1423
360019
75281
79342
70465
6286
10298
357725
70016
115861
788483
122317
9984
367949
925634688
946792960
2848162304
108507
933317
149717
9625
428606
849235776
1135285632
3250145792
7739
17386
83448
9611
32038
79054
7662
36808
82616
31718
36441
75680
76408
364419
21659
71737
79557
75402
359923
363081
71474
358602
3341
22778
110082
3097
10396
77847
3271
15824
107778
10178
15492
39674
76573
363867
11413
37664
79851
39674
188686
363867
37664
188686
11021
76690
364419
3165
10447
79851
11021
52416
364419
10447
52416
18010
75895
364419
5648
38889
79023
17823
268610
360641
38485
265825
2549
10000
51357
5257
38714
73223
2348
37855
47307
35661
34869
18010
76690
364419
5708
38889
79851
18010
268610
364419
38889
268610
11896
11517
260495
280978
1319
35756
37748
35115
34218
788483
1658
37515
40465
47553
46317
968143
5057
4927
113554
140458
6848
6670
139428
204627
20228
29469
13092
14882
331052
454398
1123
29948
40233
34534
42823
970448
1825
40604
55732
60433
74905
1539784
4235
5252
119027
172872
7412
9187
188856
325450
21203
39916
49195
16221
336620
363088
4602
114428
120804
38273
37295
788483
7475
155141
167340
66976
65235
1251064
17639
17188
363396
153089
30867
30065
576591
288205
70555
132828
106327
9614
335838
29316
6358
246740
25146
9576
334531
940212032
41552
101182592
3781830144
25048
41391
100788752
3767109888
398637920
397086272
650
6365
2
1347
35426
9
9630
95
71696
28
2963
1
612
15
5987
2
44
33321
8
89
7
2787
1
14
41
6
13468
40496
48
27935
10735
8
9507
27
21758
26
18719
22
12596
91
37874
45
12
10040
7
25
42
17507
20
85
11
39
133491
211660
51
28509
357002
95
73196
202
74662
28
1456530
319
127409
980
202018
49
1398
340739
91
193
9101
1390178
304
936
1335
8686
3039
100977
167197
11577
10089
9783
1485
356216
37547
39995
13613
22472
1522
1124663
50577
83745
47983
5053
4900
178422
151663
6818
11255
563321
24033
75965
216
103302
167197
23115
736
698
211
364419
76690
79851
993
1603
216
1150559
103302
167197
3502
736
698
364419
11069
993
1603
1150559
3502
11069
4101
130517
211243
28663
11021
10447
3107
364419
75269
78371
18788
30317
4025
1453665
128099
207330
52416
10817
10253
357668
209319
18440
29755
1426737
51445
205442
9148
14815
842
3051
10068
79851
1269
150590336
351064896
8323136
29384352
10068
11843630
46835288
351064896
29384352
46835288
592
21866
3624
71911
5708
79578
38756
4671310
1701966
20318304
3624
71911
37167
38756
1701966
20318304
13736482
37167
13736482
104224
9481
454441
6146
320323
69404
21464
53208
78243
9257
443719
2419931648
1059369920
84113
51952
209927024
60683976
7268806656
2547554816
69404
82129
334599616
86351896
15068760064
3528958208
2419931648
1907978496
492320448
209927024
7268806656
2848085504
735247936
334599616
15068760064
1907978496
2848085504
11896
7440
260495
348426
165122
23115
919
35756
46810
25205
53456
977755
78859
1071
37515
50178
252093856
107179200
32230
65396
343558528
79778624
1200543
7032892416
2988769280
11761739776
4062179584
165122
3629
7698
140812
215610
4641
9418
49477868
11489386
172897
1012847936
430430080
1693876736
585018176
252093856
284563
1357235328
315042368
2878548736
668275904
343558528
49211170816
12220009472
7032892416
11761739776
31051
40981
195463376
45371092
414556608
96242304
49477868
7087187968
1759874944
1012847936
1693876736
11614594048
2695463936
1357235328
2878548736
49211170816
1672685568
388189504
195463392
414556608
7087187968
11614594048
1672685568
105834
9614
336620
454441
216057
29870
6328
246167
325271
25205
53954
986864
79851
9532
333754
450572
2270922496
953513792
41649
85294
449535584
103092320
1565830
9202319360
3862176768
15533238272
5298170880
216057
24990
53495
978462
217619
41295
84568
445708640
102214680
1552499
9123979264
3829297664
15401000960
5253066752
2270922752
371147
1775899904
407107136
3801578496
871610880
449535584
64991141888
15938168832
9202319360
15533238272
215766
367988
1760781440
403641408
3769216000
864190784
445708640
64437862400
15802484736
9123981312
15401001984
15338909696
3515607296
1775899776
3801578496
64991141888
15208327168
3485678592
1760781312
3769215488
64437866496
15338909696
15208327168
38547
7924
260495
351346
167197
23115
3172
115861
152950
26845
57413
985949
79851
3697
121561
163957
827124608
347292640
34328
70236
370518912
84971368
1210604
7121271808
2988769280
12009352192
4096223232
167197
12527
26792
460097
231568
16019
32776
172904256
39652256
564933
3323172352
1394722048
5604215808
1911520000
827124544
305626
1463742976
335548288
3130456576
717738624
370518912
50247188480
12322420736
7121271808
12009353216
108062
142621
683061952
156585056
1460841088
334935872
172904240
23448068096
5750310912
3323172352
5604215808
12631013376
2894970112
1463742976
3130456576
50247188480
5894317056
1350950272
683061952
1460841216
23448068096
12631013376
5894317056
15300
9569
335032
361376
205200
29729
919
35756
37748
25205
43108
788483
76198
1378
48249
52043
313282304
137847008
41453
67827
426947392
102606144
1245164
8739923968
3843963392
11787108352
4213160448
205200
3629
6208
113554
173872
5969
9768
61487192
14776911
179323
1258687360
553591616
1697530112
606761920
313282336
295140
1686664960
405187264
2884757504
693114048
426947392
49317310464
12674197504
8739922944
11787108352
25040
42504
242906448
58353384
415450752
99819400
61487184
7102473728
1825285120
1258687360
1697530368
11639645184
2795647744
1686664960
2884757504
49317310464
1676293376
402617536
242906448
415450752
7102473728
11639646208
1676293376
49812
336620
454441
115861
153092
33852
10139
986864
78922
157085
212066
1180327168
500416320
1565830
460524
2100953856
939997824
3545377280
1203392384
33458
730701
5158135808
1470316672
7349821952
1666979712
1166599424
14963441664
3620070144
2076518784
3504142848
25328437248
5743714304
5098144256
7264339968
14789408768
25033859072
49812
15570
77082
454019
4473
26531
152950
10258
8412
44766
225773
7266
35971
211870
506304832
14722
78303
358228
3925
20890
39183600
105358
217783680
1216424960
42078
6870
36540
64908916
167168
340650816
1685032832
79216
19636
34716544
182714528
837939904
36966
61978544
307325376
1329501184
172246192
310564736
106308
15576
325712
454441
9551
239259
326729
21893
35561
44824
954887
15513
324388
452593
1080555776
62231
78405
1515093
35417
44642
83657024
951004
1963981568
2598502400
178033
61978
78086
138580592
1508932
3072001792
3599532544
335164
177309
313192608
390457536
7563582464
333801
559134592
656748608
12000612352
1555346944
2804334336
