788
197663
12960
16486
12386
53632
30240
82
4834774
23162
73
3198942
439
386357
783
386239
1911
205
5
1911
4593
151
17
4381
118307
192
342
110778
15945
202
48
15773
78
156
0
61
197663
159
788
197663
197663
151
750
187952
21
7329
295091
86
783
75958
75958
86
94
15102
746
91
130405
1552
48
306245
7276
49
92
7238
61411
48
774
60274
243
0
774
239
438
42532
635538
86
1291
125309
42499
635041
61611232
125211
61563024
431
35257
72
92
35257
74272
12540
6066291
23541
49
152
29
90
0
7267
22593
47
27
6974
1604
116018
93
788
346892456
280581
116018
346892456
107
7632
5
747
22821130
18012
7338
21943352
2984
61411
49
47630
38
788
3707809
2984
61411
47630
3707809
3395
57733
47
51267
42
721
3978389
3294
56019
49745
3860295
106192
15886
201
25501
322
48
8230908
104188
15586
25020
8075559
118307
84
151
150
269
0
48611
87164
62
110
35815
2295
36639
29
61411
49
788
2852238
2295
36639
61411
2852238
65
197663
149
326
0
739
81799
61
185193
305
76638
65
197663
154
322
0
764
80785
63
191590
312
78303
42656
353564
797746
69511
156837
1299979
34275665
77336144
641015151
126024283
62142112864
12833
194415
157
63831
51
783
15836676
12833
194415
63831
15836676
19959
197663
151
98963
75
749
24796384
18963
187799
94025
23558929
64
88
112427
769
10955
13894349
109597
13544631
0
0
967
717
93
126701
879
115163
360
1420553
744
43
653643
63037
130158
114287375
7668
51
64261
93
116955
783
7615
9526956
63818
116149
9461277
1566
344
443765
2
3459
760
1509
1945878
427714
3334
1875495
8628
2
137218
1
61194
17
195
10681875
3105
1385
241767
52
37786
380160
797746
9
92
193
66207
138933
1397768
4521
45485
95449
32646765
68507484
689234567
7921
16623
167241
120035164
3906147
8196840
82466109
59188900254
14362066
7081882621
1529
16748
63
205
384
1
4
15
51
0
124602
472
1529
5170
16748
63
118
384
1
15
38466
124602
472
5170
118
38466
182
255427
16005
160
699
43
0
61411
616
38
226384
14185
142
19883990
199711
12514
54429
546
34
48016
17623123
177003
11091
15546741
42556
13779031
4336
9
36019
28
28
114025
91
239
0
762
1338
5295852
4261
11119
8
35401
35201
28
112067
235
1634899
1315
5204925
10928
34596
1606828
116
2295
36639
25
195
3126
2
61411
43
694
9098
145193
102
2852238
2021
32265
243359
172
2752
54080
11302706
8012
127860
2511739
214307
9953394
14155
35844
248263
202
7641
52924
43
134013
109
758
2470981
17114260
13978
43336091
35394
245148
9238362
7545
52260
132332
2987411840
2439976
16899510
42792309
9122439
2949925740
396
118307
252100
194
704
1500
1
448018
345
736
227990
485824
374
145059696
111850
238341
863378
665
1418
423565
279545500
215547
459308
137142494
816256
264288206
35938
205
34
43
54582
788
16770
35901
44386805
5946
7352204
54582
2932331
3642856931
44386805
7352204
3642856931
31675
7
1
1
1984
752
537
1244
1613877
181
235611
1892
89605
116740300
1538916
224667
111317973
21
92
54175
114546
358
758
444539
3738
2181192
4611803
53172
112424
65910335
436304
2140786
4526371
2653651061
64689378
2604493470
21
94
7329
116966
49
788
61411
3809
295091
4709230
7329
116966
9105335
61411
295091
4709230
368365544
9105335
368365544
21
93
38
116966
0
783
322
3782
1551
4709230
38
116140
47876
320
1540
4675996
1936910
47539
1923241
72
12014
7290
116346
85
6341
101203
74
61411
45
721
1618323
982028
15671720
11585
935273
14925590
10980
9057123
6663
106334
7878254
5795
92494
56127
126588509
2010454321
1479065
1225873730
897524
14323157
1161897514
854792
13641231
8277751
7200324
157261807762
115695471
1837453184
1120386355
1061915341
143729308589
4
1104
492
7860
5
8621
137706
103
61358
45
734
136501
60821
971472
731
85907
1372151
1027
611394
457
7314
10710489
8022
128144
57097
10668104
169577126
127024
75924036
56598
904020
106723084
79942
1276879
568943
9966831
13253062394
9927388
157802922
70652422
99313008
12332865926
440
35938
797746
72
1617
116966
91
132138
767
35938
797746
95117097
74833
65156878
132138
15755140
12395
349725199
275148
113772
65156878
7806328228
6112153
173281202784
135674702
92519865
28702197310
22473078
15324936
340175732
14152948428351
11081392798
7593171521
168549650442
27918465741
13766493260686
61
31991
637104
9
179
16271
12
94020
740
4450
88628
13226137
10045
46340921
13079
1951843
1482
38871000
29522
15278
6446566
966674103
730658
19251336115
14551088
12419285
2841010097
2147372
1832772
36499700
1400280909918
1058399860
907702783
18076920974
2667696139
1314857690842
1
1724
38270
4
95
6904
5
132138
788
101
2259
269376
217
3125795
7800
930085
752
20645600
16699
6904
184527
22107911
17795
490741020
395023
269376
1694399109
1363913
930085
20645600
40081856755
32264047
22107911
490741020
1694399109
40081856755
156
24808
3106
29
3
53714
38
593
711
11392
1426
33802408
24652
226348
272
6454085
4706
808219
589
48431
103945
2474682644
1796104
309894526
224918
30478165
59169921
42945
5819369
728736
22578392889
16387217
2231313955
279418447
53350950
20357957118
4
41945
368138
15923
205
0
8
71170
49
463
4066
87815
1133
35093849
757874256
9786118
6651566053
85888939
15923
786
387637
8371281
108094
73471461
948706
87815
634079471908
8187607721
757874256
6651566053
7003876220
90438176
8371281
73471461
634079471908
7003876220
17
33009
68464
12386
153
4
9
17393
47
1722
3573
322741
3994
6637204
599521809
7420195
1243454158
15390053
11933
907
346379
31287601
387242
64892882
803169
310957
120544527657
1491962277
577632527
1198054112
6290929074
77861924
30145252
62523563
116143298147
6061239488
431
42656
112810
63
200
84
224
22178
0
41811
110576
30993
98069
10936201
3065265
9699239
8106520
25650986
61
21739
10719689
3004580
9507216
7946029
25143153
30206
785872753
2486690805
2987427
7900667
770314226
2437459876
2928283
7744251
765916601
750753162
5
29916
42241
12361
151
1
1
9765
47
440
621
90848
1113
3718789
543350488
6656853
767186147
9399173
11789
143
54739
7998014
97987
11292832
138354
86645
67540451222
827471182
518209409
731688088
994182423
12180216
7627942
10770307
64415323180
948181141
440
35938
386357
797719
255427
72
783
1617
63996
132133
1420506
35938
386357
797719
127532149
31556207
65154692
10416340087
700446364
111980998281
231209263148
63996
132133
1420506
116021527
31556207
65154692
10416340087
700446364
111980998281
231209263148
57209790318
9146181283209
18884291688355
203015821046657
116021527
57209790318
9146181283209
18884291688355
203015821046657
16581558756760512
16581558756760512
155
25516
298985
617340
197663
30
356
736
58715
121235
1420553
11618
136131
281082
44935455
22405132
46261847
7395675501
542062932
86657186587
178928716726
26734
55200
646795
106452432
10201328
21063579
3367340710
246807824
39456067569
81468413819
40620720909
6493853721921
13408431070007
157110315739674
48469083
18495106661
2956730322446
6105021212180
71534231353025
11773419479662388
5360580614387400
12
35938
386357
634088
253805
2
23
37
63996
105030
1129127
1055
11348
18624
3722118
31556207
51789956
10350203195
556768591
111269992771
182615987898
1879
3084
33164
92222824
926875
1521186
304008462
16353530
3268246895
5363837281
45474737246
9088109062102
14915378110161
160347964500197
2708789
1335694063
266937954174
438097792539
4709775961885
13096610801952818
384676555947976
440
35938
117206
81925
255427
72
237
166
19414
13570
44256
35938
117206
81925
127532149
9573013
6691378
10416340087
21822710
33970991138
23745162377
19414
13570
44256
3614700
9573013
6691378
10416340087
21822710
33970991138
23745162377
1782395813
2774621124019
1939414392085
6325045896683
3614700
1782395813
2774621124019
1939414392085
6325045896683
516605649916124
516605649916124
340
27811
1028
617340
193715
72
2
1616
220
132138
4886
27790
1027
616884
96648709
84007
50422053
7899737928
1864762
292156551
175354667379
219
132040
4883
399141
83945
50384780
7893898384
1863383
291940587
175225043928
152306676
23862234003
14322301116372
529682648282
398846
152194090
23844594866
14311713966775
529291102999
43262460578939
43230480652085
200
35938
363084
5267
255427
33
335
4
60141
872
8814
16368
165373
2398
58086764
29655363
430189
10416340087
4346180
105235624532
1526580393
27392
397
4014
719898
13507057
195937
4744305646
1979544
47931419622
695307940
354979484
8595244855733
124685270117
1259687391247
327890
161681661
3914855732269
56790103440
573746820162
102886466608538
46861454250107
42
386357
797746
76
157
11355
9
1420553
788
37509
77449
9234446
7469
700469859
137914
16443859
13300
33953082
27462
11355
68005130
8147573091
6558420
16823010935
13541748
9234446
29956881599
24113909
16443859
33953082
14771628658475
11833321577
8147573091
16823010935
29956881599
14771628658475
67
298985
617340
154
318
23024
17
1420553
755
58855
121523
14489573
11222
542062932
279636
33341735
25824
68843615
53321
22047
106705422
12784183248
9854091
26396627828
20346610
13874846
60740878336
46819274
31927197
65922893
23177847628299
17779681451
12241808449
25276738866
58163918898
22194516882559
93
117206
637381
50
273
24760
18
344315
722
24811
134924
20134961
14909
169780693
72886
10876960
8054
59149912
43798
22667
35940204
5389296413
3971421
29307489435
21596953
18432899
15831985229
11666732
9957502
54149813
7806693963388
5725168860
4933724821
26830049228
14493665315
7146773312372
13
386357
81925
24
5
3580
2
145885
770
11902
2523
2911282
2329
71935753
4494
5184145
4147
1099279
879
3518
2216195
2568631076
2045158
544668853
433668
2860890
969896555
772237
5094411
1080251
478252441411
378956839
2524169842
535241011
953108314
469974221201
29
386357
3163
52
0
7804
6
5633
788
25777
211
6346254
5133
2777846
375
11300830
9140
92534
74
7804
185339
5599314991
4507190
45848920
36906
6346254
81643570
65719
11300830
92534
40258145764
32250172
5599314991
45848920
81643570
40258145764
21
298985
617340
50
103
7518
5
1420553
764
19217
39680
4731244
3706
542062932
91309
10886993
8529
22479333
17612
7282
34842255
4174387538
3254863
8619225187
6720602
4582941
19833567828
15464675
10545736
21774709
7568204900003
5872730659
4043539643
8349052027
19211876484
7330976403292
13836
203
42
13679
1544
159
6
1544
117492
200
357
115089
118307
203
361
117134
16005
203
48
15838
16005
186
44
14552
617340
157
340
1617
142182804
617340
78423
142182804
254096
202
782
252048
197663
159
788
197663
53943
357
91
52756
6571
312
11
6141
53098
360
92
52865
760
86
126482
3773
49
48
3773
7329
47
90
7066
386357
797746
440
1420553
783
1617
700469859
386357
797746
1420553
700469859
296740
490355
338
1133101
782
1292
429844957
296740
490355
1133101
429844957
877
16005
204
211
2
49
68327
872
15916
209
67946
14205
15991
199
3412
42
48
1104853
13809
15545
3317
1074057
11008
12386
155
3420
42
48
856985
10734
12077
3335
835648
199
797746
735
41
362519
34286
126062
62160938
324
617340
1540
89
587968
56703
269413
102804438
752
54374
43
788
162577204
131499
54374
162577204
3410
61411
48
54421
43
780
4236524
3372
60737
53824
4189983
117241
16005
199
28188
351
48
9126817
113894
15548
27383
8866224
91552
12386
158
28444
364
49
7127018
91330
12356
28375
7109698
35449
15809
186
8628
101
45
2759602
32524
14504
7916
2531881
234
35676
29
6176
5
772
285200
234
35676
6176
285200
2295
36639
29
61411
49
788
2852238
2295
36639
61411
2852238
29269
298985
615220
340
67351
138588
76
1415673
783
1612
25700270
52883312
29269
540200775
298985
615220
121688984
67351
138588
1415673
46434770239
25700270
52883312
540200775
121688984
46434770239
31163
298985
617340
340
71709
148064
81
1420553
783
1617
27363321
56499457
31163
542062932
298985
617340
130010040
71709
148064
1420553
49609966140
27363321
56499457
542062932
130010040
49609966140
38745
351888
797048
440
62839
142334
78
1292686
713
1616
30985684
70184441
38745
637418951
351888
797048
113828060
62839
142334
1292686
56128200012
30985684
70184441
637418951
113828060
56128200012
37067
386357
797719
440
66006
136284
75
1420506
783
1617
32547493
67201419
37067
700446364
386357
797719
119666150
66006
136284
1420506
59006940895
32547493
67201419
700446364
119666150
59006940895
118307
255427
198
453930
353
762
146973919
114376
246940
438848
142090672
34356
253242
189
130693
97
720
42316204
31667
233424
120466
39004733
116763
247275
200
445255
361
764
142283545
115408
244408
440091
140633447
5593
12253
9
447393
357
783
6949301
5558
12175
444542
6905011
365
1134991
603
42
529648
62221
102648
90131730
160
1344324
343
18
288090
26199
56270
47127505
5478
82
103901
41
51635
780
5424
6803645
102865
51121
6735819
53574
363
453930
92
115668
785
53332
66556354
451881
115146
66255959
1010
100
128727
5
7617
759
977
1249233
124566
7371
1208848
28070
364
452993
48
60730
788
28070
34872203
452993
60730
34872203
3628
365
453930
6
7833
788
3628
4507679
453930
7833
4507679
28444
359
453930
48
61411
775
27965
35336660
446284
60377
34741427
4026
43
63886
41
61053
661
3398
4973279
53917
51526
4197230
28444
365
453930
49
61411
788
28444
35336660
453930
61411
35336660
48
27760
298985
493241
10
112
185
63878
105381
1134991
3977
42840
70674
24375057
40212037
433096503
9152
15099
162628
92531307
3492609
5761830
62056751
35308619325
13258459
5059237858
52
37786
380160
797746
9
92
193
66207
138933
1397768
4521
45485
95449
32646765
68507484
689234567
7921
16623
167241
120035164
3906147
8196840
82466109
59188900254
14362066
7081882621
93
42656
386357
637381
18
167
275
75958
125309
1134991
9095
82385
135913
37454763
61789899
559660196
16197
26720
242022
110029809
7986752
13175911
119340428
54255296460
23462459
11569252900
438
32973
384862
198
66
777
58488
32844
383364
98852
28840563
7436714
86800920
58261
28728309
7407768
86463070
6504624775
6479307214
668
5647
4
9
24628
17
40
150
340
0
382548
276
626
2337
5295
3
10191
23091
16
141
158310
358670
259
2191
9555
148429
6578
34800
80
192
3438
7
19
41
100
0
1113474
2568
6152
13586
32547
75
1342
3216
7
39
434720
1041377
2402
12707
1255
406572
118307
250369
84
188
444942
150
335
319
710
0
144063930
48835
108731
103348
230105
78
183664
408929
138
293
59467088
132403475
44882
94983
168798
54653855
3153
89692
197663
79
7094
15635
6
444706
179
394
1777632
3917546
1578
111425454
44893
98937
8813728
3551
7825
222589
2208365852
889763
1960859
55772076
4411559
1105359195
48
91552
197663
159
111
240
0
453930
365
788
27861
60152
48
113736675
91552
197663
138138
111
240
453930
34612044
27861
60152
113736675
138138
34612044
923
115552
249479
195
1680
3628
2
453930
356
769
531449
1147407
900
143551377
112669
243254
2087722
1638
3537
442604
660223352
518189
1118780
139969767
2035633
643750762
28836
27
3
5
7205
788
1776
4739
5859792
629
778792
7205
310611
385874563
5859792
778792
385874563
21
93
7290
115996
49
786
61227
3788
293529
4670216
7290
115996
9029901
61227
293529
4670216
365313824
9029901
365313824
429
32523
797746
64
1579
111744
91
119581
771
31756
778924
90871339
75119
58965151
116760
13621526
11260
334114458
276198
111744
57573979
6749168907
5552439
165546419257
136192548
90871339
24815248860
20415131
13621526
334114458
12236308376258
10066626795
6749168907
165546419257
24815248860
12236308376258
10
24528
298985
610805
195193
159
1
24
49
56441
115306
1405515
779
756
9224
18845
3006963
2451
21537342
43999272
7020375260
5722601
536324474
85574121870
69755042
174821893273
142504630
195193
1741
3557
43365
101246055
664511
1357550
216606103
176564
16547712
2640297191
2152216
5393940876
4396826
3006963
38634041869
6164317243191
5024792569
12593265202575
10265296693
7020375260
153504274511287
125127748537
85574121870
174821893273
3123837
1192011674
190193356962
155034552
388551609123
316724652
216606103
4736208752002
3860681662
2640297191
5393940876
11057654178511678
9013555979945
6164317243191
12593265202575
153504274511287
341171987969832
278103543727
190193356962
388551609123
4736208752002
11057654178511680
341171987969832
434
32973
386357
797746
255427
205
66
774
1598
58715
121235
1420553
788
32581
381762
788258
126015450
101436
28952578
59780936
9556912221
7692874
700469859
111980998281
90139544
231217018570
186119046
255427
58017
119793
1403659
106452432
28608255
59069980
9443254900
7601385
692139394
110649243849
89067543
228467228033
183905592
126015450
52491304933
8391551250580
6754812125
17326774105493
13947254842
9556912221
203022630779908
163423863730
111980998281
231217018570
105186427
51867042522
8291753197827
6674479290
17120712286338
13781384572
9443254900
200608147138961
161480315644
110649243849
228467228033
15213963416616498
12246539583563
8391551250580
17326774105493
203022630779908
15033028583675568
12100895379421
8291753197827
17120712286338
200608147138961
15213963416616498
15033028583675568
73
27132
298985
615927
197663
159
15
169
350
62433
128617
1417301
788
5885
64855
133606
21408035
17232
23823875
49078644
7863986293
6330146
540822062
86657186587
69755042
178519119758
143699666
197663
13543
27899
307439
112934122
5167842
10646073
1705845270
1373126
117314390
18797559705
15131169
38724125999
31171137
21408035
43094040621
6905059132555
5558254458
14224845356428
11450345117
7863986293
156750664644216
126177062922
86657186587
178519119758
24497517
9347901004
1497836087500
1205689039
3085634214704
2483793375
1705845270
34002142159333
27370157826
18797559705
38724125999
12490280968753162
10054100703738
6905059132555
14224845356428
156750664644216
2709374853838863
2180921925841
1497836087500
3085634214704
34002142159333
12490280968753160
2709374853838863
28
32846
384872
634931
243136
204
4
51
85
58715
96864
1134991
753
2172
25453
41991
8028637
6763
28841288
47580071
9097049480
7663303
557508929
106592658662
89793055
175848117854
148133464
243136
3883
6406
75064
85053180
1907452
3146764
601644208
506821
36871517
7049632504
5938570
11629924828
9796983
8028637
41778201874
7987763744104
6728847193
13177579374500
11100718653
9097049480
154405362223425
130070207584
106592658662
175848117854
5625093
2763051167
528280274048
445020327
871514915347
734159256
601644208
10211782631920
8602348180
7049632504
11629924828
11570717624791446
9747107365211
7987763744104
13177579374500
154405362223425
765243198670335
644636560999
528280274048
871514915347
10211782631920
11570717624791446
765243198670335
205
386357
797746
365
754
54582
43
1420553
779
180295
372271
44386805
35484
700469859
662907
79039970
63187
163200779
130468
53947
326877283
39162580366
31157429
80862424971
64333486
43870561
143992422042
114559197
78120690
161302661
71002136220572
56217171280
38707097194
79921948796
142317707953
70176340833946
95
40877
88472
795920
17
38
349
20
16668
149952
324548
8862
19181
172561
16680
8219104
73941252
160033904
3613
32510
3142
70364
6801
61188
30150709
1781962
16031006
1549578
34696524
3353813
30171797
14867204546
6536895
631865
5684427
12303025
3223319052
310072648
2789496057
6037413898
1137460925
563587053567
437
40984
373707
797746
82
752
1606
93
70592
150692
1374041
40710
371201
792396
76418
34808906
74305950
677534948
70119
149682
14435
1364827
131624
280975
127984895
34575481
73807661
7118017
672991462
64903352
138548026
63108883380
127126640
12260103
26171424
238635729
62685681124
6016350887
12842996681
117104741482
22120833919
10960390841538
