788
197663
12960
16511
0
6274
4295
0
55541
3280
2
36646
13
11562
23
11538
0
205
0
0
546
151
2
521
118307
195
346
112335
0
203
0
0
0
156
0
0
197663
159
788
197663
197663
152
754
189150
0
0
0
2
23
2283
2283
2
13
172
22
13
1475
0
0
109
0
0
12
0
0
0
774
0
0
0
774
0
13
1288
333
2
0
65
1286
332
32233
65
32205
13
1067
2
13
1067
850
144
69414
3356
0
153
0
12
0
0
3239
0
0
0
0
16188
13
788
67754
54
16188
67754
0
0
0
750
0
0
0
0
0
0
0
11429
9
788
0
0
0
11429
0
0
0
0
5926
4
722
0
0
0
5755
0
106091
0
202
0
324
0
0
104705
0
0
0
118307
0
192
0
342
0
0
110833
0
0
0
0
36639
29
0
0
788
0
0
36639
0
0
0
197663
149
0
0
739
0
0
185237
0
0
0
197663
154
0
0
764
0
0
191590
0
0
1289
10583
417
2090
82
676
1024068
40391
331479
65468
32074774
12817
194127
157
63819
51
783
15813223
12817
194127
63819
15813223
19999
197663
151
99161
76
753
24845950
19100
188778
94704
23729082
1
10
13657
768
107
136599
13305
133079
0
0
0
715
0
0
0
0
10
739
0
5
325
685
24
21473
1094
51
64261
13
16692
783
1086
1359741
63818
16577
1350367
0
351
444074
0
0
774
0
0
436090
0
0
0
2
137192
0
0
17
0
0
3115
0
0
0
1143
11380
416
0
0
0
1992
72
726
0
0
0
976127
35749
355908
0
0
0
62309
0
0
0
30527095
0
0
0
16748
0
205
0
0
0
0
51
0
0
0
0
0
16748
0
0
0
0
0
0
0
0
0
0
0
182
255427
0
160
699
0
0
0
616
0
226384
0
142
0
199711
0
0
546
0
0
0
177003
0
0
0
0
611
0
36045
29
0
16087
12
0
0
763
0
747158
601
0
0
35450
0
0
15821
0
0
0
734828
0
0
0
0
0
36639
26
0
0
0
0
0
705
0
0
0
0
0
32744
0
0
0
0
0
0
0
0
0
0
2020
35840
248363
202
1090
7557
6
134084
109
758
352623
2443595
1994
43353477
35390
245246
1319231
1076
7462
132402
426546465
348199
2412933
42809477
1302678
421194152
0
118307
252042
195
0
0
0
447915
346
738
0
0
0
145026561
112211
239055
0
0
0
424836
0
0
0
137553782
0
0
1087
6
1
6
7792
788
507
410
510134
68
84943
7792
33498
41615846
510134
84943
41615846
959
0
0
0
0
753
0
0
0
0
0
0
0
0
0
0
0
0
13
7733
16343
358
757
444311
43
25230
53319
7590
16041
9404308
436081
24763
52331
30680043
9230098
30111712
0
13
0
16697
0
788
0
43
0
54473
0
16697
0
0
0
54473
0
0
0
0
13
0
16697
0
784
0
43
0
54473
0
16599
0
0
0
54152
0
0
0
2
1668
0
16153
11
0
101214
74
0
0
720
18186
0
176098
129
0
2072536
1522
0
0
14746
0
0
92397
0
0
22593426
16602
0
0
160756
0
0
1891982
0
0
0
0
20625150
0
0
0
0
0
0
0
0
0
137706
105
0
0
748
0
0
0
0
0
0
0
0
0
0
0
0
130675
0
0
0
0
0
0
0
0
0
0
0
0
0
0
0
0
0
0
13
1087
417
2
0
16697
13
69
768
1087
417
1093174
857
34052
69
182026
142
69886
54
16263
34052
89179170
69917
34239223
26843
1064726
5701244
4469
177289
68068
2793173617
2189865
86858436
33348206
5552879
2720486087
0
968
332
0
0
0
0
49
740
0
0
0
0
24198
0
0
0
0
0
0
0
0
0
0
0
0
0
0
0
0
0
0
0
0
0
0
0
52
20
0
0
0
0
69
788
0
0
0
0
1633
0
0
0
0
0
0
0
0
0
0
0
0
0
0
0
0
0
0
0
0
0
0
3
749
0
0
0
6283
4
0
710
281
0
318322
230
0
0
60997
44
0
0
5660
0
23126003
16770
0
0
286774
0
0
54952
0
0
0
20834053
0
0
0
0
1268
11003
0
205
0
0
2137
0
0
0
0
0
1047416
0
297934
0
2583923
0
0
0
0
0
0
0
0
0
245973423
0
0
0
0
0
0
0
0
0
997
2048
0
153
0
0
522
0
0
0
0
0
198258
0
225795
0
463585
0
0
0
0
0
0
0
0
0
44857723
0
0
0
0
0
0
0
0
12
1289
3375
0
200
2
6
666
0
1194
3126
0
2819
326625
0
294598
0
771120
0
617
302528
0
272864
0
714230
0
0
74615585
0
0
0
69110824
0
0
0
0
0
903
1264
0
153
0
0
293
0
12
16
0
31
110985
0
204505
0
286146
0
3
1485
0
2737
0
3829
0
0
25116955
0
0
0
336181
0
0
0
0
13
1087
11562
417
255427
2
23
0
1925
69
739
1087
11562
417
3888137
943238
34049
317187233
362113
3373221328
121769661
1925
69
739
60296
943238
34049
317187233
362113
3373221328
121769661
29540560
275181268037
9933747738
105643374676
60296
29540560
275181268037
9933747738
105643374676
8618194589953
8618194589953
4
771
8947
323
197663
0
10
0
1766
63
739
347
4027
145
1354279
669705
24177
225205195
280247
2610388217
94240251
795
28
332
55326
301432
10882
101364266
126138
1174928873
42417289
20975798
195380660647
7053633799
81759759303
24902
9441151
87940321659
3174822027
36799852698
6119501949222
2754371737842
0
1087
11562
332
254550
0
0
0
1925
55
588
0
0
0
0
943238
27109
316098836
288302
3361646454
96616088
0
0
0
48005
0
0
0
0
0
0
23519164
274237010822
7881765020
83820958323
0
0
0
0
0
6837961507336
0
13
1087
3507
42
255427
2
7
0
584
7
23
1087
3507
42
3888137
286144
3497
317187233
11282
1023313557
12506376
584
7
23
1878
286144
3497
317187233
11282
1023313557
12506376
920396
83480061014
1020247438
3291535488
1878
920396
83480061014
1020247438
3291535488
268517485601
268517485601
10
841
30
323
193455
2
0
0
6
69
2
838
30
321
2934127
2511
26351
240231606
964
8788870
92233910
6
69
2
207
2501
26256
239360788
960
8757012
91899570
78648
716980121
7524274824
275275518
206
78363
714381130
7496999979
274277668
22456476689
22375073904
5
1087
10861
2
255427
0
9
0
1808
0
4
444
4437
1
1588607
886047
224
317187233
2246
3168694401
804037
738
0
1
373
362019
91
129595731
917
1294658883
328511
183227
258496332905
65591879
655261624
152
74862
105615919753
26799400
267725496
53455052946
21840559666
1
11562
417
1
0
1320
1
739
788
914
33
86456
69
362144
58
153098
123
5527
4
1320
28641
75006538
60376
2707886
2179
86456
4795185
3859
153098
5527
2349273753
1891057
75006538
2707886
4795185
2349273753
1
8947
323
3
0
2708
2
739
765
1451
52
137238
107
280247
119
314045
245
11337
8
2627
45464
119064002
92955
4298449
3355
133107
9836180
7679
304590
10996
3729194038
2911458
115479532
4169042
9540058
3616925132
2
3507
333
1
0
3411
2
179
736
716
68
223353
167
87776
36
119986
90
11408
8
3186
17934
58784144
44189
5589366
4201
208585
3002627
2257
112052
10654
1471057559
1105838
54897343
5219798
2804093
1373791419
0
11562
42
0
0
0
0
75
771
0
0
0
0
37190
0
0
0
0
0
0
0
0
0
0
0
0
0
0
0
0
0
0
0
0
0
0
0
11562
0
0
0
0
0
0
788
0
0
0
0
0
0
0
0
0
0
0
0
0
0
0
0
0
0
0
0
0
0
0
0
0
0
0
0
8947
323
0
0
0
0
739
764
0
0
0
0
280247
0
0
0
0
0
0
0
0
0
0
0
0
0
0
0
0
0
0
0
0
0
0
1621
203
4
1603
0
159
0
0
117575
200
358
115381
118307
203
362
117243
0
203
0
0
0
187
0
0
323
157
10
0
74886
323
2390
74886
254306
203
782
252256
197663
159
788
197663
7694
358
13
7549
0
311
0
0
7583
361
13
7549
22
12
1439
0
0
6
0
0
0
12
0
11562
417
13
739
23
0
362144
11562
417
739
362144
8881
256
10
589
23
0
222260
8881
256
589
222260
0
0
204
0
0
0
0
0
0
0
0
1638
0
199
0
4
0
0
1590
0
0
0
1571
0
155
0
6
0
0
1532
0
0
0
5
417
0
5
183
379
24
11876
9
323
0
11
282
594
49
18634
0
6291
5
788
26333
21
6291
26333
0
0
0
7643
6
780
0
0
0
7559
0
117239
0
201
0
354
0
0
114730
0
0
0
91552
0
158
0
364
0
0
91330
0
0
0
35414
0
186
0
101
0
0
32538
0
0
0
0
35604
29
0
0
770
0
0
35604
0
0
0
36639
29
0
0
788
0
0
36639
0
0
884
8947
322
10
2023
72
2
737
23
0
767065
27637
884
279692
8947
322
63243
2023
72
737
23977587
767065
27637
279692
63243
23977587
942
8947
323
10
2156
77
2
739
23
0
817755
29522
942
280247
8947
323
67556
2156
77
739
25612866
817755
29522
280247
67556
25612866
1171
10530
417
13
1889
74
2
673
21
0
925919
36704
1171
329810
10530
417
59194
1889
74
673
29000657
925919
36704
329810
59194
29000657
1120
11562
417
13
1984
71
2
739
23
0
972314
35099
1120
362113
11562
417
62154
1984
71
739
30451172
972314
35099
362113
62154
30451172
118307
255427
200
453930
356
769
146973919
115440
249238
442932
143413015
34340
253421
189
130726
97
722
42326594
31683
233813
120611
39051634
116607
247274
200
445846
362
768
142282821
115615
245171
442054
141072601
5596
12253
9
447610
358
783
6952673
5560
12175
444757
6908361
11
590
0
6
275
711
20
17812
3
699
0
2
122
243
9
7589
782
82
103945
5
7376
781
774
971988
102909
7303
962298
7638
364
453930
13
16492
785
7610
9489762
452230
16430
9454227
0
100
128700
0
0
760
0
0
124641
0
0
4007
364
453009
6
8669
788
4007
4978410
453009
8669
4978410
0
365
453930
0
0
788
0
0
453930
0
0
0
360
453930
0
0
779
0
0
448308
0
0
0
44
63942
0
0
679
0
0
55387
0
0
0
365
453930
0
0
788
0
0
453930
0
0
0
837
8947
258
0
0
0
1915
55
590
0
0
0
726172
20946
223911
0
0
0
47931
0
0
0
18172261
0
0
0
1143
11380
416
0
0
0
1992
72
726
0
0
0
976127
35749
355908
0
0
0
62309
0
0
0
30527095
0
0
2
1289
11562
333
0
4
0
2283
65
590
222
1995
57
1118805
32271
289345
394
11
101
57147
193098
5569
49939
27997821
9863
4832244
13
997
11549
200
1
23
1764
974
11278
2983
864457
228701
2647986
1723
844164
223332
2585827
198194780
193542318
77
5646
0
9
2845
0
4
0
340
0
44195
0
72
0
5288
0
0
2664
0
0
0
41394
0
0
0
0
765
34824
0
192
400
0
2
0
100
0
129577
0
715
0
32569
0
0
374
0
0
0
121187
0
0
0
0
118307
250226
0
193
444686
0
343
0
726
0
143981105
0
111261
0
235324
0
0
418205
0
0
0
135406793
0
0
0
0
0
89308
197663
79
0
0
0
442801
178
395
0
0
0
110948286
44732
99005
0
0
0
221790
0
0
0
55571738
0
0
0
91552
197663
159
0
0
0
453930
365
788
0
0
0
113736675
91552
197663
0
0
0
453930
0
0
0
113736675
0
0
0
115533
249438
196
0
0
0
453930
358
773
0
0
0
143527764
113261
244532
0
0
0
445003
0
0
0
140705229
0
0
872
0
0
0
0
788
0
0
0
0
0
0
0
0
0
0
0
0
13
0
16094
0
785
0
42
0
52505
0
16094
0
0
0
52505
0
0
0
12
984
417
1
0
15153
12
62
772
912
386
992099
815
30841
58
149617
122
63425
52
15153
28582
73301055
60252
31073477
25542
992099
4686153
3851
149617
63425
2295856474
1887172
73301055
31073477
4686153
2295856474
0
740
8947
319
195356
159
0
0
0
1695
60
731
779
0
0
0
0
0
642741
22958
213615056
173980
277275
2579920446
2101242
92152587
75054
195356
0
0
0
52535
0
0
0
0
0
0
0
0
0
0
19917765
185325435025
150940170
6619668570
5391455
213615056
79948570114
65114919
2579920446
92152587
0
0
0
0
0
0
0
0
0
0
0
5743007912186
4677450753
185325435025
6619668570
79948570114
0
0
0
0
0
5743007912186
0
13
997
11562
417
255427
205
1
23
0
1766
63
739
788
975
11309
408
3803176
3061
865413
31243
291016854
234255
362144
3373221328
2715287
121780056
98027
255427
1727
62
723
55326
846503
30560
284657690
229136
354230
3299511279
2655954
119118976
95885
3803176
27105551
252476703335
203232113
9114915480
7337087
291016854
105652393773
85045309
3373221328
121780056
54117
26513253
246959700912
198791180
8915740625
7176760
284657690
103343727252
83186938
3299511279
119118976
7907802507540
6365416675
252476703335
9114915480
105652393773
7735004918641
6226322577
246959700912
8915740625
103343727252
7907802507540
7735004918641
1
821
8947
322
197663
159
0
4
0
1879
67
738
788
143
1568
56
527365
424
712507
25707
239598347
192865
280074
2610388217
2101242
94181942
75812
197663
329
11
129
58825
124881
4505
41994594
33803
49088
457524834
368286
16507344
13287
527365
22302580
207867688616
167323912
7499797377
6036991
239598347
81709172533
65772119
2610388217
94181942
10310
3908991
36433136317
29326996
1314495494
1058108
41994594
14321232131
11527932
457524834
16507344
6506578874928
5237496210
207867688616
7499797377
81709172533
1140413292163
917980156
36433136317
1314495494
14321232131
6506578874928
1140413292163
0
993
11510
332
242750
204
0
0
0
1766
50
590
753
0
0
0
0
0
861496
24849
276573443
233194
288035
3205805518
2702996
92470556
77967
242750
0
0
0
44204
0
0
0
0
0
0
0
0
0
0
21558715
239946072357
202312170
6921176813
5835637
276573443
80224429912
67641776
3205805518
92470556
0
0
0
0
0
0
0
0
0
0
0
6004586601122
5062808224
239946072357
6921176813
80224429912
0
0
0
0
0
6004586601122
0
5
11562
417
8
0
6293
5
739
779
4358
157
412040
327
362144
278
729650
580
26341
20
6220
136499
357472834
284402
12905486
10267
407248
22853320
18181
721164
26035
11196377871
8907747
353315220
12755388
22587523
11066157603
2
1238
2647
417
0
0
0
2
502
79
169
216
463
73
154
245973
38755
82876
87
13
29
29
62
9
15715
43105
6791
14326
14523
30635
4826
7699341
2754
5809
915
1957
1349280
2846117
448432
958949
181840
89087866
13
1238
11218
417
2
22
0
13
2128
79
717
1222
11070
411
868
1042918
38804
351379
2100
78
164
707
1491
55
66674
1029161
38293
80723
346745
730957
27197
32665162
65794
138698
5160
46730
32234290
67951643
2528343
22894258
4344164
2128307947
