788
57828
3791
4828
1957
19465
3920
28
463069
2972
23
303148
42
37197
255
37177
0
59
0
0
496
44
6
473
34612
56
343
32506
2512
59
26
2485
0
45
0
0
57828
46
788
57828
57828
44
750
55028
7
1753
52948
28
255
24800
24800
28
41
5064
243
40
43575
31
26
7120
1734
26
41
1727
33170
26
774
32556
0
0
774
0
42
4097
3853
27
26
2472
3677
3456
335402
2470
335112
37
3029
22
41
3029
6846
4222
559414
3042
0
44
0
39
0
0
2919
0
0
0
31
50649
40
788
7253215
5838
50649
7253215
0
0
0
749
0
0
0
0
596
33170
26
17613
14
788
740621
596
33170
17613
740621
656
31143
25
18415
15
723
769880
637
30236
17878
747447
30941
2505
58
13768
322
26
1296563
30367
2459
13513
1272540
34612
0
44
0
271
0
9
25701
0
0
7
362
10719
8
33170
26
788
450721
362
10719
33170
450721
0
57828
43
0
0
739
16
0
54180
0
15
0
57828
45
0
0
764
16
0
56052
0
15
3700
30816
4353
21902
3094
25767
2987462
422086
3514713
2498002
340727910
3739
56674
45
63864
51
784
4616561
3739
56674
63864
4616561
5852
57828
44
99185
75
749
7270737
5556
54905
94170
6903126
19
38
49121
768
3627
4623629
47876
4506468
0
0
0
717
0
0
0
0
113
28115
14
19
12912
21179
2742
2415628
3396
51
64261
41
51795
783
3372
4219123
63818
51438
4190037
0
344
443905
0
0
761
0
0
428378
0
0
4660
2
137202
0
33049
17
105
5769035
3100
746
130350
0
3273
33051
4342
0
0
0
20826
2736
27624
0
0
0
2837522
372809
3763822
0
0
0
2371650
0
0
0
323132611
0
0
0
4899
0
60
0
0
0
0
51
0
0
0
0
1
4899
0
0
0
0
0
0
0
0
1
0
0
53
74728
2529
47
699
23
0
33170
616
20
66231
2241
41
3142144
58427
1977
29399
546
18
25935
2784873
51784
1752
2456755
22986
2177415
558
0
10540
8
0
50233
40
0
0
762
0
682562
549
2
0
10359
14
0
49368
0
190
0
670809
2
13
187
0
362
10719
7
0
0
0
33170
23
698
0
0
0
450721
321
9493
0
0
0
29377
0
0
0
399179
0
0
1831
10475
72632
59
3383
23456
19
134151
109
758
319746
2216876
1808
12678450
10344
71720
4094575
3340
23162
132468
386971085
315734
2189059
12519360
4043196
382115365
0
34612
73740
56
0
0
0
447932
345
736
0
0
0
42430861
32754
69783
0
0
0
423892
0
0
0
40153620
0
0
3097
17
10
19
24174
788
1445
3309
4110969
1996
2480106
24174
270379
335894169
4110969
2480106
335894169
2750
0
0
0
0
752
0
0
0
0
0
0
0
0
0
0
0
6
40
23993
50669
358
757
443999
1235
735485
1553183
23549
49731
29155566
435774
721860
1524411
880463581
28615475
864153466
6
41
1753
51803
26
788
33170
1259
52948
1587924
1753
51803
2178194
33170
52948
1587924
65778896
2178194
65778896
6
41
0
51803
0
784
0
1252
0
1587924
0
51522
14
0
0
1579311
437
14
434
22
5307
1738
51368
37
3426
101250
74
33170
24
720
544454
175726
5269995
3876
223148
6592973
4849
2159941
1588
46937
4257334
3131
92515
30309
22553733
666355965
497482
218306638
160566
4815331
277218671
203896
6024171
1973594
3890037
28440148618
20607932
608866765
199472449
253301905
25986502995
0
0
0
0
0
4660
137706
103
33170
24
735
0
0
0
0
0
0
0
0
0
0
5790209
4343
128324
30910
0
0
0
0
0
0
0
0
0
0
5395726
0
0
0
0
0
0
38
3119
4353
22
31
51803
40
2608
768
3119
4353
8872001
6958
355747
2608
5314530
4168
7418430
5818
50472
355747
724902748
568529
1011874954
793597
8644185
606136132
475383
5178063
7227939
82677057298
64842314
706288643
985891956
590571725
80554069891
0
2767
3458
0
0
0
0
1853
742
0
0
0
0
251794
0
0
0
0
0
0
0
0
0
0
0
0
0
0
0
0
0
0
0
0
0
0
0
149
208
0
0
0
0
2608
788
0
0
0
0
17066
0
0
0
0
0
0
0
0
0
0
0
0
0
0
0
0
0
0
0
0
0
0
11
2153
0
7
0
19492
14
0
710
810
0
2583449
1871
14
0
1784379
1292
161
0
17544
5
188348597
136455
17067
12
2325182
11788
8
1605996
145
1244297
901
169519485
15360
10609
1119906
0
3639
31950
2516
60
0
0
22403
26
0
0
0
0
3050823
39152289
934605
343749459
8205658
2516
0
0
0
0
0
0
0
32822926884
783517495
39152289
343749459
0
0
0
0
32822926884
0
0
2862
5955
1956
44
0
0
5472
25
0
0
0
0
577360
30912210
709224
64314847
1475587
1887
0
0
0
0
0
0
0
6234892396
143048305
29821188
62044905
0
0
0
0
6014836782
0
36
3700
9833
0
58
26
69
6988
0
3552
9438
2
9164
953268
265
925680
704
2459586
0
6707
914950
254
888471
676
2360720
2
68319
238440353
258
686
65573
228855972
247
658
66537
63862
0
2587
3663
1946
44
0
0
3073
25
34
49
4246
96
322586
27936920
634800
39557280
898845
1859
41
4317
373925
8496
529459
12030
4056
3483523939
79154805
26691817
37794276
46625685
1059457
357260
505862
3328268958
44547654
38
3119
33624
4353
74728
22
246
31
20142
2608
28115
3119
33624
4353
12180149
2747376
355747
995200934
3834998
10728367867
1389177931
20142
2608
28115
2297251
2747376
355747
995200934
3834998
10728367867
1389177931
313345436
876580531099
113505273496
1223598457535
2297251
313345436
876580531099
113505273496
1223598457535
99976305717698
99976305717698
13
2214
26020
3369
57828
9
111
14
18480
2392
28115
1001
11772
1524
4264548
1950656
252583
706599692
2967737
8302213139
1075023845
8361
1082
12720
2107710
882553
114278
319693382
1342720
3756246469
486382902
222477477
622378368415
80589545876
946889155654
953610
100657526
281588356029
36461867712
428409749139
70983883197484
32115889607556
0
3119
33624
3476
74337
0
0
0
20142
2082
22447
0
0
0
0
2747376
284032
989991248
3061900
10672206917
1103327321
0
0
0
1834148
0
0
0
0
0
0
250178100
871991800017
90149336928
971819072507
0
0
0
0
0
79404219657973
0
38
3119
10200
447
74728
22
74
3
6110
267
875
3119
10200
447
12180149
833454
36534
995200934
119477
3254599365
142663611
6110
267
875
71569
833454
36534
995200934
119477
3254599365
142663611
9762085
265922876213
11656586191
38120460594
71569
9762085
265922876213
11656586191
38120460594
3114700577624
3114700577624
29
2413
89
3369
56595
22
0
31
69
2608
96
2408
89
3362
9205856
7313
275297
753717343
10209
27951503
1052096580
69
2602
96
7902
7299
274736
752180997
10188
27894527
1049952029
834175
2283827674
85963437393
3187942146
7886
832475
2279172412
85788213025
3181443974
260476528585
259945583843
17
3119
31592
28
74728
10
104
0
18924
17
174
1407
14254
12
5495564
2581293
2348
995200934
23789
10079825108
9171866
8538
7
78
14250
1164654
1059
449024971
10733
4547918942
4138256
1943759
823590182203
749403773
7590285247
6429
877005
371595870964
338123685
3424662797
620177864500
279818213829
3
33624
4353
19
2
4096
3
28115
788
2658
344
701560
564
3834998
2223
4530345
3646
586618
472
4096
303255
617939806
497413
80014812
64408
701560
516697784
415917
4530345
586618
70477653565
55890505
617939806
80014812
516697784
70477653565
4
25908
3354
39
5
8376
6
28115
756
4189
542
1105409
853
2954978
4546
9264042
7152
1199567
926
8034
477822
973653491
751709
126074903
97336
1060225
1056588277
815739
8885366
1150534
111047731125
84463895
933854615
120921489
1013399375
106508565123
8
10200
3478
15
5
10926
8
6814
726
2151
733
1871277
1386
929531
1437
3665796
2716
1250154
926
10059
196056
500015174
370563
170521250
126373
1722844
334047784
247564
3375018
1150989
45564166779
33267325
460353085
156995203
307550522
41949936431
0
33624
447
0
0
0
0
2887
772
0
0
0
0
393840
0
0
0
0
0
0
0
0
0
0
0
0
0
0
0
0
0
0
0
0
0
0
0
33624
0
0
0
0
0
1
788
0
0
0
0
222
0
0
0
0
0
0
0
0
0
0
0
0
0
0
0
0
0
0
0
0
0
0
0
26020
3369
0
0
0
0
28115
764
0
0
0
0
2967737
0
0
0
0
0
0
0
0
0
0
0
0
0
0
0
0
0
0
0
0
0
0
1467
59
15
1451
0
46
0
0
34312
58
358
33666
34612
59
361
34270
2526
59
26
2505
2525
54
24
2296
3369
45
29
31
854250
3369
7489
854250
74278
59
782
73679
57828
46
788
57828
23883
357
40
23363
0
312
0
0
23545
361
41
23442
239
38
42571
892
26
21
892
1753
25
40
1692
33624
4353
38
28115
246
31
3834998
33624
4353
28115
3834998
25722
2664
29
22432
246
25
2343940
25722
2664
22432
2343940
0
2529
59
0
0
26
0
0
2518
0
0
1487
2529
58
660
15
25
62535
1444
2456
641
60740
1426
1957
45
818
18
26
59979
1390
1908
797
58486
16
4353
14
18
1938
3120
2609
355882
27
3356
30
39
3166
5193
5632
592292
12
19511
15
788
2794129
2249
19511
2794129
814
33170
26
24055
19
780
1011476
805
32806
23791
1000364
34298
2529
58
15224
351
25
1442168
33342
2458
14800
1401968
26744
1954
46
15363
364
26
1124550
26679
1949
15326
1121817
10274
2474
53
4660
101
24
432002
9411
2267
4269
395743
36
10376
8
3330
2
771
44809
36
10376
3330
44809
362
10719
8
33170
26
788
450721
362
10719
33170
450721
2541
26020
3368
29
21211
2745
24
28104
246
31
2238974
289803
2541
2966575
26020
3368
2418295
21211
2745
28104
255261033
2238974
289803
2966575
2418295
255261033
2702
26020
3369
29
22550
2919
25
28115
246
31
2380302
308216
2702
2967737
26020
3369
2571949
22550
2919
28115
271479750
2380302
308216
2967737
2571949
271479750
3364
30572
4353
38
19754
2813
24
25563
224
31
2694543
383738
3364
3486899
30572
4353
2253075
19754
2813
25563
307319792
2694543
383738
3486899
2253075
307319792
3218
33624
4353
38
20786
2691
23
28115
246
31
2835312
367134
3218
3834998
33624
4353
2370780
20786
2691
28115
323374852
2835312
367134
3834998
2370780
323374852
34473
74429
57
453930
353
763
42827044
33362
72030
439299
41446640
10048
74133
55
130736
97
721
12384173
9264
68348
120534
11417774
33854
71782
58
445789
361
765
41303680
33466
70957
440671
40829498
1639
3584
2
448309
358
783
2037264
1629
3562
445452
2024280
115
22463
11
18
10483
20945
2166
1908695
41
26578
5
6
4667
7226
973
817485
2426
82
103945
18
22882
781
2402
3014995
102912
22654
2985013
23698
363
453930
41
51166
785
23604
29441215
452129
50963
29324403
0
100
128790
0
0
760
0
0
124643
0
0
12436
364
453168
21
26896
788
12436
15450523
453168
26896
15450523
0
365
453930
0
0
788
0
0
453930
0
0
15363
359
453930
26
33170
775
15108
19086677
446394
32620
18769801
2175
44
63951
22
33010
673
1865
2688998
54848
28311
2306229
15363
365
453930
26
33170
788
15363
19086677
453930
33170
19086677
0
2404
26020
2692
0
0
0
20061
2075
22463
0
0
0
2117616
219081
2371157
0
0
0
1828152
0
0
0
192969014
0
0
0
3273
33051
4342
0
0
0
20826
2736
27624
0
0
0
2837522
372809
3763822
0
0
0
2371650
0
0
0
323132611
0
0
6
3687
33500
3465
4
42
4
23898
2472
22463
634
5765
596
3247615
335988
3052720
4113
425
3866
2177725
558974
57829
525429
295940793
374826
50936880
37
2857
33503
58
20
244
18443
2839
33300
9279
2511589
710042
8326261
18332
2496420
705753
8275974
624181178
620411396
69
1653
0
2
8814
0
14
0
340
0
40054
0
65
0
1548
0
2
8254
0
0
11
37510
0
0
2
10
694
10202
0
56
1243
0
6
0
100
0
117778
0
649
2
9541
0
0
1162
0
0
32
110152
0
2
0
30
34612
73353
0
55
445579
0
335
0
711
0
42207927
9
31813
20
67421
0
124
409547
0
0
11768
38794810
8
18
114
10816
0
26207
57828
23
0
0
0
444140
179
395
0
0
0
32557358
13122
28956
0
0
0
222390
0
0
0
16302180
0
0
0
26784
57828
46
0
0
0
453930
365
788
0
0
0
33275017
26784
57828
0
0
0
453930
0
0
0
33275017
0
0
0
33725
72814
57
0
0
0
453930
356
769
0
0
0
41897545
32898
71029
0
0
0
442801
0
0
0
40870392
0
0
2499
0
0
0
0
788
0
0
0
0
0
0
0
0
0
0
0
6
41
1738
51197
26
786
33059
1248
52505
1569353
1738
51197
2152719
33059
52505
1569353
65009576
2152719
65009576
36
2823
4353
19
30
47914
39
2361
773
2665
4109
8206075
6739
322070
2228
4450275
3655
6861608
5635
47914
303955
607018223
498561
935924401
768701
8206075
507565572
416878
4450275
6861608
69232018491
56862258
607018223
935924401
507565572
69232018491
0
2129
26020
3325
57165
46
0
0
0
17769
2270
27747
779
0
0
0
0
0
1875631
239691
671628875
546904
2928914
8206975544
6682899
1048790054
854024
57165
0
0
0
2000132
0
0
0
0
0
0
0
0
0
0
211122202
591575807285
481717215
75598960871
60679712
671628875
923782233824
741476331
8206975544
1048790054
0
0
0
0
0
0
0
0
0
0
0
66588138077193
54222387173
591575807285
75598960871
923782233824
0
0
0
0
0
66588138077193
0
37
2861
33624
4353
74728
60
20
242
31
18480
2392
28115
788
2811
33035
4277
11966795
9632
2520696
326395
913089234
734994
3834998
10728367867
8635841
1389177931
1118224
74728
18156
2351
27623
2107710
2476542
320678
897095069
722120
3767822
10540443968
8484571
1364844338
1098636
11966795
287492037
804255922722
647388962
104140218988
82629560
913089234
1223598457535
970858370
10728367867
1389177931
2070790
282456171
790168140664
636048947
102316042545
81182176
897095069
1202165244663
953852289
10540443968
1364844338
91727494682643
73836406975
804255922722
104140218988
1223598457535
90120746236937
72543048505
790168140664
102316042545
1202165244663
91727494682643
90120746236937
5
2357
26020
3368
57828
46
3
43
5
19670
2546
28111
788
413
4560
590
1652046
1329
2076282
268812
752106240
605410
2967322
8302213139
6682899
1074873761
865223
57828
3447
446
4927
2243138
363911
47115
131822259
106110
520085
1455135508
1171317
188393980
151648
1652046
236772447
662460880954
533250487
85767711181
68051980
752106240
946756960615
751199783
8302213139
1074873761
393156
41499295
116110046141
93463237
15032575038
11927524
131822259
165938846416
131663384
1455135508
188393980
75544850469326
60810123981
662460880954
85767711181
946756960615
13240806100299
10658238855
116110046141
15032575038
165938846416
75544850469326
13240806100299
0
2851
33504
3466
71049
59
0
0
0
18480
1911
22463
752
0
0
0
0
0
2511659
259848
867974184
732337
3053096
10198287305
8604625
1055082562
890207
71049
0
0
0
1684015
0
0
0
0
0
0
0
0
0
0
228876440
764518244390
645048819
79094640557
65780307
867974184
929324723196
772887587
10198287305
1055082562
0
0
0
0
0
0
0
0
0
0
0
69667159255087
58780440013
764518244390
79094640557
929324723196
0
0
0
0
0
69667159255087
0
14
33624
4353
92
12
19525
15
28115
779
12673
1641
3344044
2660
3834998
10597
21594257
17180
2796163
2224
19298
1445491
2945459846
2343383
381397046
303436
3305151
2462881596
1959448
21343104
2763642
335937410925
263308140
2911202610
376961199
2434236998
332030283477
6
3550
7699
4353
4
9
5
7
5249
2968
6437
623
1351
764
1253
716050
404845
878056
921
521
842
1130
1854
1048
598651
125712
71076
116598
154154
252886
142978
81656084
105101
172415
97481
211424
14335825
23169003
13296505
28410956
19370335
2681862004
37
3558
32623
4353
25
237
31
41
22296
2975
27278
3531
32377
4321
7087
3041256
405887
3720773
22128
2953
4772
27073
44406
5926
2543003
3018339
402828
660737
3692735
6056987
808368
346863290
2523841
4139715
552488
5064664
344249500
556284977
75358876
680577410
465148119
64400172992
