28
1139
0
0
0
0
64
0
0
47
0
0
0
0
0
0
0
32
0
0
0
24
0
0
222
31
4
215
0
32
0
0
0
24
0
0
1139
25
28
1139
1139
24
27
1094
0
0
0
0
0
0
0
0
1
0
0
1
0
0
0
0
0
0
1
0
0
0
27
0
0
0
27
0
0
0
0
0
0
0
0
0
0
0
0
0
0
0
1
0
0
0
0
50
0
24
0
1
0
0
48
0
0
0
0
55
1
28
0
0
55
0
0
0
0
27
0
0
0
0
0
0
0
20
0
28
0
0
0
20
0
0
0
0
0
0
26
0
0
0
0
0
198
0
32
0
3
0
0
196
0
0
0
222
0
24
0
3
0
0
165
0
0
0
0
206
4
0
0
28
0
0
205
0
0
0
1139
23
0
0
26
0
0
1067
0
0
0
1139
24
0
0
27
0
0
1104
0
0
0
0
0
0
0
0
0
0
0
0
0
0
1115
25
0
0
28
0
0
1115
0
0
0
1139
24
0
0
27
0
0
1089
0
0
0
1
53
27
0
0
52
0
0
0
0
26
0
0
0
0
0
0
0
0
0
0
0
0
0
0
0
1
56
28
0
0
0
56
0
0
4
188
0
0
27
0
0
185
0
0
0
0
0
0
0
0
0
0
0
0
0
0
0
0
0
0
0
0
0
0
0
0
0
0
0
0
0
0
0
0
0
0
0
0
0
0
0
0
0
0
32
0
0
0
0
0
0
0
0
0
0
0
0
0
0
0
0
0
0
0
0
0
0
0
1469
0
25
0
0
0
0
22
0
0
0
0
0
1149
0
0
0
0
0
0
0
0
0
0
0
9
0
202
4
0
55
1
0
0
27
0
399
8
0
0
199
0
0
54
0
0
0
393
0
0
0
0
0
206
4
0
0
0
0
0
25
0
0
0
0
0
185
0
0
0
0
0
0
0
0
0
0
0
0
1437
32
0
0
0
0
0
27
0
0
0
0
0
1419
0
0
0
0
0
0
0
0
0
0
0
222
1453
31
0
0
0
190
4
26
0
0
0
9858
213
1392
0
0
0
182
0
0
0
9443
0
0
0
0
0
0
0
28
0
0
0
0
0
0
0
0
0
0
0
0
0
0
0
0
27
0
0
0
0
0
0
0
0
0
0
0
0
1
8
55
4
27
188
0
0
0
8
54
376
184
0
0
0
369
0
0
1
0
56
0
28
0
0
0
0
0
56
0
0
0
0
0
0
0
0
1
0
56
0
28
0
0
0
0
0
56
0
0
0
0
0
0
0
0
0
0
56
1
0
0
0
0
0
25
0
0
0
0
0
0
0
0
0
51
0
0
0
0
0
0
0
0
0
0
0
0
0
0
0
0
0
0
0
0
0
0
0
0
0
0
0
0
0
0
0
26
0
0
0
0
0
0
0
0
0
0
0
0
0
0
0
0
0
0
0
0
0
0
0
0
0
0
0
0
0
0
0
0
0
0
0
0
56
1
0
27
0
0
0
0
0
0
0
0
0
0
55
0
0
0
0
0
0
0
0
0
0
0
0
0
0
0
0
0
0
0
0
0
0
0
0
26
0
0
0
0
0
0
0
0
0
0
0
0
0
0
0
0
0
0
0
0
0
0
0
0
0
0
0
0
0
0
0
0
0
0
0
28
0
0
0
0
0
0
0
0
0
0
0
0
0
0
0
0
0
0
0
0
0
0
0
0
0
0
0
0
0
0
0
0
0
0
0
25
0
0
0
0
0
0
0
0
0
0
0
0
0
0
0
0
0
0
0
0
0
0
0
0
0
0
0
0
0
0
0
32
0
0
0
0
0
0
0
0
0
0
0
0
0
0
0
0
0
0
0
0
0
0
0
0
0
0
0
0
0
0
0
0
0
0
0
24
0
0
0
0
0
0
0
0
0
0
0
0
0
0
0
0
0
0
0
0
0
0
0
0
0
0
0
0
0
0
0
0
0
0
0
31
0
0
0
0
0
0
0
0
0
0
0
0
0
0
0
0
0
0
0
0
0
0
0
0
0
0
0
0
0
0
0
0
0
0
0
24
0
0
0
0
0
0
0
0
0
0
0
0
0
0
0
0
0
0
0
0
0
0
0
0
0
0
0
0
0
0
0
0
0
0
0
1469
0
0
0
0
0
0
0
0
0
0
0
0
0
0
0
0
0
0
0
0
0
0
0
0
0
0
0
0
0
0
0
0
0
0
0
0
0
0
0
0
0
1139
0
0
0
0
0
0
0
0
0
0
0
0
0
0
0
0
0
0
0
0
0
0
0
0
0
0
0
0
0
0
0
0
0
0
0
0
0
0
0
0
0
1465
0
0
0
0
0
0
0
0
0
0
0
0
0
0
0
0
0
0
0
0
0
0
0
0
0
0
0
0
0
0
0
0
0
0
0
0
0
0
0
0
0
1469
0
0
0
0
0
0
0
0
0
0
0
0
0
0
0
0
0
0
0
0
0
0
0
0
0
0
0
0
0
0
0
0
0
0
0
0
0
0
0
0
0
1112
0
0
0
0
0
0
0
0
0
0
0
0
0
0
0
0
0
0
0
0
0
0
0
0
0
0
0
0
0
0
0
0
0
0
0
0
0
0
0
0
0
1469
0
0
0
0
0
0
0
0
0
0
0
0
0
0
0
0
0
0
0
0
0
0
0
0
0
0
0
0
0
0
0
0
0
0
0
0
0
0
0
0
0
0
0
0
0
28
0
0
0
0
0
0
0
0
0
0
0
0
0
0
0
0
0
0
0
0
0
0
0
0
0
0
0
0
0
0
0
0
0
0
0
27
0
0
0
0
0
0
0
0
0
0
0
0
0
0
0
0
0
0
0
0
0
0
0
0
0
0
0
0
0
0
0
0
0
0
0
26
0
0
0
0
0
0
0
0
0
0
0
0
0
0
0
0
0
0
0
0
0
0
0
0
0
0
0
0
0
0
0
0
0
0
0
27
0
0
0
0
0
0
0
0
0
0
0
0
0
0
0
0
0
0
0
0
0
0
0
0
0
0
0
0
0
0
0
0
0
0
0
28
0
0
0
0
0
0
0
0
0
0
0
0
0
0
0
0
0
0
0
0
0
0
0
0
0
0
0
0
0
0
0
0
0
0
0
27
0
0
0
0
0
0
0
0
0
0
0
0
0
0
0
0
0
0
0
0
0
0
0
0
0
0
0
0
32
0
0
0
25
0
0
220
32
4
218
222
32
4
220
0
32
0
0
0
29
0
0
0
25
0
0
0
0
0
0
1459
32
28
1448
1139
25
28
1139
8
4
1
8
0
3
0
0
8
4
1
8
0
1
0
0
0
0
0
0
0
1
0
0
0
0
0
0
0
0
0
0
0
0
0
0
0
0
0
0
0
0
0
0
0
0
0
32
0
0
0
0
0
0
0
0
0
0
31
0
0
0
0
0
0
0
0
0
0
24
0
0
0
0
0
0
0
0
0
0
0
0
0
0
0
0
0
0
0
1
0
0
0
0
0
0
0
28
0
0
0
0
0
0
0
0
0
28
0
0
0
0
0
220
0
32
0
4
0
0
216
0
0
0
172
0
25
0
4
0
0
172
0
0
0
0
0
29
0
0
0
0
0
0
0
0
0
199
4
0
0
27
0
0
199
0
0
0
206
4
0
0
28
0
0
205
0
0
0
0
0
0
0
0
0
0
0
0
0
0
0
0
0
0
0
0
0
0
0
0
0
0
0
0
0
0
0
0
0
0
0
0
0
0
0
0
0
0
0
0
0
0
0
0
0
0
0
0
0
0
0
0
0
0
0
0
0
0
0
0
0
0
0
0
0
0
0
0
0
0
0
0
0
0
0
0
0
0
0
0
0
0
0
0
0
0
0
0
0
0
0
0
0
0
0
0
0
0
0
0
0
0
221
1463
32
192
4
27
9928
217
1436
189
9744
0
1458
30
0
0
26
0
0
1358
0
0
217
1415
31
190
4
27
9602
215
1406
189
9539
10
68
1
190
4
28
455
10
67
188
452
0
0
0
0
0
0
0
0
0
0
0
0
0
0
0
0
0
0
0
0
0
28
0
0
0
0
0
8
4
192
1
55
28
8
379
191
55
377
0
0
0
0
0
27
0
0
0
0
0
0
4
192
0
0
28
0
0
192
0
0
0
4
192
0
0
28
0
0
192
0
0
0
4
192
0
0
28
0
0
190
0
0
0
0
0
0
0
25
0
0
0
0
0
0
4
192
0
0
28
0
0
192
0
0
0
0
0
0
0
0
0
0
0
0
0
0
0
0
0
0
0
0
0
0
0
0
0
0
0
0
0
0
0
0
0
0
0
0
0
0
0
0
0
0
0
0
0
0
0
0
0
0
0
0
0
0
0
0
0
0
0
0
0
0
0
0
0
0
0
0
0
0
0
0
0
0
0
0
0
0
0
0
0
0
0
32
0
0
0
0
0
0
0
0
0
0
0
0
0
0
0
0
10
0
1
0
0
0
0
4
0
0
0
0
0
9
0
0
0
0
0
0
0
0
0
0
0
0
0
0
30
0
0
0
0
0
0
0
0
0
0
0
0
0
0
0
0
0
0
0
0
0
0
222
1453
0
30
190
0
4
0
26
0
9858
0
208
0
1363
0
0
178
0
0
0
9244
0
0
0
0
0
168
1139
12
0
0
0
188
2
14
0
0
0
7557
84
570
0
0
0
94
0
0
0
3785
0
0
0
172
1139
25
0
0
0
192
4
28
0
0
0
7728
172
1139
0
0
0
192
0
0
0
7728
0
0
0
216
1428
31
0
0
0
192
4
27
0
0
0
9687
212
1401
0
0
0
189
0
0
0
9507
0
0
0
0
0
0
0
28
0
0
0
0
0
0
0
0
0
0
0
0
1
0
56
0
28
0
0
0
0
0
56
0
0
0
0
0
0
0
0
0
0
0
0
52
1
0
27
0
0
0
0
0
0
0
0
0
0
52
0
0
0
0
0
0
0
0
0
0
0
0
0
0
0
0
0
0
0
0
1130
25
0
0
0
0
0
0
28
0
0
0
0
0
0
0
0
0
0
0
0
0
0
1130
0
0
0
0
0
0
0
0
0
0
0
0
0
0
0
0
0
0
0
0
0
0
0
0
0
0
0
0
0
0
0
0
0
0
0
0
0
0
0
0
0
0
0
0
0
0
0
0
0
0
0
1469
32
0
0
0
0
0
0
28
0
0
0
0
0
0
0
0
0
0
0
0
0
0
1469
0
0
0
0
0
0
0
0
0
0
0
0
0
0
0
0
0
0
0
0
0
0
0
0
0
0
0
0
0
0
0
0
0
0
0
0
0
0
0
0
0
0
0
0
0
0
0
0
0
0
0
1138
25
0
0
0
0
0
0
28
0
0
0
0
0
0
0
0
0
0
0
0
0
0
1138
0
0
0
0
0
0
0
0
0
0
0
0
0
0
0
0
0
0
0
0
0
0
0
0
0
0
0
0
0
0
0
0
0
0
0
0
0
0
0
0
0
0
0
0
0
0
0
0
0
0
0
1387
32
0
0
0
0
0
0
26
0
0
0
0
0
0
0
0
0
0
0
0
0
0
1387
0
0
0
0
0
0
0
0
0
0
0
0
0
0
0
0
0
0
0
0
0
0
0
0
0
0
0
0
0
0
0
0
0
0
0
0
0
0
0
0
0
0
0
0
0
0
0
0
0
0
0
0
0
0
0
28
0
0
0
0
0
0
0
0
0
0
0
0
0
0
0
0
0
0
0
0
0
0
0
0
0
0
0
0
0
0
0
0
0
0
0
0
0
0
0
0
0
0
0
0
0
0
0
0
0
0
0
0
0
0
0
0
0
0
0
0
0
0
0
0
0
0
0
0
0
0
0
0
0
0
0
0
1
0
0
0
0
0
0
0
0
0
0
0
0
0
0
0
0
0
0
0
0
0
0
0
0
0
0
0
0
0
0
0
0
0
0
