788
197663
12960
16478
3397
20068
13797
30
1606767
10470
25
1053244
154
135768
275
135697
0
205
0
0
1750
152
6
1672
118307
193
344
111602
4369
202
13
4322
0
156
0
0
197663
159
788
197663
197663
151
752
188460
7
918
27614
30
275
26692
26692
30
42
5078
260
41
42845
12
13
2366
908
13
42
902
16846
13
774
16534
0
0
774
0
153
14945
5180
30
10
1020
14932
5176
502389
1019
501955
151
12376
25
42
12376
24830
4225
2037296
10695
0
152
0
40
0
1
10265
0
0
1
12
52216
42
788
2638287
2168
52216
2638287
0
0
0
747
0
0
0
0
311
16846
13
18146
14
788
387502
311
16846
18146
387502
344
15852
13
18989
15
722
403996
333
15370
18412
391713
106239
4356
202
6984
324
13
2256314
104667
4292
6881
2222935
118307
0
191
0
339
0
15
110041
0
0
14
629
36639
29
16846
13
787
782405
628
36586
16821
781280
0
197663
149
0
0
739
25
0
185247
0
24
0
197663
154
0
0
764
25
0
191590
0
24
14967
124600
6493
24496
1276
10628
12082359
629707
5242098
1030622
508321407
12800
193781
157
63752
51
782
15780646
12800
193781
63752
15780646
19934
197663
150
98840
75
747
24765373
18899
187394
93705
23478768
22
39
50553
767
3630
4550948
49196
4428794
0
0
0
716
0
0
0
0
126
11581
6
19
5318
20839
1018
890166
3501
51
64261
42
53398
783
3477
4349685
63818
53029
4319698
0
350
443875
0
0
774
0
0
435894
0
0
2367
2
137135
0
16776
17
53
2928407
3109
380
66402
0
13257
133206
6485
0
0
0
23197
1129
11348
0
0
0
11441217
557088
5597328
0
0
0
974742
0
0
0
480760759
0
0
0
16748
0
205
0
0
0
0
51
0
0
0
0
2
16748
0
0
0
0
0
0
0
0
2
0
0
182
255427
4390
160
699
12
0
16846
616
10
226384
3891
142
5454433
199711
3432
14930
546
9
13171
4834248
177003
3042
4264670
11673
3779765
1968
0
36087
29
0
51870
41
0
0
764
0
2409079
1937
4
0
35507
6
0
51037
0
315
0
2370396
4
6
310
0
629
36639
26
0
0
0
16846
12
702
0
0
0
782405
561
32645
0
0
0
15009
0
0
0
697108
0
0
6466
35869
248347
202
3488
24150
19
133965
109
757
1128747
7814995
6385
43350840
35419
245231
4215618
3444
23847
132284
1364161141
1114583
7716932
42806872
4162721
1347043621
0
118307
252228
194
0
0
0
448245
345
737
0
0
0
145133317
112005
238794
0
0
0
424371
0
0
0
137403206
0
0
12604
71
11
20
24922
788
5882
11998
14755171
2004
2445332
24922
984442
1222980080
14755171
2445332
1222980080
11101
0
0
0
0
752
0
0
0
0
0
0
0
0
0
0
0
7
42
24736
52249
358
757
444095
1262
725243
1531889
24278
51281
30064332
435869
711809
1503512
881455709
29507405
865127215
7
42
918
53406
13
788
16846
1285
27614
1565813
918
53406
1140442
16846
27614
1565813
34305254
1140442
34305254
7
42
0
53406
0
784
0
1278
0
1565813
0
53113
6
0
0
1557243
210
6
209
25
5452
910
52958
38
1734
100900
74
16846
12
720
534979
91638
5196224
3888
116430
6773519
4977
1130886
831
48344
2154649
1583
92110
15378
11720805
664608396
488373
113843566
83655
4743543
144642788
106287
6183429
1032366
1966941
14560840425
10699721
606709559
103925831
132041911
13292340465
0
0
0
0
0
2366
137706
105
16839
12
748
0
0
0
0
0
0
0
0
0
0
2939414
2245
130709
15983
0
0
0
0
0
0
0
0
0
0
2790077
0
0
0
0
0
0
154
12610
6493
25
13
53406
41
1075
767
12610
6493
31634124
25039
530556
1075
5240135
4181
2698382
2159
51986
530556
2621989555
2054459
1350180885
1057934
30792958
223655029
175244
5100798
2626631
110310687311
86433921
2552269676
1314278970
217707941
107377476646
0
11278
5177
0
0
0
0
768
741
0
0
0
0
378643
0
0
0
0
0
0
0
0
0
0
0
0
0
0
0
0
0
0
0
0
0
0
0
604
311
0
0
0
0
1075
788
0
0
0
0
25452
0
0
0
0
0
0
0
0
0
0
0
0
0
0
0
0
0
0
0
0
0
0
44
8687
0
8
0
20095
14
0
709
3269
0
9211581
6736
31
0
1755327
1294
86
0
18074
11
679683793
492069
33464
24
8284805
6376
4
1578724
77
2433913
1762
611300917
30097
5735
2189037
0
14755
129339
4364
205
0
0
25069
13
0
0
0
0
12364546
75031027
3445054
657664811
30196722
4477
0
0
0
0
0
0
0
62871289270
2886739289
75031027
657664811
0
0
0
0
62871289270
0
0
11582
24059
3485
152
0
0
6112
13
0
0
0
0
2332983
59246462
2595282
123063232
5390767
3345
0
0
0
0
0
0
0
11933326913
522737692
56859798
118105797
0
0
0
0
11452609037
0
148
14965
39544
0
199
29
76
7775
0
14363
37954
4
33616
3834572
468
3396282
1236
8974342
0
7463
3680437
449
3259765
1187
8613608
4
119944
870233598
455
1202
115123
835253586
436
1154
116592
111905
1
10484
14866
3484
152
0
0
3422
13
140
199
8175
358
1305483
53626661
2353391
76041446
3337058
3349
45
17476
717892
31504
1017955
44672
7859
6677612988
293045251
51560227
73111287
89392211
3922953
690229
978729
6420299793
85947597
154
12610
135768
6493
255427
25
275
13
22489
1075
11581
12610
135768
6493
44768991
11092408
530556
3657656721
5711982
39378444327
1883492701
22489
1075
11581
946179
11092408
530556
3657656721
5711982
39378444327
1883492701
466672797
3217245410787
153882621693
1656705020038
946179
466672797
3217245410787
153882621693
1656705020038
135353915417422
135353915417422
54
8953
105065
5023
197663
10
124
5
20634
986
11577
4051
47544
2273
15677631
7875689
376589
2596962292
4418973
30473252365
1457130408
9337
446
5239
867861
3563948
170416
1175191202
1999697
13789918392
659388409
331245079
2284267129116
109226119188
1281680178648
392729
149896786
1033688722166
49427584949
579992737804
96074415260832
43476105871330
0
12610
135768
5157
254064
0
0
0
22489
854
9198
0
0
0
0
11092408
421395
3638143417
4536762
39168363502
1487989861
0
0
0
751506
0
0
0
0
0
0
370656521
3200081665949
121569773420
1308823905478
0
0
0
0
0
106931794167145
0
154
12610
41187
666
255427
25
83
1
6822
110
360
12610
41187
666
44768991
3365036
54486
3657656721
177953
11945998390
193427969
6822
110
360
29477
3365036
54486
3657656721
177953
11945998390
193427969
14538905
975996110436
15803195359
51613631548
29477
14538905
975996110436
15803195359
51613631548
4216868443356
4216868443356
119
9758
361
5025
192987
25
0
13
77
1075
39
9739
360
5015
33756235
29529
410574
2763540270
15206
102351729
1423071744
77
1073
39
3254
29469
409737
2757907178
15175
102143099
1420171010
1242357
8362205168
116265919521
4306077252
3248
1239824
8345159976
116028927625
4297299913
351809410380
351092295857
69
12610
127485
42
255427
11
116
0
21117
7
71
5689
57518
19
20198862
10415641
3502
3657656721
35411
36975897356
12435515
9527
3
32
5865
4699326
1580
1650260685
15977
16682776536
5610652
2893160
3020955705908
1015989994
10270822170
2646
1305335
1362994073709
458394122
4633987093
839133085539
378599865071
12
135768
6493
21
1
4277
3
11581
788
10736
513
2501554
2042
5711982
915
4461205
3643
213381
174
4277
451690
2232238685
1796849
106769206
85944
2501554
190409381
153270
4461205
213381
93913335056
75595907
2232238685
106769206
190409381
93913335056
19
105065
5025
44
2
8762
6
11581
765
17018
814
3965343
3140
4420252
1875
9138246
7237
437087
346
8498
715998
3538437765
2762530
169245429
132133
3845965
390030883
304505
8863136
423928
148866917141
116223454
3431911831
164150234
378288864
144385225387
32
41187
5188
17
2
11410
8
2807
735
8687
1094
6672728
5078
1384476
592
3610020
2747
454764
346
10633
292033
1806334306
1355005
227548821
170693
6218353
123106451
92347
3364198
423797
60718318293
45547307
1683333160
212054034
114723598
56583744368
0
135768
666
0
0
0
0
1189
768
0
0
0
0
586600
0
0
0
0
0
0
0
0
0
0
0
0
0
0
0
0
0
0
0
0
0
0
0
135768
0
0
0
0
0
0
788
0
0
0
0
486
0
0
0
0
0
0
0
0
0
0
0
0
0
0
0
0
0
0
0
0
0
0
0
105065
5025
0
0
0
0
11581
764
0
0
0
0
4420252
0
0
0
0
0
0
0
0
0
0
0
0
0
0
0
0
0
0
0
0
0
0
5238
203
16
5177
0
159
0
0
117621
200
358
115377
118307
203
361
117175
4495
203
13
4458
4499
187
12
4092
5025
157
119
13
1158220
5025
27529
1158220
254723
203
782
252670
197663
159
788
197663
24939
358
42
24468
0
311
0
0
24456
359
42
24349
267
40
42560
489
13
22
489
954
13
41
919
135768
6493
154
11581
275
13
5711982
135768
6493
11581
5711982
104075
3994
118
9214
274
10
3498393
104075
3994
9214
3498393
0
4504
204
0
0
13
0
0
4475
0
0
5308
4502
199
359
15
13
116256
5159
4376
348
112990
5091
3485
155
445
19
13
111546
4964
3399
434
108769
68
6493
5
19
2891
11272
961
474239
112
5025
12
40
4726
18800
2072
790977
4
20371
16
788
1016155
830
20371
1016155
443
17283
13
25119
19
780
550347
438
17093
24843
544301
117081
4504
201
7922
353
13
2565137
114576
4408
7752
2510240
91518
3484
158
8005
364
13
2005073
91296
3476
7985
2000200
35358
4437
185
2428
101
12
774661
32424
4069
2227
710384
65
35560
29
1732
1
769
80010
65
35560
1732
80010
646
36639
29
17283
13
787
802731
645
36586
17258
801576
10271
105065
5007
119
23670
1128
26
11539
275
13
9034585
430578
10271
4404394
105065
5007
992281
23670
1128
11539
378733677
9034585
430578
4404394
992281
378733677
10938
105065
5025
119
25206
1205
28
11581
275
13
9620984
460176
10938
4420252
105065
5025
1060490
25206
1205
11581
404767977
9620984
460176
4420252
1060490
404767977
13573
123347
6491
154
21991
1157
27
10517
250
13
10846486
570808
13573
5187297
123347
6491
924830
21991
1157
10517
456142920
10846486
570808
5187297
924830
456142920
12986
135768
6493
154
23160
1107
26
11581
275
13
11423063
546371
12986
5711982
135768
6493
974384
23160
1107
11581
480583911
11423063
546371
5711982
974384
480583911
118307
255427
200
453930
356
769
146973919
115440
249238
442932
143413015
34224
253469
189
130308
97
722
42191298
31568
233801
120197
38917506
116411
246062
200
444408
361
764
141585258
115239
243584
439932
140159401
5595
12253
9
447531
357
783
6951441
5559
12175
444679
6907137
128
9253
4
19
4317
20924
799
703343
45
10900
2
7
1913
7183
360
300307
2534
82
103848
19
23869
780
2508
3145123
102812
23631
3113769
24747
363
453930
42
53429
785
24626
30743809
451712
53168
30593619
0
100
128569
0
0
761
0
0
124621
0
0
12977
364
452828
22
28086
788
12977
16122014
452828
28086
16122014
0
365
453930
0
0
788
0
0
453930
0
0
8003
360
453930
13
17278
777
7888
9942235
447438
17031
9800052
1133
44
63938
12
17196
677
977
1400820
55176
14840
1208865
8005
365
453930
13
17283
788
8005
9945115
453930
17283
9945115
0
9705
105065
4015
0
0
0
22366
854
9253
0
0
0
8536700
326234
3531686
0
0
0
751817
0
0
0
286953593
0
0
0
13257
133206
6485
0
0
0
23197
1129
11348
0
0
0
11441217
557088
5597328
0
0
0
974742
0
0
0
480760759
0
0
26
14967
135768
5188
5
47
1
26692
1020
9253
2585
23451
896
13165381
503122
4563749
4610
176
1598
897255
2274060
86904
788297
442542556
154983
76440504
153
11570
135523
200
23
273
20596
11500
134704
34970
10158770
2637280
30890321
20472
10097416
2621352
30703757
2315530515
2301545770
250
5647
0
9
9221
0
15
0
340
0
143229
0
234
0
5285
0
1
8629
0
0
19
134038
0
0
1
17
2478
34882
0
192
1298
0
7
0
100
0
420496
0
2318
4
32624
0
0
1214
0
0
56
393269
0
4
0
52
118307
250117
0
192
444493
0
341
0
722
0
143918518
15
110686
33
234005
0
59
415860
0
0
19280
134647492
14
31
55
18038
0
89165
197663
79
0
0
0
442094
178
395
0
0
0
110771214
44660
99004
0
0
0
221433
0
0
0
55482398
0
0
0
91552
197663
159
0
0
0
453930
365
788
0
0
0
113736675
91552
197663
0
0
0
453930
0
0
0
113736675
0
0
0
115363
249071
196
0
0
0
453930
358
773
0
0
0
143316964
113094
244173
0
0
0
445003
0
0
0
140498582
0
0
10115
0
0
0
0
788
0
0
0
0
0
0
0
0
0
0
0
7
43
946
53516
13
787
17243
1267
27382
1549075
946
53516
1172493
17243
27382
1549075
33938542
1172493
33938542
145
11388
6493
21
12
49991
41
971
772
10748
6128
29234642
24380
479134
916
4373317
3647
2493707
2079
49991
452186
2188262394
1798823
1247768178
1025706
29234642
186658215
153439
4373317
2493707
92063192336
75678948
2188262394
1247768178
186658215
92063192336
0
8608
105065
4985
195757
159
0
0
0
19838
941
11488
781
0
0
0
0
0
7572069
359291
2472768310
2009845
4385045
30179399734
24529564
1431999949
1163917
195757
0
0
0
827997
0
0
0
0
0
0
0
0
0
0
316029934
2175027102504
1767843869
103204130261
83883455
2472768310
1259575629402
1023772555
30179399734
1431999949
0
0
0
0
0
0
0
0
0
0
0
90777522272255
73783212188
2175027102504
103204130261
1259575629402
0
0
0
0
0
90777522272255
0
151
11570
135768
6493
255427
205
23
269
12
20634
986
11581
788
11346
133146
6368
43904232
35340
10177199
486781
3355872022
2701322
5711982
39378444327
31697833
1883492701
1516124
255427
20235
967
11357
868112
9980616
477378
3291049925
2649143
5601649
38617809439
31085557
1847111115
1486839
43904232
428168716
2951798019234
2376061404
141186126612
113648326
3355872022
1656705020038
1333571210
39378444327
1883492701
851344
419898200
2894781024440
2330165350
138458972317
111453093
3291049925
1624704069808
1307811919
38617809439
1847111115
124186180539747
99964153591
2951798019234
141186126612
1656705020038
121787397573164
98033243824
2894781024440
138458972317
1624704069808
124186180539747
121787397573164
20
9529
105065
5014
197663
159
4
48
2
21961
1048
11555
788
1670
18414
878
6072214
4887
8382127
400027
2763957337
2224858
4410390
30473252365
24529564
1454300213
1170644
197663
3849
183
2025
921874
1469142
70113
484441010
389952
773012
5341071282
4299316
254896360
205179
6072214
351860709
2431154626140
1956967461
116024001966
93393975
2763957337
1279190762108
1029689626
30473252365
1454300213
161577
61670907
426110413215
342999250
20335619499
16369236
484441010
224204786631
180474523
5341071282
254896360
102053778234726
82148589462
2431154626140
116024001966
1279190762108
17887047226936
14398248891
426110413215
20335619499
224204786631
102053778234726
17887047226936
0
11533
135331
5170
243265
204
0
0
0
20634
788
9250
753
0
0
0
0
0
10144385
387561
3196086647
2692612
4547717
37503492169
31595631
1432802278
1207095
243265
0
0
0
693402
0
0
0
0
0
0
0
0
0
0
340895723
2811252089575
2368400376
107402488874
90483559
3196086647
1260281351668
1061751395
37503492169
1432802278
0
0
0
0
0
0
0
0
0
0
0
94470364715574
79588610434
2811252089575
107402488874
1260281351668
0
0
0
0
0
94470364715574
0
58
135768
6493
103
4
20389
16
11581
779
51174
2447
11923569
9623
5711982
4365
21264178
17162
1017077
820
20152
2152966
10639887674
8465008
508911693
404886
11784892
907579660
722063
21016865
1005248
447634629143
356134481
10516140226
502992784
897024035
442428404741
27
14343
31089
6479
5
11
2
7
5857
1220
2646
2509
5440
1133
4520
2889022
602099
1305072
1024
213
851
462
1845
384
245883
505515
105354
420042
228359
910456
189747
121273925
43024
171535
35749
77488
21220283
84604227
17632319
38218684
7200615
3551473428
152
14371
131268
6488
28
264
13
43
24818
1226
11206
14244
130111
6431
25585
12231363
604611
5522636
24599
1216
4837
11107
44185
2184
1044158
12123534
599281
2383975
5473950
21775674
1076399
514590202
1034953
4117102
203513
1858931
510053700
2029021403
100297106
916132397
173212131
85363706005
