38
1732
0
0
0
0
1597
1
5424
1213
0
0
9
210
6
210
0
36
0
0
0
27
0
0
764
36
12
744
0
36
0
0
0
28
0
0
1733
28
38
1733
1734
27
37
1678
0
0
0
1
6
24
24
1
27
103
5
26
527
30
0
7710
0
0
26
0
0
0
48
0
0
0
48
0
9
39
0
1
0
0
39
0
0
0
0
9
117
3
26
117
865
313
10605
1132
0
25
0
26
0
0
1087
0
0
0
32
2118
27
49
227702
2974
2118
227702
0
0
0
47
0
0
0
0
0
0
0
814
10
49
0
0
0
814
0
0
0
0
0
0
45
0
0
0
0
0
627
0
33
0
11
0
0
621
0
0
0
703
0
26
0
10
0
0
550
0
0
0
0
373
4
0
0
49
0
0
373
0
0
0
2067
24
0
0
46
0
0
1938
0
0
0
2067
25
0
0
48
0
0
2003
0
0
39
192
1135
22
131
641
770
4542
22230
2567
88923
0
2019
26
0
0
49
0
0
2019
0
0
0
2067
25
0
0
48
0
0
2004
0
0
0
25
2028
48
0
0
1981
0
0
0
0
46
0
0
0
0
0
703
0
0
0
0
0
0
0
0
0
27
2137
49
0
0
0
2122
0
0
12
1000
0
0
48
0
0
981
0
0
0
0
0
0
0
1
0
0
0
0
0
0
0
206
1128
0
0
0
0
0
690
0
0
0
0
0
23806
0
0
0
0
0
0
0
0
0
0
0
0
0
34
0
0
0
0
0
0
0
0
0
0
0
0
0
0
0
0
0
0
0
0
0
0
0
2667
0
26
0
0
0
0
38
0
0
0
0
0
2085
0
0
0
0
0
0
0
0
0
0
0
204
0
367
4
0
2083
26
0
0
48
0
15679
201
0
0
361
0
0
2054
0
0
0
15460
0
0
0
0
0
373
4
0
0
0
0
0
44
0
0
0
0
0
334
0
0
0
0
0
0
0
0
0
0
0
0
2567
33
0
0
0
0
0
47
0
0
0
0
0
2535
0
0
0
0
0
0
0
0
0
0
0
703
2636
32
0
0
0
1010
12
46
0
0
0
54352
673
2522
0
0
0
966
0
0
0
51993
0
0
119
0
0
0
0
49
0
0
0
0
0
0
0
0
0
0
0
0
0
0
0
0
47
0
0
0
0
0
0
0
0
0
0
0
0
26
564
2095
12
47
1002
0
0
0
553
2056
43194
983
0
0
0
42394
0
0
27
0
2137
0
49
0
0
0
0
0
2137
0
0
0
0
0
0
0
0
27
0
2137
0
49
0
0
0
0
0
2129
0
0
0
0
0
0
0
3
0
0
2112
24
0
0
0
0
0
45
0
0
24089
288
0
0
0
0
0
1930
0
0
0
0
0
0
0
0
0
22020
0
0
0
0
0
0
0
0
0
0
0
0
0
0
0
0
0
0
0
0
0
47
0
0
0
0
0
0
0
0
0
0
0
0
0
0
0
0
0
0
0
0
0
0
0
0
0
0
0
0
0
0
0
9
120
1135
3
32
2137
26
401
48
120
1135
68954
882
13907
401
24379
311
229810
2939
2093
13907
861909
10802
8124839
101828
67512
2872564
36001
23869
225006
99508559
1247135
843891
7954988
2812513
97428311
0
0
0
0
0
0
0
0
46
0
0
0
0
0
0
0
0
0
0
0
0
0
0
0
0
0
0
0
0
0
0
0
0
0
0
0
0
5
54
0
0
0
0
401
49
0
0
0
0
669
0
0
0
0
0
0
0
0
0
0
0
0
0
0
0
0
0
0
0
0
0
0
0
0
0
0
0
0
0
0
44
0
0
0
0
0
0
0
0
0
0
0
0
0
0
0
0
0
0
0
0
0
0
0
0
0
0
0
0
38
200
0
34
0
0
22
0
0
0
0
0
779
0
5372
0
28192
0
0
0
0
0
0
0
0
0
109635
0
0
0
0
0
0
0
0
0
30
0
0
25
0
0
0
0
0
0
0
0
0
0
4197
0
0
0
0
0
0
0
0
0
0
0
0
0
0
0
0
0
0
0
0
9
39
0
0
33
1
0
0
0
38
0
0
1311
0
0
5376
0
0
0
0
0
0
5245
0
0
0
0
0
0
0
0
0
0
0
0
0
0
22
0
0
25
0
0
0
0
0
0
0
0
0
0
3131
0
0
0
0
0
0
0
0
0
0
0
0
0
0
0
0
0
0
0
0
9
120
210
1135
2667
3
6
32
74
401
703
120
210
1135
108194
2583
13907
1325109
24355
2320519
12491225
74
401
703
8610
2583
13907
1325109
24355
2320519
12491225
298287
28420441
152985647
267906947
8610
298287
28420441
152985647
267906947
3281176595
3281176595
0
0
162
877
2067
0
0
0
0
0
703
0
0
0
0
0
0
0
18818
1794432
9659328
0
0
0
0
0
0
0
0
0
0
0
0
0
207169518
0
0
0
0
0
0
0
0
120
210
0
2638
0
0
0
74
0
0
0
0
0
0
2578
0
1310239
0
2294477
0
0
0
0
0
0
0
0
0
0
0
0
28101500
0
0
0
0
0
0
0
0
0
9
120
0
0
2667
3
0
0
0
0
0
120
0
0
108194
0
0
1325109
0
0
0
0
0
0
0
0
0
1325109
0
0
0
0
0
0
0
0
0
0
0
0
0
0
7
93
0
877
2021
3
0
32
0
401
0
92
0
876
81734
0
10745
1001881
0
0
9444293
0
401
0
0
0
10736
1001044
0
0
9436400
0
0
115668502
0
0
0
0
115571830
0
0
0
0
120
198
0
2667
0
0
0
70
0
0
0
0
0
0
2427
0
1325109
0
2180352
0
0
0
0
0
0
0
0
0
0
0
0
26703750
0
0
0
0
0
0
0
0
0
0
210
1135
0
0
0
0
703
49
0
0
0
0
24355
0
0
0
0
0
0
0
0
0
0
0
0
0
0
0
0
0
0
0
0
0
0
0
162
873
0
0
0
0
703
48
0
0
0
0
18741
0
0
0
0
0
0
0
0
0
0
0
0
0
0
0
0
0
0
0
0
0
0
0
0
0
0
0
0
0
0
46
0
0
0
0
0
0
0
0
0
0
0
0
0
0
0
0
0
0
0
0
0
0
0
0
0
0
0
0
210
0
0
0
0
0
0
48
0
0
0
0
0
0
0
0
0
0
0
0
0
0
0
0
0
0
0
0
0
0
0
0
0
0
0
0
210
0
0
0
0
0
0
49
0
0
0
0
2
0
0
0
0
0
0
0
0
0
0
0
0
0
0
0
0
0
0
0
0
0
0
0
162
877
0
0
0
0
703
48
0
0
0
0
18818
0
0
0
0
0
0
0
0
0
0
0
0
0
0
0
0
0
0
0
0
0
0
0
33
0
0
0
26
0
0
696
33
12
688
703
33
12
697
0
33
0
0
0
30
0
0
877
26
7
32
122059
877
1057
122059
2647
33
49
2626
2067
26
49
2067
561
12
26
551
0
11
0
0
552
12
26
549
5
25
510
0
0
0
0
0
0
26
0
210
1135
9
703
6
32
24355
210
1135
703
24355
160
0
7
0
6
0
0
160
0
0
0
0
0
33
0
0
0
0
0
0
0
0
0
0
33
0
0
0
0
0
0
0
0
0
0
25
0
0
0
0
0
0
0
0
0
1135
0
0
0
0
0
0
7
874
31
26
833
661
2863
76369
0
0
0
49
0
0
0
0
0
0
0
0
0
49
0
0
0
0
0
697
0
33
0
12
0
0
684
0
0
0
544
0
26
0
13
0
0
543
0
0
0
0
0
31
0
0
0
0
0
0
0
0
0
361
4
0
0
48
0
0
361
0
0
0
373
4
0
0
49
0
0
373
0
0
22
162
875
7
18
97
0
701
6
32
485
2606
22
18784
162
875
2088
18
97
701
55902
485
2606
18784
2088
55902
27
162
877
7
22
119
1
703
6
32
591
3186
27
18818
162
877
2553
22
119
703
68334
591
3186
18818
2553
68334
0
191
1135
9
0
0
0
638
5
32
0
0
0
22110
191
1135
0
0
0
638
0
0
0
22110
0
0
0
210
1135
9
0
0
0
703
6
32
0
0
0
24355
210
1135
0
0
0
703
0
0
0
24355
0
0
700
2655
33
1022
12
48
54743
687
2606
1003
53729
0
2641
31
0
0
45
0
0
2465
0
0
687
2537
33
996
13
48
52306
682
2520
989
51963
31
123
1
1006
12
49
2496
31
122
1000
2480
0
0
0
0
0
0
0
0
0
663
0
0
0
0
0
0
0
0
0
0
0
49
0
0
0
0
0
557
13
1022
26
2113
49
555
43561
1018
2103
43362
0
0
0
0
0
48
0
0
0
0
0
0
13
1019
0
0
49
0
0
1019
0
0
0
13
1022
0
0
49
0
0
1022
0
0
0
12
1022
0
0
49
0
0
1012
0
0
0
0
0
0
0
44
0
0
0
0
0
0
13
1022
0
0
49
0
0
1022
0
0
0
0
162
0
0
0
0
0
0
0
0
0
0
0
0
0
0
0
0
0
0
0
0
0
0
0
0
0
206
1128
0
0
0
0
0
690
0
0
0
0
0
23806
0
0
0
0
0
0
0
0
0
0
0
39
210
0
0
0
0
24
0
0
0
0
0
840
0
0
0
0
0
0
0
0
0
0
0
0
9
0
209
33
0
6
0
0
208
1346
0
0
28967
0
0
0
28769
0
0
0
32
0
1
0
0
0
0
12
0
0
0
0
0
30
0
0
0
0
0
0
0
0
0
0
0
0
0
0
31
0
0
0
0
0
0
0
0
0
0
0
0
0
0
0
0
0
0
0
0
0
0
703
2595
0
32
995
0
12
0
46
0
53504
0
673
0
2482
0
0
951
0
0
0
51182
0
0
0
0
0
532
2067
13
0
0
0
997
6
24
0
0
0
41572
266
1035
0
0
0
499
0
0
0
20823
0
0
0
545
2067
26
0
0
0
1022
13
49
0
0
0
42617
545
2067
0
0
0
1022
0
0
0
42617
0
0
0
684
2593
32
0
0
0
1022
12
48
0
0
0
53458
671
2545
0
0
0
1003
0
0
0
52468
0
0
0
0
0
0
0
49
0
0
0
0
0
0
0
0
0
0
0
0
27
0
2106
0
49
0
0
0
0
0
2106
0
0
0
0
0
0
0
9
97
1135
2
31
2040
26
326
48
95
1106
65822
877
11296
317
18902
252
219374
2924
2040
11005
668284
8730
7755856
101324
65822
2227253
29097
18902
219374
77154320
1007965
668284
7755856
2227253
77154320
0
0
162
866
2042
26
0
0
0
0
0
694
49
0
0
0
0
0
0
0
0
0
18580
1772622
22969
9421574
122085
2042
0
0
0
0
0
0
0
0
0
0
0
0
0
0
0
0
0
0
0
0
202070256
2618432
1772622
9421574
0
0
0
0
0
0
0
0
0
0
0
0
0
0
0
202070256
0
0
0
0
0
0
0
9
0
210
1135
2667
34
0
5
32
0
0
703
49
0
207
1115
106267
1360
0
0
0
0
24355
2320519
29703
12491225
159894
2667
0
0
690
0
0
0
0
0
23921
2279189
29174
12268750
157046
106267
0
0
0
0
0
0
267906947
3429353
2320519
12491225
0
0
0
0
0
0
0
263135381
3368275
2279189
12268750
0
0
0
0
267906947
0
0
0
0
263135381
0
0
0
89
162
875
2063
26
0
0
0
71
385
702
49
0
0
0
0
0
1912
10287
981540
12564
18767
1790624
22920
9632997
123307
2063
0
0
0
8260
0
0
0
0
0
0
0
0
0
0
220640
21051699
269473
113251554
1449681
981540
206604772
2644652
1790624
9632997
0
0
0
0
0
0
0
0
0
0
0
2428975229
31092196
21051699
113251554
206604772
0
0
0
0
0
2428975229
0
0
0
209
0
2543
33
0
0
0
0
0
0
47
0
0
0
0
0
0
0
0
0
0
2211180
29495
0
0
2543
0
0
0
0
0
0
0
0
0
0
0
0
0
0
0
0
0
0
0
0
0
0
2211180
0
0
0
0
0
0
0
0
0
0
0
0
0
0
0
0
0
0
0
0
0
0
0
0
0
210
1135
0
0
0
0
703
49
0
0
0
0
24355
0
0
0
0
0
0
0
0
0
0
0
0
0
0
0
0
0
0
0
0
0
0
0
37
0
1134
0
0
0
0
0
125
0
0
0
0
0
0
4337
0
0
0
0
0
0
0
0
0
0
0
0
0
0
0
0
0
0
0
0
0
0
0
0
0
9
36
203
1132
1
5
32
27
21
120
680
35
201
1122
890
750
4175
23503
21
119
95
674
535
2975
2509
744
4139
3283
23296
18480
102792
86677
2487
1973
10974
61768
85914
68155
379087
2133633
227796
7868584
