788
197663
12960
16748
12386
53714
30406
85
4852166
23166
77
3391822
436
382347
776
382231
4257
205
13
4257
10623
154
41
10336
118307
200
356
115393
15960
202
48
15789
78
156
0
61
197663
159
788
197663
197663
154
763
191350
21
7329
294852
86
777
75266
75266
85
94
15073
740
91
129777
1553
48
306924
7276
49
93
7253
61411
48
774
60274
243
0
774
239
436
42268
630858
85
1282
124304
42235
630365
61092412
124207
61044606
428
34957
72
92
34957
74219
12546
6054219
23588
49
152
29
90
0
7281
22638
47
27
6988
1593
116018
93
788
345841469
279721
116018
345841469
228
16424
13
755
48933997
39020
15961
47553046
3072
61411
49
49034
39
788
3817121
3072
61411
49034
3817121
3394
57577
47
51317
42
723
3974364
3302
56008
49918
3866048
106349
15943
203
25474
324
48
8247557
105181
15768
25194
8156952
118307
85
160
151
285
0
48959
92501
66
118
38279
2295
36639
29
61411
49
788
2852238
2295
36639
61411
2852238
65
197663
149
326
0
742
81799
61
185978
307
76963
65
197663
154
324
0
764
81424
63
191590
314
78922
42308
350453
790330
68987
155579
1288703
33937925
76535624
633964724
124798118
61393191098
12960
196537
159
63894
51
784
16009510
12960
196537
63894
16009510
20964
197663
154
103945
81
766
26044639
20368
192041
100989
25303828
64
89
113527
770
11063
14000991
110911
13678440
9
11
15775
740
1563
2059186
14804
1932495
362
1405986
749
43
656109
63665
131599
115169770
7668
51
64261
93
116955
783
7615
9526956
63818
116149
9461277
7397
350
443794
12
16336
774
7260
9190066
435573
16033
9019824
8628
2
137297
1
61229
18
197
10688051
3149
1404
245169
53
38817
376044
789137
9
93
196
67918
142527
1380722
4761
46122
96788
33411588
70114895
679232879
8330
17481
169347
122677266
4097982
8599700
83308962
60349859089
15046556
7402003493
3409
16748
63
205
857
3
10
15
51
0
277706
1052
3409
5170
16748
63
264
857
3
15
85731
277706
1052
5170
264
85731
182
255427
16005
160
699
43
0
61411
616
38
226384
14185
142
19883990
199711
12514
54429
546
34
48016
17623123
177003
11091
15546741
42556
13779031
4336
9
36065
29
28
114169
92
239
0
767
1338
5302532
4283
11133
8
35626
35245
28
112782
236
1636961
1322
5238100
10998
34817
1617070
629
2295
36639
26
1055
16844
12
61411
44
707
49024
782353
565
2852238
2060
32877
1311312
947
15115
55106
60903127
43991
702032
2559410
1176685
54650448
14194
35879
248731
202
7654
53066
43
134134
109
758
2477816
17177053
14016
43417736
35429
245610
9263160
7558
52400
132451
2998372860
2446724
16961515
42872929
9146925
2960749221
4390
118307
252404
196
7802
16645
12
448558
349
746
2526184
5389527
4205
145234549
113316
241757
9577951
7473
15943
429637
3101156640
2419624
5162184
139108230
9173931
2970342892
35638
203
33
43
54583
788
16631
35788
44247807
5934
7337041
54583
2919324
3626697041
44247807
7337041
3626697041
32697
62
9
12
16844
753
4708
10547
13655157
1604
2077439
16086
789364
1026877545
13040209
1983883
980633032
21
92
54175
114499
358
757
444357
3735
2179422
4606175
53172
112378
65883363
436125
2139049
4520848
2650412558
64662906
2601314959
21
94
7329
116966
49
788
61411
3805
294852
4705408
7329
116966
9105335
61411
294852
4705408
368054210
9105335
368054210
21
93
38
116966
0
787
322
3797
1550
4705408
38
116719
47876
322
1547
4695490
1935273
47776
1931194
72
12340
7290
116346
85
6513
103945
76
61411
45
722
1658715
979980
15639037
11577
960621
15330095
11294
9057123
6672
106490
8091766
5961
95140
56209
129743719
2060634142
1518202
1223276011
896964
14314227
1193386606
879245
14031455
8289878
7406298
161181547532
118752898
1886074170
1119650131
1092292710
147527572821
9
2366
1055
16844
12
8628
137706
105
61411
47
750
291901
130177
2077439
1599
184252
2940403
2253
1311312
1004
16035
10719868
8214
131087
58460
22832359
362631347
277872
162496046
123921
1977598
228898635
175397
2799088
1248291
10204676
28364802564
21735047
345203466
154686568
217897881
27001604343
436
35638
790330
72
1606
116966
92
131050
773
35638
790330
94817041
75150
64468848
131050
15722283
12461
348665637
276348
114619
64468848
7771519059
6130213
172345296468
135946836
92914831
28577791558
22542305
15406864
341670744
14058559836743
11089462660
7615607671
168887723492
28004466949
13776518507127
62
32694
631394
9
184
16844
12
96067
742
4708
90930
13653825
10390
47254691
13835
2077439
1580
40119397
30531
15849
6805425
1026777361
777666
19829068499
15018244
12846953
3017007277
2285036
1954673
37748546
1484041871172
1123991441
966100066
18657271873
2838717563
1396342579709
2
1709
37914
9
207
15072
12
131050
788
220
4885
586143
474
3092788
16887
2025968
1638
44928943
36339
15072
398535
48042248
38671
1065410184
857606
586143
3682525230
2964263
2025968
44928943
86907697163
69956692
48042248
1065410184
3682525230
86907697163
155
25303
3079
30
3
53714
39
605
716
11620
1414
33695774
24738
230496
278
6624404
4863
806286
591
48757
105850
2533946359
1851495
308418187
225353
30586489
60633326
44303
6013136
731886
23082551952
16865881
2300125899
279958830
55038372
20952604372
61
41653
364303
15949
205
11
104
70603
49
5858
51241
1114849
14371
34732651
755667977
9741333
6609175039
85199031
15949
9930
4885366
106289459
1370179
929622088
11983780
1114849
630117164966
8122855265
755667977
6609175039
88629947246
1142530744
106289459
929622088
630117164966
88629947246
37
32740
67754
12386
156
9
19
17235
48
3661
7577
688355
8678
6561327
596068314
7515176
1233512878
15552020
12156
1927
733776
66660404
840448
137948059
1739236
675604
119453478854
1506058868
585026439
1210662654
13358900382
168427831
65425553
135392639
117240661455
13111433272
430
42308
115990
63
200
84
232
22833
0
41691
114299
31082
98188
11232527
3054601
9649255
8374293
26453765
61
22500
11068758
3010065
9508570
8252197
26068072
30312
810967248
2561784609
2978851
8166623
799143430
2524434057
2935420
8047555
790856450
779325846
23
29717
41886
12386
154
5
7
9671
48
2042
2878
422944
5280
3681825
541035899
6754460
762579374
9520278
12037
664
252991
37176502
464123
52399543
654172
411040
67030153680
836825355
525807783
741115646
4605880436
57501248
36130124
50924693
65143508152
4476242307
436
35638
382347
790330
255427
72
777
1606
63399
131050
1405986
35638
382347
790330
126932649
31188888
64468848
10354156910
691661200
111085722634
229619232578
63399
131050
1405986
114689231
31188888
64468848
10354156910
691661200
111085722634
229619232578
56420224834
9061490569566
18730512448073
200952383538352
114689231
56420224834
9061490569566
18730512448073
200952383538352
16392098689081990
16392098689081992
154
25303
295882
611601
197663
30
355
734
58168
120237
1405986
11563
135221
279508
44891048
22144332
45773340
7351524830
535246297
85964370596
177692257271
26583
54949
642550
105226490
10120192
20918896
3359723883
244613166
39286618174
81207223591
40058761056
6433722562321
13298796662188
155508239592973
48089608
18307273574
2940278629301
6077689431349
71068895048921
11638506310864978
5318919342782171
62
35638
382347
631456
254317
10
111
184
63399
104706
1123352
5132
55064
90939
18200875
31188888
51509207
10309161781
552622249
110602987399
182663521694
9130
15079
161780
91634200
4491694
7418142
1484682810
79586369
15928584464
26306444358
45078532024
9022112864938
14900238662489
159858865731434
13196778
6492023604
1299327352697
2145870700767
23022212194129
13040016033919122
1877969137176906
436
35638
115990
81164
255427
72
235
164
19233
13458
43802
35638
115990
81164
126932649
9461582
6620720
10354156910
21548281
33699396940
23581074676
19233
13458
43802
3573072
9461582
6620720
10354156910
21548281
33699396940
23581074676
1757737546
2748929028294
1923556697772
6260548421214
3573072
1757737546
2748929028294
1923556697772
6260548421214
510685794123685
510685794123685
337
27578
1017
611601
193458
72
2
1605
218
131050
4836
27558
1017
611149
96066543
83029
49889616
7842142227
1841312
289435627
173911473024
217
130953
4833
394544
82968
49852738
7836345255
1839951
289221674
173782916304
150199622
23609858630
14186316075430
523584649823
394253
150088593
23592406038
14175829439692
523197611957
42709875348916
42678303875195
203
35638
359209
5218
255427
33
340
4
59563
865
8721
16631
167630
2435
59235043
29301427
425647
10354156910
4290245
104363139077
1516031170
27795
403
4069
711395
13673955
198634
4831924157
2002108
48702639654
707478909
349964160
8513115620403
123665776600
1246470258717
331983
163316076
3972774353662
57710507834
581684226697
101677139301026
47449177173257
196
382347
790330
349
722
52631
42
1405986
788
172047
355629
42665398
34508
691661200
632660
75901181
61390
156891188
126895
52631
311230964
37517926227
30200202
77551257028
62425188
42665398
137962664348
111053588
75901181
156891188
67869358203856
54370915585
37517926227
77551257028
137962664348
67869358203856
155
295882
611601
356
737
53714
42
1405986
769
135877
280864
33695774
26590
535246297
645669
77461860
61128
160117182
126354
52407
245800343
29630465639
23270921
61247517859
48102051
32876042
140799452674
110579868
75577409
156221937
53601061903632
41895788760
28909631581
59757521133
137374159195
52297084052175
199
115990
631456
107
586
53441
40
340784
738
52996
288513
43322080
32792
167645635
155705
23380076
17697
127282005
96345
50014
76597596
11556762840
8706091
62915446852
47396285
40543880
33954231184
25578844
21880736
119119541
16703445745027
12523190578
10815639513
58880743887
31776781223
15632270930951
62
382347
81164
110
23
16544
13
144389
773
54299
11526
13411845
10720
71031133
20505
23859496
19071
5064850
4048
16285
10087509
11793740590
9381994
2503553750
1991592
13201647
4453789133
3543017
23485557
4985471
2190997190934
1734631839
11608902636
2464316687
4383986913
2156658684469
62
382347
3134
111
0
16844
13
5575
788
55064
451
13655157
11044
2742913
802
24292344
19648
199130
161
16844
395023
12007696899
9665642
98430223
79231
13655157
175106070
140952
24292344
199130
86141686888
69009087
12007696899
98430223
175106070
86141686888
48
295882
611601
111
231
16844
13
1405986
764
42611
88080
10567127
8279
535246297
202484
24292344
19033
50213379
39342
16317
77083956
9292230505
7245731
19207462372
14977256
10236422
44155261857
34430611
23532099
48641919
16809503725090
13044848841
9001424010
18606352144
42773393758
16283439197680
13999
203
42
13849
3373
159
13
3373
117883
202
361
116511
118307
203
362
117251
16005
203
49
15874
15981
187
44
14540
611601
157
338
1606
141200272
611601
78054
141200272
254864
203
782
252810
197663
159
788
197663
53968
358
92
52968
6573
312
11
6142
53200
361
92
52967
755
87
126146
3805
49
48
3805
7329
47
90
7078
382347
789906
436
1405232
777
1605
691290110
382347
789906
1405232
691290110
295220
488656
338
1120840
775
1283
426693799
295220
488656
1120840
426693799
4203
16005
204
1010
12
49
327213
4188
15947
1006
326028
14225
16005
199
3420
42
48
1107422
13830
15560
3325
1076637
11008
12386
155
3420
42
48
857005
10735
12078
3335
835710
203
790330
749
43
368862
35128
129176
63546993
330
611273
1570
92
597921
58050
275698
104955761
746
54374
43
788
162084639
131096
54374
162084639
3420
61411
48
54582
43
780
4249044
3382
60737
53983
4202365
117209
16005
201
28180
355
48
9124265
115037
15709
27658
8955243
91552
12386
158
28444
364
49
7127018
91330
12356
28375
7109698
35416
15794
192
8628
105
46
2757022
33574
14973
8180
2613649
235
35829
29
6167
5
771
286436
235
35829
6167
286436
2295
36639
29
61411
49
788
2852238
2295
36639
61411
2852238
29027
295882
609942
338
66731
137561
76
1402172
777
1602
25403885
52368526
29027
533794223
295882
609942
120387897
66731
137561
1402172
45830569781
25403885
52368526
533794223
120387897
45830569781
30897
295882
611601
338
71029
146820
81
1405986
777
1606
27040180
55893279
30897
535246297
295882
611601
128490810
71029
146820
1405986
48915274697
27040180
55893279
535246297
128490810
48915274697
38817
347334
790330
436
62732
142742
78
1277235
706
1606
30860692
70220848
38817
628323103
347334
790330
113482375
62732
142742
1277235
55826524162
30860692
70220848
628323103
113482375
55826524162
38817
382347
790330
436
69056
142742
78
1405986
777
1606
33971604
70220848
38817
691661200
382347
790330
124921964
69056
142742
1405986
61454115769
33971604
70220848
691661200
124921964
61454115769
118307
255427
201
453930
358
774
146973919
116115
250695
445521
144251299
35890
253472
191
136652
103
730
44245418
33499
236589
127550
41298290
116659
247377
201
445835
363
769
142342124
115895
245758
442916
141410235
5605
12253
9
448309
358
783
6963533
5569
12175
445463
6919326
362
1123352
599
42
524229
61964
102336
89560309
340
1332221
733
41
611794
57020
122941
102546616
5479
82
103945
41
51661
781
5425
6807046
102917
51150
6739692
53574
364
453930
92
115668
786
53422
66556354
452635
115339
66366550
2365
108
137123
13
16763
768
2313
2926188
134137
16398
2862476
28101
365
453499
48
60730
788
28101
34911158
453499
60730
34911158
7802
365
453930
13
16844
788
7802
9692659
453930
16844
9692659
28444
361
453930
48
61411
780
28149
35336660
449225
60775
34970370
4024
47
63943
45
61075
723
3707
4975056
58902
56260
4582850
28444
365
453930
49
61411
788
28444
35336660
453930
61411
35336660
48
29924
295882
488656
11
111
184
68791
113611
1123352
4309
42611
70374
26188481
43250914
427650145
9907
16361
161780
99427784
3771556
6228817
61588403
37851246957
14319178
5451179922
53
38817
376044
789137
9
93
196
67918
142527
1380722
4761
46122
96788
33411588
70114895
679232879
8330
17481
169347
122677266
4097982
8599700
83308962
60349859089
15046556
7402003493
201
42308
382347
631456
39
358
591
75266
124304
1123352
19504
176266
291108
37026580
61150298
552622249
34698
57305
517878
108785574
17069679
28190991
254765215
53515979759
50151401
24671482372
435
32697
381749
201
66
772
58077
32570
380264
99891
28570830
7505293
87625246
57851
28459626
7476080
87284188
6558025381
6532500030
681
5638
4
9
25067
18
41
150
341
0
389375
281
640
2333
5304
3
10373
23581
17
141
161136
366288
265
2195
9758
151581
14097
35890
80
192
7600
17
40
43
103
0
2460765
5526
13184
14068
33566
75
2979
7107
15
40
964623
2301433
5168
13158
2786
902165
118307
250613
85
196
445374
151
349
320
740
0
144203815
48959
113181
103711
239755
81
184310
426079
144
306
59676174
137956477
46838
99218
176325
57090825
3181
89475
197663
79
7140
15775
6
443631
178
395
1789245
3952694
1593
111156105
44816
99006
8871308
3576
7901
222206
2222793039
896198
1979826
55675914
4443464
1113353456
226
91552
197663
159
521
1125
0
453930
365
788
130612
281993
226
113736675
91552
197663
647591
521
1125
453930
162260491
130612
281993
113736675
647591
162260491
4296
115781
249974
197
7802
16844
13
453930
358
774
2472256
5337642
4216
143836373
113636
245343
9692659
7657
16532
445521
3071301750
2426459
5238764
141171875
9513107
3014407383
31144
60
8
13
16234
788
4322
10644
13160328
1542
1907023
16234
758782
942640966
13160328
1907023
942640966
21
93
7290
116062
49
786
61261
3785
293291
4669064
7290
116062
9035005
61261
293291
4669064
365211391
9035005
365211391
426
32229
790330
63
1568
111763
91
118514
772
31468
771683
90599744
74880
58301859
115718
13585908
11228
333157595
275352
111763
56926338
6715509676
5523829
164679676539
135456958
90599744
24694584713
20312484
13585908
333157595
12148254917326
9992524236
6715509676
164679676539
24694584713
12148254917326
48
25303
295882
606529
195460
159
9
111
229
58168
119240
1394325
780
3644
42611
87349
13988661
11387
22144332
45393692
7269586211
5917638
530806914
85006228982
69197357
174254365429
141847742
195460
8377
17172
200804
104353732
3189135
6537411
1046935717
852233
76444614
12242245261
9965517
25095392478
20428324
13988661
39726509933
6362013582451
5178850235
13041498875257
10616130986
7269586211
152499551896394
124138738479
85006228982
174254365429
15028592
5721247534
916230864062
745836575
1878182689849
1528891244
1046935717
21962354275469
17877947311
12242245261
25095392478
11413330906425204
9290758451097
6362013582451
13041498875257
152499551896394
1643700677890347
1338016578103
916230864062
1878182689849
21962354275469
11413330906425206
1643700677890347
433
32697
382347
790330
255427
205
65
770
1592
58168
120237
1405986
788
32417
379067
783550
125843805
101298
28615565
59149673
9499859565
7646949
691661200
111085722634
89418888
229619232578
184832902
255427
57669
119206
1393926
105226490
28370098
58642280
9418368598
7581352
685728045
110132815607
88651842
227649530487
183247383
125843805
51765123633
8313848110601
6692264677
17185101538372
13833214953
9499859565
200952383538352
161757410085
111085722634
229619232578
104323844
51321076020
8242530896350
6634857605
17037685618328
13714551929
9418368598
199228589213471
160369835076
110132815607
227649530487
15039624846348924
12106205066957
8313848110601
17185101538372
200952383538352
14910613089921960
12002356547110
8242530896350
17037685618328
199228589213471
15039624846348924
14910613089921960
157
26918
295882
611350
197663
159
32
362
749
61880
127857
1405408
788
12561
138074
285289
45838339
36897
23557430
48674240
7820648050
6295261
535026056
85964370596
69197357
177619141048
142975224
197663
28876
59665
655839
111895252
10993176
22714044
3649539212
2937710
249672221
40115645069
32291245
82886739825
66720006
45838339
42597497674
6844278019979
5509328463
14141612095470
11383346177
7820648050
155444251576637
125125460594
85964370596
177619141048
52216403
19878306392
3193911918434
2570951938
6599244403243
5312087691
3649539212
72538731815597
58390336968
40115645069
82886739825
12376100319429418
9962190541782
6844278019979
14141612095470
155444251576637
5775360702556508
4648899272096
3193911918434
6599244403243
72538731815597
12376100319429418
5775360702556508
62
32610
381323
629764
243372
205
9
111
184
58168
96067
1123352
753
4696
54916
90696
17417615
14675
28538898
47132684
9051534605
7626461
551141654
105843276493
89179315
174802743457
147281806
243372
8377
13835
161780
84073676
4110054
6787854
1303564550
1098331
79373139
15243110600
12843235
25174367612
21210916
17417615
41248397110
7921494350781
6674334609
13082540437828
11022825815
9051534605
152979467584081
128894386565
105843276493
174802743457
12107942
5940423426
1140820829697
961210045
1884093325821
1587461750
1303564550
22031469746461
18562836065
15243110600
25174367612
11449248628691558
9646679400430
7921494350781
13082540437828
152979467584081
1648873399589343
1389274840086
1140820829697
1884093325821
22031469746461
11449248628691558
1648873399589343
203
382347
790330
362
749
54582
43
1405986
779
178424
368810
44246783
35373
691661200
656109
78714445
62928
162706332
130075
53950
322766688
38908521685
30956860
80425680982
63989236
43734369
143076226684
113836008
77802866
160822057
70384924248614
55733165071
38457928607
79494284630
141419284848
69569808220452
203
40578
87554
790004
38
83
749
43
16530
149155
321825
18936
40857
368659
35787
8132017
73375607
158318818
7714
69604
6756
150181
14578
131545
29891128
3794841
34241044
3323937
73880160
7171889
64712329
14704642668
13948824
1354077
12217906
26361955
6861985053
662944895
5981785612
12906594780
2436808721
1204513665808
435
40624
370463
790330
82
750
1600
93
70023
149385
1362284
40471
369073
787365
76401
34447374
73488538
670162222
69760
148824
14441
1357174
131692
280948
126671487
34318157
73212873
7104188
667648352
64785053
138209630
62314776401
126196325
12245421
26123853
238230612
62081025205
5995257050
12790022150
116635734165
22046038235
10897348369269
