31
1371
0
0
0
0
1512
0
0
1147
0
0
1
19
2
19
0
35
0
0
0
26
0
0
731
34
12
688
0
35
0
0
0
27
0
0
1373
28
31
1373
1373
26
29
1309
0
0
0
0
2
0
0
0
26
0
2
25
359
19
0
4740
0
0
26
0
0
0
30
0
0
0
30
0
1
0
0
0
0
0
0
0
0
0
0
1
14
1
26
14
188
284
2096
1174
0
26
0
25
0
0
1126
0
0
0
20
1300
26
31
142761
2969
1300
142761
0
0
0
29
0
0
0
0
0
0
0
486
9
31
0
0
0
486
0
0
0
0
0
0
29
0
0
0
0
0
651
0
35
0
11
0
0
639
0
0
0
731
0
26
0
9
0
0
543
0
0
0
0
247
5
0
0
31
0
0
246
0
0
0
1373
26
0
0
29
0
0
1285
0
0
0
1373
27
0
0
30
0
0
1331
0
0
0
17
153
0
0
271
0
0
2051
0
0
0
1329
27
0
0
30
0
0
1329
0
0
0
1373
26
0
0
29
0
0
1303
0
0
0
24
1238
30
0
0
1206
0
0
0
0
28
0
0
0
0
0
295
0
0
0
0
0
0
0
0
0
26
1312
30
0
0
0
1303
0
0
12
615
0
0
30
0
0
594
0
0
0
0
0
0
0
0
0
0
0
0
0
0
0
18
152
0
0
0
0
0
290
0
0
0
0
0
2180
0
0
0
0
0
0
0
0
0
0
0
0
0
36
0
0
0
0
0
0
0
0
0
0
0
0
0
0
0
0
0
0
0
0
0
0
0
1771
0
28
0
0
0
0
24
0
0
0
0
0
1385
0
0
0
0
0
0
0
0
0
0
0
210
0
237
4
0
1249
26
0
0
29
0
9922
207
0
0
233
0
0
1228
0
0
0
9755
0
0
0
0
0
247
4
0
0
0
0
0
27
0
0
0
0
0
218
0
0
0
0
0
0
0
0
0
0
0
0
1763
35
0
0
0
0
0
30
0
0
0
0
0
1741
0
0
0
0
0
0
0
0
0
0
0
731
1747
34
0
0
0
620
12
29
0
0
0
35345
690
1651
0
0
0
586
0
0
0
33399
0
0
14
0
0
0
0
31
0
0
0
0
0
0
0
0
0
0
0
0
0
0
0
0
29
0
0
0
0
0
0
0
0
0
0
0
0
26
541
1251
12
29
600
0
0
0
531
1228
25313
589
0
0
0
24844
0
0
26
0
1312
0
31
0
0
0
0
0
1312
0
0
0
0
0
0
0
0
26
0
1312
0
30
0
0
0
0
0
1302
0
0
0
0
0
0
0
1
0
0
1291
24
0
0
0
0
0
28
0
0
13686
262
0
0
0
0
0
1180
0
0
0
0
0
0
0
0
0
12509
0
0
0
0
0
0
0
0
0
0
0
0
0
0
0
0
0
0
0
0
0
28
0
0
0
0
0
0
0
0
0
0
0
0
0
0
0
0
0
0
0
0
0
0
0
0
0
0
0
0
0
0
0
1
14
153
1
20
1312
26
225
30
14
153
9431
190
1704
225
13910
281
144082
2915
1277
1704
107053
2125
1108868
22011
9175
1635510
32465
13532
140175
12347834
245111
104150
1078797
1591157
12012978
0
0
0
0
0
0
0
0
29
0
0
0
0
0
0
0
0
0
0
0
0
0
0
0
0
0
0
0
0
0
0
0
0
0
0
0
0
0
7
0
0
0
0
225
31
0
0
0
0
82
0
0
0
0
0
0
0
0
0
0
0
0
0
0
0
0
0
0
0
0
0
0
0
0
0
0
0
0
0
0
28
0
0
0
0
0
0
0
0
0
0
0
0
0
0
0
0
0
0
0
0
0
0
0
0
0
0
0
0
0
18
0
36
0
0
0
0
0
0
0
0
0
0
0
0
11738
0
0
0
0
0
0
0
0
0
0
0
0
0
0
0
0
0
0
0
0
0
0
27
0
0
0
0
0
0
0
0
0
0
0
0
0
0
0
0
0
0
0
0
0
0
0
0
0
0
0
0
0
0
0
1
0
0
0
35
0
0
0
0
0
0
0
799
0
0
0
0
0
0
0
0
0
0
0
0
0
0
0
0
0
0
0
0
0
0
0
0
0
0
0
26
0
0
0
0
0
0
0
0
0
0
0
0
0
0
0
0
0
0
0
0
0
0
0
0
0
0
0
0
0
0
0
1
14
19
153
1771
1
2
20
28
225
295
14
19
153
41448
215
1704
461551
2234
604921
4780793
28
225
295
3295
215
1704
461551
2234
604921
4780793
24877
6736115
53236664
69773385
3295
24877
6736115
53236664
69773385
776963537
776963537
0
0
14
118
1373
0
0
0
0
0
295
0
0
0
0
0
0
0
1725
467726
3696521
0
0
0
0
0
0
0
0
0
0
0
0
0
53948954
0
0
0
0
0
0
0
0
14
19
0
1768
0
0
0
28
0
0
0
0
0
0
215
0
460717
0
603828
0
0
0
0
0
0
0
0
0
0
0
0
6723953
0
0
0
0
0
0
0
0
0
1
14
0
0
1771
1
0
0
0
0
0
14
0
0
41448
0
0
461551
0
0
0
0
0
0
0
0
0
461551
0
0
0
0
0
0
0
0
0
0
0
0
0
0
1
11
0
118
1302
1
0
20
0
225
0
11
0
118
30357
0
1316
338331
0
0
3504467
0
225
0
0
0
1315
338048
0
0
3501539
0
0
39024103
0
0
0
0
38991489
0
0
0
0
14
18
0
1771
0
0
0
26
0
0
0
0
0
0
202
0
461551
0
568439
0
0
0
0
0
0
0
0
0
0
0
0
6329868
0
0
0
0
0
0
0
0
0
0
19
153
0
0
0
0
295
31
0
0
0
0
2234
0
0
0
0
0
0
0
0
0
0
0
0
0
0
0
0
0
0
0
0
0
0
0
14
117
0
0
0
0
295
29
0
0
0
0
1717
0
0
0
0
0
0
0
0
0
0
0
0
0
0
0
0
0
0
0
0
0
0
0
0
0
0
0
0
0
0
28
0
0
0
0
0
0
0
0
0
0
0
0
0
0
0
0
0
0
0
0
0
0
0
0
0
0
0
0
19
0
0
0
0
0
0
30
0
0
0
0
0
0
0
0
0
0
0
0
0
0
0
0
0
0
0
0
0
0
0
0
0
0
0
0
19
0
0
0
0
0
0
31
0
0
0
0
0
0
0
0
0
0
0
0
0
0
0
0
0
0
0
0
0
0
0
0
0
0
0
0
14
118
0
0
0
0
295
30
0
0
0
0
1725
0
0
0
0
0
0
0
0
0
0
0
0
0
0
0
0
0
0
0
0
0
0
0
35
0
0
0
28
0
0
724
35
12
709
731
35
12
723
0
35
0
0
0
32
0
0
118
27
1
20
74456
118
645
74456
1757
35
30
1742
1373
28
31
1373
539
12
26
527
0
10
0
0
530
12
26
527
2
24
347
0
0
0
0
0
0
25
0
19
153
1
295
2
20
2233
19
153
295
2233
14
0
1
0
2
0
0
14
0
0
0
0
0
35
0
0
0
0
0
0
0
0
0
0
35
0
0
0
0
0
0
0
0
0
0
27
0
0
0
0
0
0
0
0
0
153
0
0
0
0
0
0
0
117
19
25
111
142
2828
16438
0
0
0
31
0
0
0
0
0
0
0
0
0
30
0
0
0
0
0
723
0
35
0
12
0
0
703
0
0
0
566
0
27
0
12
0
0
564
0
0
0
0
0
32
0
0
0
0
0
0
0
0
0
231
4
0
0
29
0
0
231
0
0
0
247
5
0
0
31
0
0
246
0
0
0
14
117
1
0
0
0
295
2
20
0
0
0
1721
14
117
0
0
0
295
0
0
0
1721
0
0
0
14
118
1
0
0
0
295
2
20
0
0
0
1725
14
118
0
0
0
295
0
0
0
1725
0
0
0
17
153
1
0
0
0
269
2
20
0
0
0
2031
17
153
0
0
0
269
0
0
0
2031
0
0
0
19
153
1
0
0
0
295
2
20
0
0
0
2234
19
153
0
0
0
295
0
0
0
2234
0
0
728
1764
34
629
12
30
35692
704
1707
609
34541
0
1730
33
0
0
28
0
0
1595
0
0
713
1728
34
628
12
30
34961
705
1708
621
34560
33
81
1
621
12
30
1625
32
80
617
1615
0
0
0
0
0
0
0
0
0
279
0
0
0
0
0
0
0
0
0
0
0
30
0
0
0
0
0
535
12
629
26
1297
30
532
26240
626
1291
26118
0
0
0
0
0
29
0
0
0
0
0
0
12
628
0
0
31
0
0
628
0
0
0
12
629
0
0
31
0
0
629
0
0
0
12
629
0
0
30
0
0
618
0
0
0
0
0
0
0
26
0
0
0
0
0
0
12
629
0
0
31
0
0
629
0
0
0
0
14
0
0
0
0
0
0
0
0
0
0
0
0
0
0
0
0
0
0
0
0
0
0
0
0
0
18
152
0
0
0
0
0
290
0
0
0
0
0
2180
0
0
0
0
0
0
0
0
0
0
0
0
19
0
0
0
0
0
0
0
0
0
0
0
0
0
0
0
0
0
0
0
0
0
0
0
1
0
19
34
0
2
0
0
19
811
0
0
11870
0
0
0
11788
0
0
0
33
0
1
0
0
0
0
11
0
0
0
0
0
31
0
0
0
0
0
0
0
0
0
0
0
0
0
0
33
0
0
0
0
0
0
0
0
0
0
0
0
0
0
0
0
0
0
0
0
0
0
731
1770
0
33
628
0
11
0
28
0
35800
0
671
0
1626
0
0
577
0
0
0
32898
0
0
0
0
0
553
1373
14
0
0
0
614
6
15
0
0
0
27127
277
687
0
0
0
307
0
0
0
13583
0
0
0
566
1373
28
0
0
0
629
12
31
0
0
0
27786
566
1373
0
0
0
629
0
0
0
27786
0
0
0
711
1723
34
0
0
0
629
12
30
0
0
0
34849
693
1680
0
0
0
613
0
0
0
33994
0
0
0
0
0
0
0
31
0
0
0
0
0
0
0
0
0
0
0
0
26
0
1283
0
30
0
0
0
0
0
1283
0
0
0
0
0
0
0
1
12
153
1
19
1247
26
183
30
11
149
8965
191
1384
178
10737
228
136971
2919
1247
1348
82636
1727
1054141
22042
8965
1262486
26399
10737
136971
9531562
199310
82636
1054141
1262486
9531562
0
0
14
116
1372
28
0
0
0
0
0
292
31
0
0
0
0
0
0
0
0
0
1705
467355
9543
3652211
74578
1372
0
0
0
0
0
0
0
0
0
0
0
0
0
0
0
0
0
0
0
0
53302276
1088438
467355
3652211
0
0
0
0
0
0
0
0
0
0
0
0
0
0
0
53302276
0
0
0
0
0
0
0
1
0
19
153
1771
36
0
2
19
0
0
295
31
0
19
150
40736
831
0
0
0
0
2234
604921
12342
4780793
97546
1771
0
0
290
0
0
0
0
0
2195
594527
12130
4698649
95870
40736
0
0
0
0
0
0
69773385
1423650
604921
4780793
0
0
0
0
0
0
0
68574537
1399189
594527
4698649
0
0
0
0
69773385
0
0
0
0
68574537
0
0
0
10
14
117
1372
28
0
0
0
27
216
295
31
0
0
0
0
0
159
1258
342030
6978
1719
467103
9530
3685463
75197
1372
0
0
0
3157
0
0
0
0
0
0
0
0
0
0
18373
4991767
101851
39385229
803612
342030
53787566
1097476
467103
3685463
0
0
0
0
0
0
0
0
0
0
0
574808502
11728343
4991767
39385229
53787566
0
0
0
0
0
574808502
0
0
0
19
0
1594
35
0
0
0
0
0
0
28
0
0
0
0
0
0
0
0
0
0
544071
12267
0
0
1594
0
0
0
0
0
0
0
0
0
0
0
0
0
0
0
0
0
0
0
0
0
0
544071
0
0
0
0
0
0
0
0
0
0
0
0
0
0
0
0
0
0
0
0
0
0
0
0
0
19
153
0
0
0
0
295
30
0
0
0
0
2234
0
0
0
0
0
0
0
0
0
0
0
0
0
0
0
0
0
0
0
0
0
0
0
0
0
152
0
0
0
0
0
0
0
0
0
0
0
0
0
0
0
0
0
0
0
0
0
0
0
0
0
0
0
0
0
0
0
0
0
0
0
0
0
0
1
0
18
152
0
2
20
26
0
0
286
0
18
151
194
0
0
2155
0
0
0
283
363
2971
0
0
0
0
2137
2738
22387
0
0
0
0
41928
0
0
0
309857
0
0
