788
197663
12960
16498
12386
53632
30282
78
4807314
23133
66
3171272
397
337048
695
336946
1908
204
5
1908
4598
151
17
4392
118307
193
343
111168
15957
202
48
15785
78
156
0
61
197663
159
788
197663
197663
151
750
187952
20
7329
294706
78
695
67012
67012
78
94
14991
662
91
126936
1413
48
287338
7276
49
92
7232
61411
48
774
60274
243
0
774
239
396
38216
569260
78
1175
113377
38186
568815
54867981
113288
54825045
389
31723
66
92
31723
72996
12498
5938336
23558
49
152
29
90
0
7272
22609
47
27
6979
1460
116018
93
788
343371675
277651
116018
343371675
97
7630
5
747
22582043
17831
7339
21721235
2983
61411
49
47613
38
788
3706501
2983
61411
47613
3706501
3404
57951
48
51331
42
723
3993408
3307
56310
49877
3880315
106022
15885
201
25424
322
48
8211737
104021
15585
24945
8056750
118307
84
151
150
269
0
48599
87178
62
110
35812
2295
36639
29
61411
49
788
2852238
2295
36639
61411
2852238
65
197663
148
326
0
738
81799
61
184982
305
76551
65
197663
154
322
0
764
80868
63
191590
312
78383
38282
308879
713722
61411
141902
1144932
29771274
68791876
555042986
110353880
53497621798
12818
193877
157
63730
51
782
15792831
12818
193877
63730
15792831
19982
197663
151
99075
75
749
24824388
18983
187780
94121
23583122
58
87
112398
766
10862
13817352
109272
13433083
0
0
967
717
92
125892
879
114473
319
1249346
677
43
574865
60824
128799
109298911
7668
51
64261
93
116955
783
7615
9526956
63818
116149
9461277
1568
344
443993
2
3462
760
1511
1948616
427934
3337
1878134
8628
2
136969
1
61083
17
195
10662544
3100
1382
241336
47
33886
331392
713722
8
81
176
58322
125609
1228380
4057
39682
85463
28273654
60893143
595497434
6983
15040
147090
104802615
3385580
7291546
71306835
50806466145
12549412
6083734536
1529
16748
63
205
384
1
4
15
51
0
124602
472
1529
5170
16748
63
118
384
1
15
38466
124602
472
5170
118
38466
182
255427
16005
160
699
43
0
61411
616
38
226384
14185
142
19883990
199711
12514
54429
546
34
48016
17623123
177003
11091
15546741
42556
13779031
4336
9
36042
28
28
114096
91
239
0
761
1338
5299158
4254
11126
8
35359
35223
28
111934
235
1635919
1313
5198737
10915
34555
1604918
116
2295
36639
25
195
3126
2
61411
43
694
9098
145193
102
2852238
2021
32266
243359
172
2753
54082
11302706
8012
127863
2511808
214313
9953669
14138
35798
248207
202
7641
52982
43
134155
109
758
2467932
17111173
13960
43326249
35349
245092
9248543
7545
52318
132471
2986872985
2436964
16896462
42782590
9132492
2949393647
396
118307
252154
194
704
1500
1
448114
344
735
227990
485929
374
145090986
111679
238028
863565
664
1416
423009
279605806
215217
458705
136962472
815185
263941294
32311
185
31
43
54582
788
15078
35240
43581450
5913
7313380
54582
2866822
3561474014
43581450
7313380
3561474014
28531
6
0
1
1984
753
484
1223
1584595
181
234806
1894
87861
114346304
1512605
224139
109151453
20
92
54175
114310
358
756
443623
3732
2188222
4596300
53172
112192
65774634
435406
2147686
4511156
2656722196
64556194
2607507845
20
94
7329
116966
49
788
61411
3802
296042
4703082
7329
116966
9105335
61411
296042
4703082
367776229
9105335
367776229
20
93
38
116966
0
783
322
3775
1556
4703082
38
116117
47876
320
1545
4668961
1933811
47529
1919781
66
12024
7290
116346
85
6347
101291
74
61411
45
723
1618484
981271
15588965
11554
936088
14938583
11022
9057123
6683
106652
7885112
5818
92851
56294
125992521
2010654410
1483627
1219040986
899509
14290046
1162909003
858090
13693856
8302457
7228101
156521406941
115494452
1843120746
1117466890
1066011990
143479580995
4
1104
492
7860
5
8628
137706
103
61411
46
734
136396
60827
966342
727
85982
1372151
1028
611929
458
7321
10719867
8036
128258
57198
10617931
169446491
127038
75566958
56654
900044
106816529
80083
1278012
569946
9984409
13190731889
9889466
157821268
70382532
99488163
12285754718
397
32311
713722
66
1472
116966
91
119769
769
32311
713722
93391287
73659
58062092
119769
15671944
12360
346175671
273034
114089
58062092
7631931489
5992269
168580807754
132362506
91094507
28289459159
22211684
15286522
337662143
13714232625390
10767834324
7444238747
164434885570
27593734077
13376957332690
55
28756
569136
8
163
16271
12
85330
741
4000
79173
12966484
9853
41285957
11870
1944058
1477
38476481
29240
15292
5743361
944872091
714821
18700747719
14147619
12186405
2803794132
2121145
1827101
36161691
1356578820035
1026288453
888027487
17575688989
2635114617
1274965460624
1
1550
34239
3
86
6908
5
119769
788
91
2022
264638
213
2785434
7074
925696
748
20447589
16533
6908
164527
21626206
17408
477698658
384525
264638
1670976041
1345058
925696
20447589
38861307002
31281561
21626206
477698658
1670976041
38861307002
141
22284
2780
27
3
53714
38
537
711
10233
1277
33189097
24198
201615
246
6414056
4676
800416
583
48434
92587
2417155894
1754448
301639195
218939
29926810
58294172
42311
5783594
721740
21869168740
15873339
2179564164
271989896
52564209
19719562397
4
37637
321298
15934
205
0
7
62804
49
415
3548
80656
1040
30446618
691946715
8928285
5906887727
76217404
15934
693
336305
7643062
98619
65245937
841877
80656
559743542035
7222449757
691946715
5906887727
6182780832
79777291
7643062
65245937
559743542035
6182780832
16
29625
59727
12386
153
4
8
15345
47
1546
3117
296211
3661
5756769
547069027
6762955
1102942151
13634748
11919
800
300431
28550216
352942
57559897
711564
285057
106306688879
1314180455
526469058
1061410694
5547890306
68583915
27475153
55392470
102303694120
5338983642
389
38282
98517
63
200
77
199
19587
0
37524
96567
28475
89937
9495576
2800081
8843661
7205831
22758596
61
19199
9307585
2744646
8668576
7063172
22308027
27730
694531556
2193579261
2726825
7017309
680781390
2150151315
2672840
6878382
676360924
662970496
4
26870
36860
12364
151
1
1
8619
47
395
542
83439
1022
3227976
496194910
6079437
680680788
8339779
11793
126
47535
7307007
89526
10023762
122812
79582
59609045959
730336900
473259881
649218487
877807816
10755002
6969264
9560445
56853807715
837233947
397
32311
337048
713722
255427
66
695
1472
56559
119769
1249346
32311
337048
713722
117048726
27419293
58062092
9522041560
605661443
99326999964
210331219537
56559
119769
1249346
101635737
27419293
58062092
9522041560
605661443
99326999964
210331219537
49271219182
8080359808638
17110674171862
178486086427374
101635737
49271219182
8080359808638
17110674171862
178486086427374
14520037851628476
14520037851628478
139
22941
260827
552318
197663
27
316
670
51893
109887
1249346
10444
118743
251447
41236742
19467893
41224498
6760716946
468694863
76864810839
162766110013
23624
50027
568774
93250008
8862910
18767775
3077869282
213377003
34993306485
74100544981
34982916388
5737112692333
12148699846365
138122557569262
42452795
15926246374
2611865437389
5530790650207
62881374932916
10309329711120920
4693403005855692
11
32311
337048
567717
253527
1
20
34
56559
95268
993770
949
9903
16681
3413793
27419293
46184460
9451208533
481762642
98588121434
166059683511
1661
2799
29201
80844342
805693
1357091
277715862
14156192
2896929541
4879524995
39191916548
8020251234124
13509136417725
140917468592691
2375543
1151621708
235668378616
396954681735
4140742025727
11463789805005994
336853881167165
397
32311
102248
73296
255427
66
210
151
17158
12299
38922
32311
102248
73296
117048726
8318023
5962769
9522041560
18869012
30132226124
21600264855
17158
12299
38922
3166399
8318023
5962769
9522041560
18869012
30132226124
21600264855
1535014720
2451289468216
1757205110960
5560624937065
3166399
1535014720
2451289468216
1757205110960
5560624937065
452362905036571
452362905036571
307
25004
897
552318
193408
66
2
1471
194
119769
4297
24985
896
551910
88563407
72994
44931710
7210060342
1612367
258731860
159262147216
194
119680
4294
349639
72940
44898491
7204729786
1611175
258540574
159144401226
131167832
21048119125
12956149424323
464929347004
349380
131070857
21032557790
12946570659590
464585614565
37822509597020
37794546588167
180
32311
316574
4712
255427
30
297
4
53124
790
7747
14716
144189
2146
53311902
25753717
383347
9522041560
3755895
93293415244
1388684553
24196
360
3528
630274
11729984
174602
4336981397
1710688
42492127748
632500817
305546171
7589521109270
112971003423
1106847797965
287069
139166381
3456780949463
51454631570
504133307869
90043275888596
41011794583292
38
337048
713722
67
142
11355
9
1249346
788
32723
69293
9067114
7331
605661443
121295
15871678
12833
33609286
27176
11355
58802081
7729198524
6221648
16367067890
13174735
9067114
28650001156
23061930
15871678
33609286
13889017048985
11180018803
7729198524
16367067890
28650001156
13889017048985
60
260827
552318
136
289
23039
17
1249346
755
51375
108791
14235514
11023
468694863
246087
32200800
24934
68187236
52799
22062
92320198
12134965119
9354146
25696557970
19807998
13632257
58125733587
44805784
30836230
65297672
21805978574965
16808974481
11620722921
24607617514
55662545212
20881908810899
84
102248
570248
44
248
24755
18
302818
722
21640
120693
19766334
14632
146800923
64091
10496482
7770
58539805
43334
22663
31070521
5111582900
3766771
28507746784
21007617
18095434
15138420066
11155639
9609187
53591283
7338839997120
5408057739
4679487442
26097912463
13858729865
6718468677306
12
337048
73296
21
4
3579
2
128303
769
10383
2258
2857703
2284
62199266
3952
5002313
3999
1087834
869
3514
1916233
2436028998
1938673
529753959
421596
2806182
927316466
737989
4912128
1068221
449546725825
357764412
2392110846
520203246
910598264
441442035108
26
337048
2830
46
0
7804
6
4954
788
22488
188
6231107
5038
2401865
330
10907344
8819
91595
74
7804
160253
5311663969
4275644
44605225
35905
6231107
78079944
62850
10907344
91595
37851784948
30468942
5311663969
44605225
78079944
37851784948
19
260827
552318
44
94
7518
5
1249346
764
16765
35501
4645400
3638
468694863
80304
10507916
8230
22251180
17428
7282
30126363
3959938926
3087732
8385421728
6538468
4499903
18967862931
14790046
10178803
21554261
7115829550336
5548513712
3835911616
8122786036
18373779774
6892958133800
13851
203
42
13677
1544
159
6
1544
117576
200
358
115318
118307
203
361
117134
16005
204
49
15900
16005
187
44
14568
552318
157
307
1472
129339451
552318
71977
129339451
254027
202
782
251980
197663
159
788
197663
53943
357
91
52756
6568
312
11
6141
53102
360
92
52869
675
86
122073
3779
49
48
3779
7329
47
90
7078
337048
713722
397
1249346
695
1472
605661443
337048
713722
1249346
605661443
258866
438548
305
996890
694
1176
371661712
258866
438548
996890
371661712
878
16005
204
211
2
49
68406
874
15932
210
68093
14205
16005
200
3415
42
48
1105821
13821
15573
3323
1075957
11008
12386
155
3420
42
48
856985
10735
12078
3335
835691
180
713722
668
41
324299
33645
124712
60458548
293
552318
1403
89
526509
55708
266838
100104985
684
54344
43
788
160840466
130126
54344
160840466
3410
61411
48
54421
43
780
4236524
3372
60737
53824
4189983
117156
16005
199
28167
351
48
9120134
113811
15548
27363
8859732
91515
12381
158
28444
364
49
7124115
91293
12350
28375
7106802
35461
15814
186
8628
101
45
2760500
32498
14493
7908
2529863
234
35604
29
6165
5
771
284642
234
35604
6165
284642
2295
36639
29
61411
49
788
2852238
2295
36639
61411
2852238
26321
260827
550985
307
59539
125774
70
1246330
695
1468
22336381
47184516
26321
467563344
260827
550985
106731596
59539
125774
1246330
40040559569
22336381
47184516
467563344
106731596
40040559569
27957
260827
552318
307
63239
133914
74
1249346
695
1472
23724481
50238093
27957
468694863
260827
552318
113638801
63239
133914
1249346
42631810707
23724481
50238093
468694863
113638801
42631810707
34801
307894
713722
397
55648
128998
71
1141281
635
1472
26977656
62536137
34801
553273063
307894
713722
99998712
55648
128998
1141281
48477618548
26977656
62536137
553273063
99998712
48477618548
33298
337048
713722
397
58287
123427
68
1249346
695
1472
28256869
59835713
33298
605661443
337048
713722
104740401
58287
123427
1249346
50776305822
28256869
59835713
605661443
104740401
50776305822
118307
255427
198
453930
353
762
146973919
114376
246940
438848
142090672
34389
253767
189
131090
97
722
42444634
31710
233995
120877
39137667
116837
247478
200
445335
361
764
142399957
115482
244608
440170
140748516
5596
12253
9
447577
357
783
6952161
5560
12175
444725
6907853
324
998201
548
42
465814
60037
101576
86197623
142
1184624
313
18
253866
25318
55765
45182372
5479
82
103945
41
51662
781
5425
6807213
102914
51150
6739690
53574
364
453930
92
115668
787
53452
66556354
452894
115404
66404506
1013
101
128848
5
7633
761
983
1253196
124957
7402
1215358
28087
364
453262
48
60730
788
28087
34892948
453262
60730
34892948
3636
365
453930
6
7851
788
3636
4517711
453930
7851
4517711
28444
359
453930
48
61411
775
27965
35336660
446284
60377
34741427
4026
43
64030
41
61191
663
3397
4984493
54025
51629
4205648
28444
365
453930
49
61411
788
28444
35336660
453930
61411
35336660
44
24935
260827
441290
9
99
168
56404
95430
998201
3574
37392
63263
21160370
35800958
374477006
8086
13681
143103
80981934
3033578
5132471
53685508
30380525610
11609675
4355391496
47
33886
331392
713722
8
81
176
58322
125609
1228380
4057
39682
85463
28273654
60893143
595497434
6983
15040
147090
104802615
3385580
7291546
71306835
50806466145
12549412
6083734536
84
38282
337048
570248
16
148
250
67012
113377
998201
8160
71850
121562
32486336
54963213
483910325
14285
24169
212791
96211254
6925277
11716787
103157620
46641525480
20509841
9942810787
395
29645
335585
198
60
689
51668
29530
334279
90726
25047794
6798232
76955847
51467
24950304
6771772
76656321
5743907546
5721551243
668
5664
4
9
24724
17
40
150
341
0
384038
276
626
2343
5302
3
10231
23146
16
141
158927
359536
259
2194
9578
148787
6578
34821
80
192
3440
7
19
42
100
0
1114121
2570
6152
13604
32566
75
1344
3218
7
39
435277
1041983
2403
12723
1257
407093
118307
250194
84
189
444630
150
335
318
710
0
143962695
48837
108759
103280
230003
78
183544
408748
138
293
59428208
132344759
44896
94945
168732
54632291
3153
89901
197663
79
7111
15635
6
445742
179
394
1781774
3917546
1578
111685047
44998
98937
8834262
3559
7825
223108
2213510785
891836
1960859
55902011
4421836
1107934401
48
91552
197663
159
111
240
0
453930
365
788
27862
60155
48
113736675
91552
197663
138145
111
240
453930
34613688
27862
60155
113736675
138145
34613688
922
115450
249259
195
1679
3626
2
453930
356
769
530745
1145888
899
143424889
112569
243040
2086797
1637
3536
442604
659349346
517503
1117299
139846434
2034731
642898562
25965
24
3
5
7201
788
1598
4649
5750279
627
775446
7201
303972
377627161
5750279
775446
377627161
19
93
7290
115897
49
785
61175
3782
294475
4660136
7290
115897
9022188
61175
294475
4660136
364417848
9022188
364417848
387
29310
713722
59
1437
112028
91
108646
773
28619
696883
89448674
73734
52670091
106083
13616384
11224
331561497
273314
112028
51427444
6630914059
5441363
161463989536
132498218
89448674
24578964411
20169630
13616384
331561497
11915449981921
9777882371
6630914059
161463989536
24578964411
11915449981921
9
22054
260827
546659
195044
159
1
21
44
49888
104558
1236547
778
680
8047
16866
2757684
2249
18715621
39225491
6413355299
5231775
463893100
75846373298
61872631
158964064897
129676931
195044
1539
3226
38152
88728244
577450
1210260
197877164
161420
14312921
2340158088
1909013
4904664865
4001041
2757684
33286568135
5442343228148
4439659816
11406438627023
9304945516
6413355299
134896159916069
110043236061
75846373298
158964064897
2737614
1027021178
167917633659
136980917
351933368116
287094063
197877164
4162075601122
3395265426
2340158088
4904664865
9679450321660100
7896133124593
5442343228148
11406438627023
134896159916069
298649005584214
243626675818
167917633659
351933368116
4162075601122
9679450321660100
298649005584214
392
29645
337048
713722
255427
205
60
687
1455
51893
109887
1249346
788
29301
333142
705450
115692209
93126
25156991
53271523
8736399980
7032399
605661443
99326999964
79953658
210331219537
169306940
255427
51291
108613
1234867
93250008
24865438
52654142
8635150948
6950898
598642232
98175866483
79027049
207893621412
167344786
115692209
45205965083
7413668048638
5967661202
15698912103269
12636900932
8736399980
178486086427374
143673076021
99326999964
210331219537
92169302
44682058190
7327748595603
5898500001
15516972214362
12490447704
8635150948
176417552090576
142008001186
98175866483
207893621412
13322023181511902
10723614863392
7413668048638
15698912103269
178486086427374
13167629845100258
10599335341085
7327748595603
15516972214362
176417552090576
13322023181511902
13167629845100256
66
24400
260827
551645
197663
159
14
150
318
55194
116735
1247823
788
5292
56578
119662
19648247
15815
20706377
43793604
7190811626
5788272
468123387
76864810839
61872631
162567650519
130859468
197663
11972
25322
270676
99061336
4491599
9499649
1559821125
1255584
101544691
16673410727
13421327
35263954709
28385858
19648247
37163047069
6102089020847
4911900514
12905805199382
10388578564
7190811626
137954145774237
111046731261
76864810839
162567650519
21488250
8061357868
1323656890987
1065482811
2799509795341
2253476400
1559821125
29924826575056
24088106639
16673410727
35263954709
10951805762798382
8815699046516
6102089020847
12905805199382
137954145774237
2375650882372069
1912289504779
1323656890987
2799509795341
29924826575056
10951805762798382
2375650882372069
26
29496
335353
567379
242471
204
4
45
77
51893
87797
998201
752
1950
22178
37524
7348498
6199
25030415
42348637
8293259530
6997016
481475559
94288790683
79551376
159525990237
134591948
242471
3432
5806
66017
74504729
1655416
2800777
548484583
462755
31842958
6235901324
5261224
10550441113
8901398
7348498
35936854755
7037621141166
5937635233
11906860543203
10045808556
8293259530
135373007123869
114214096015
94288790683
159525990237
4927458
2376726634
465441445117
392692568
787474384721
664391497
548484583
8953054846489
7553685092
6235901324
10550441113
10104106012705812
8524826025543
7037621141166
11906860543203
135373007123869
668247069548529
563799509112
465441445117
787474384721
8953054846489
10104106012705812
668247069548529
185
337048
713722
324
687
54582
43
1249346
779
157285
333061
43581450
34838
605661443
583013
76287861
60982
161544382
129135
53960
282634545
37150702091
29563476
78668966952
62602535
43084308
137707377351
109583629
75417631
159701615
66758116391000
53124217640
36726917177
77771575529
136136523886
65996594238648
86
36675
77181
712852
16
34
318
20
14701
135780
285740
7953
16738
154598
16377
7126817
65824019
138521730
3188
29447
3119
61969
6564
60633
26384932
1545619
14275495
1512285
30041713
3182492
29393824
12790951712
5722196
606185
5598790
11782235
2774020357
293868017
2714195041
5711820699
1087959300
527423548678
394
36761
326307
713722
75
668
1462
93
62299
136265
1209532
36520
324169
709044
75021
30201744
66059286
586360218
61891
135372
14323
1201605
127137
278084
111949513
30003796
65626320
6943698
582517094
61634160
134810381
54271156815
111215773
11767364
25738370
228460787
53915452653
5704611445
12477509811
110753774657
21145416823
10250926454109
