28
1159
0
0
0
0
1324
1
5747
1005
0
3733
0
48
8
48
0
33
0
0
0
24
0
0
996
31
17
936
0
32
0
0
0
25
0
0
1160
25
28
1160
1160
24
27
1106
0
0
0
0
8
36
36
0
25
112
8
24
2280
17
0
3545
0
0
25
0
0
0
28
0
0
0
28
0
0
2
0
0
0
0
2
0
0
0
0
0
1
0
25
1
142
51
284
1030
0
24
0
24
0
0
988
0
0
0
18
1139
25
28
230873
5228
1139
230873
0
0
0
27
0
0
0
0
0
0
0
426
9
28
0
0
0
426
0
0
0
0
0
0
25
0
0
0
0
0
888
0
32
0
16
0
0
872
0
0
0
996
0
24
0
14
0
0
741
0
0
0
0
208
4
0
0
28
0
0
208
0
0
0
1160
24
0
0
26
0
0
1091
0
0
0
1160
24
0
0
27
0
0
1124
0
0
2
44
106
33
80
1568
193
463
9011
6837
39280
0
1138
25
0
0
28
0
0
1138
0
0
0
1160
24
0
0
27
0
0
1101
0
0
0
23
1085
27
42
1939
1057
1889
0
0
0
26
0
0
0
0
0
1718
0
0
0
0
0
0
0
0
1
25
1150
28
0
44
1
1142
44
0
17
839
0
0
27
0
0
810
0
0
0
0
0
0
0
0
0
0
0
0
0
0
1
47
105
0
0
0
31
70
1685
0
0
0
180
402
9668
0
0
0
6397
0
0
0
36703
0
0
0
1
0
33
0
0
0
0
0
0
0
0
0
0
1
0
0
0
0
0
0
0
0
0
0
0
0
1496
0
25
0
0
0
0
22
0
0
0
0
0
1169
0
0
0
0
0
0
0
0
0
0
0
184
0
205
4
0
1123
24
0
0
27
0
8201
181
0
0
202
0
0
1106
0
0
0
8071
0
0
0
0
0
208
4
0
0
0
0
0
25
0
0
0
0
0
184
0
0
0
0
0
0
0
0
0
0
0
0
1442
32
0
0
0
0
0
27
0
0
0
0
0
1423
0
0
0
0
0
0
0
0
0
0
0
996
1477
31
0
0
0
848
18
26
0
0
0
44351
944
1400
0
0
0
803
0
0
0
42026
0
0
1
0
0
0
0
28
0
0
0
0
0
0
0
0
0
0
0
0
0
0
0
0
27
0
0
0
0
0
0
0
0
0
0
0
0
25
766
1130
18
27
844
0
0
0
752
1109
33945
828
0
0
0
33316
0
0
25
0
1150
0
28
0
0
0
0
0
1150
0
0
0
0
0
0
0
0
25
0
1150
0
28
0
0
0
0
0
1143
0
0
0
0
0
0
0
0
0
0
1136
23
0
0
0
0
0
26
0
0
2263
47
0
0
0
0
0
1040
0
0
0
0
0
0
0
0
0
2072
0
0
0
0
0
0
0
0
0
0
0
0
0
0
0
0
0
0
0
0
0
26
0
0
0
0
0
0
0
0
0
0
0
0
0
0
0
0
0
0
0
0
0
0
0
0
0
0
0
0
0
0
0
0
1
106
0
18
1150
24
37
27
1
106
6580
145
212
37
2291
50
233010
5139
1120
212
13429
290
1365823
29526
6409
475518
10279
2231
226958
2731647
59053
13080
1330347
463167
2660695
0
0
0
0
0
0
0
0
26
0
0
0
0
0
0
0
0
0
0
0
0
0
0
0
0
0
0
0
0
0
0
0
0
0
0
0
0
0
5
0
0
0
0
37
28
0
0
0
0
10
0
0
0
0
0
0
0
0
0
0
0
0
0
0
0
0
0
0
0
0
0
0
0
0
0
0
0
0
0
0
25
0
0
0
0
0
0
0
0
0
0
0
0
0
0
0
0
0
0
0
0
0
0
0
0
0
0
0
0
2
46
0
33
0
0
34
0
0
0
0
0
196
0
1809
0
37509
0
0
0
0
0
0
0
0
0
160039
0
0
0
0
0
0
0
0
0
1
0
0
24
0
0
0
0
0
0
0
0
0
0
1380
0
0
0
0
0
0
0
0
0
0
0
0
0
0
0
0
0
0
0
0
0
2
0
0
32
0
0
0
0
2
0
0
403
0
0
1802
0
0
0
0
0
0
1758
0
0
0
0
0
0
0
0
0
0
0
0
0
0
1
0
0
24
0
0
0
0
0
0
0
0
0
0
1201
0
0
0
0
0
0
0
0
0
0
0
0
0
0
0
0
0
0
0
0
0
1
48
106
1496
0
8
18
16
37
1718
1
48
106
19131
97
212
38262
9870
1775927
3891540
16
37
1718
3436
97
212
38262
9870
1775927
3891540
19740
3551855
7783080
361243094
3436
19740
3551855
7783080
361243094
722486188
722486188
0
0
37
82
1160
0
0
0
15
33
1718
0
0
0
0
67
147
26541
7621
1373592
3009915
0
0
0
3081
0
0
0
0
0
0
13671
2463827
5398915
279403785
0
0
0
0
0
501169400
0
0
1
48
0
1482
0
0
0
16
0
0
0
0
0
0
97
0
37911
0
1759635
0
0
0
0
0
0
0
0
0
0
0
0
3519271
0
0
0
0
0
0
0
0
0
0
1
0
0
1496
0
0
0
0
0
0
1
0
0
19131
0
0
38262
0
0
0
0
0
0
0
0
0
38262
0
0
0
0
0
0
0
0
0
0
0
0
0
0
0
0
0
82
1138
0
0
18
0
37
0
0
0
82
14505
0
164
29035
0
0
2953074
0
36
0
0
0
164
29011
0
0
2950605
0
0
5906148
0
0
0
0
5901211
0
0
0
0
1
45
0
1496
0
0
0
15
0
0
0
0
0
0
91
0
38262
0
1665713
0
0
0
0
0
0
0
0
0
0
0
0
3331426
0
0
0
0
0
0
0
0
0
0
48
106
0
0
0
0
1718
28
0
0
0
0
9870
0
0
0
0
0
0
0
0
0
0
0
0
0
0
0
0
0
0
0
0
0
0
0
37
81
0
0
0
0
1718
27
0
0
0
0
7585
0
0
0
0
0
0
0
0
0
0
0
0
0
0
0
0
0
0
0
0
0
0
0
0
0
0
0
0
0
0
26
0
0
0
0
0
0
0
0
0
0
0
0
0
0
0
0
0
0
0
0
0
0
0
0
0
0
0
0
48
0
0
0
0
0
0
27
0
0
0
0
0
0
0
0
0
0
0
0
0
0
0
0
0
0
0
0
0
0
0
0
0
0
0
0
48
0
0
0
0
0
0
28
0
0
0
0
0
0
0
0
0
0
0
0
0
0
0
0
0
0
0
0
0
0
0
0
0
0
0
0
37
82
0
0
0
0
1718
27
0
0
0
0
7621
0
0
0
0
0
0
0
0
0
0
0
0
0
0
0
0
0
0
0
0
0
0
0
32
0
0
0
25
0
0
989
32
18
970
996
32
18
986
0
32
0
0
0
30
0
0
82
25
0
18
65948
82
324
65948
1486
32
28
1474
1160
25
28
1160
762
18
24
746
0
16
0
0
752
18
25
748
8
23
2206
0
0
0
0
0
0
24
0
48
106
0
1717
8
18
9864
48
106
1717
9864
36
0
0
0
8
0
0
36
0
0
0
0
0
33
0
0
0
0
0
0
0
0
0
0
32
0
0
0
0
0
0
0
0
0
0
25
0
0
0
0
0
0
0
0
0
106
0
0
0
0
0
0
0
81
17
24
77
108
4985
22023
0
0
0
28
0
0
0
0
0
0
0
0
0
28
0
0
0
0
0
986
0
32
0
18
0
0
958
0
0
0
772
0
25
0
19
0
0
770
0
0
0
0
0
29
0
0
0
0
0
0
0
0
0
203
4
0
0
28
0
0
203
0
0
0
208
4
0
0
28
0
0
208
0
0
1
37
81
0
31
69
0
1715
8
18
140
307
1
7609
37
81
6437
31
69
1715
28555
140
307
7609
6437
28555
1
37
82
0
34
75
0
1718
8
18
152
335
1
7621
37
82
7011
34
75
1718
31100
152
335
7621
7011
31100
2
44
106
0
29
72
0
1563
7
18
171
414
2
8981
44
106
6089
29
72
1563
34981
171
414
8981
6089
34981
1
48
106
0
31
69
0
1718
8
18
181
398
1
9870
48
106
6440
31
69
1718
36998
181
398
9870
6440
36998
993
1491
32
858
18
27
44765
961
1443
831
43322
0
1483
30
0
0
26
0
0
1367
0
0
973
1422
32
836
18
27
42713
962
1406
826
42223
45
68
1
848
18
28
2039
44
68
843
2026
0
0
0
0
0
0
0
0
0
1625
0
0
0
0
0
0
0
0
0
0
0
28
0
0
0
0
0
757
18
858
25
1137
28
754
34134
855
1132
33984
0
0
0
0
0
27
0
0
0
0
0
0
19
856
0
0
28
0
0
856
0
0
0
19
858
0
0
28
0
0
858
0
0
0
18
858
0
0
28
0
0
844
0
0
0
0
0
0
0
24
0
0
0
0
0
0
19
858
0
0
28
0
0
858
0
0
0
1
37
0
0
0
0
30
0
0
0
0
0
135
0
0
0
0
0
0
0
0
0
0
0
0
0
1
47
105
0
0
0
31
70
1685
0
0
0
180
402
9668
0
0
0
6397
0
0
0
36703
0
0
0
2
48
0
0
0
0
36
0
0
0
0
0
210
0
0
0
0
0
0
0
0
0
0
0
0
0
0
48
32
0
8
15
0
48
407
86
736
38021
15
86
731
37761
68199
67732
0
45
0
1
0
0
0
0
17
0
0
0
0
0
42
0
0
0
0
0
0
0
0
0
0
0
0
0
0
31
0
0
0
0
0
0
0
0
0
0
0
0
0
0
0
0
0
0
0
0
0
0
996
1452
0
30
833
0
17
0
25
0
43598
0
916
0
1335
0
0
766
0
0
0
40080
0
0
0
0
0
756
1160
12
0
0
0
840
9
14
0
0
0
34090
378
581
0
0
0
420
0
0
0
17069
0
0
0
773
1160
25
0
0
0
858
19
28
0
0
0
34835
773
1160
0
0
0
858
0
0
0
34835
0
0
0
971
1458
31
0
0
0
858
18
27
0
0
0
43790
948
1423
0
0
0
837
0
0
0
42716
0
0
0
0
0
0
0
28
0
0
0
0
0
0
0
0
0
0
0
0
25
0
1134
0
28
0
0
0
0
0
1134
0
0
0
0
0
0
0
0
0
106
0
18
1098
24
32
28
0
103
6281
145
184
31
1894
43
222435
5141
1098
179
11104
251
1303834
29533
6281
393207
8906
1894
222435
2258807
51165
11104
1303834
393207
2258807
0
0
37
81
1143
25
0
0
0
14
31
1700
28
0
0
0
0
0
64
140
25229
568
7542
1353296
30486
2934694
66111
1143
0
0
0
2942
0
0
0
0
0
0
0
0
0
0
13053
2342005
52760
5078762
114412
25229
272421265
6137026
1353296
2934694
0
0
0
0
0
0
0
0
0
0
0
471450321
10620694
2342005
5078762
272421265
0
0
0
0
0
471450321
0
0
0
48
106
1496
33
0
8
18
15
33
1718
28
0
47
104
18815
417
87
190
34316
761
9870
1775927
39416
3891540
86372
1496
14
32
1689
3081
85
187
33749
749
9707
1746609
38765
3827295
84946
18815
17704
3185499
70701
6980294
154926
34316
361243094
8017731
1775927
3891540
3031
17411
3132911
69534
6865059
152368
33749
355279456
7885370
1746609
3827295
647965396
14381487
3185499
6980294
361243094
637268359
14144068
3132911
6865059
355279456
647965396
637268359
0
0
37
82
1160
25
0
0
0
16
36
1716
28
0
0
0
0
0
72
159
28821
639
7615
1373592
30486
3007454
66749
1160
0
0
0
3343
0
0
0
0
0
0
0
0
0
0
14833
2675468
59381
5857883
130014
28821
279175337
6196251
1373592
3007454
0
0
0
0
0
0
0
0
0
0
0
543774438
12068985
2675468
5857883
279175337
0
0
0
0
0
543774438
0
0
0
48
0
1440
33
0
0
0
15
0
0
27
0
0
0
0
0
86
0
33016
758
0
1708687
39257
0
0
1440
0
0
0
0
0
0
0
0
0
0
0
0
0
0
0
3064890
70416
0
0
33016
0
0
1708687
0
0
0
0
0
0
0
0
0
0
0
0
0
0
3064890
0
0
0
0
0
0
0
0
0
0
48
106
0
0
0
0
1718
28
0
0
0
0
9870
0
0
0
0
0
0
0
0
0
0
0
0
0
0
0
0
0
0
0
0
0
0
0
2
0
106
0
0
0
0
0
76
0
0
0
0
0
0
441
0
0
0
0
0
0
0
0
0
0
0
0
0
0
0
0
0
0
0
0
0
0
0
0
0
0
2
46
106
0
8
18
25
33
75
1662
2
46
105
147
191
432
9547
33
74
104
1648
2311
5234
6769
189
429
601
9470
13274
30066
38879
6715
9412
21318
470126
38568
52978
119995
2646250
1876286
10996083
