788
197663
12960
16748
12386
53714
30357
87
4852122
23152
78
3395242
446
393685
796
393565
4251
205
13
4251
10623
154
41
10333
118307
199
355
115056
15955
202
48
15782
78
156
0
61
197663
159
788
197663
197663
154
763
191350
22
7329
294761
87
797
77346
77346
87
94
15101
757
91
130541
1576
48
311054
7276
49
92
7235
61411
48
774
60274
243
0
774
239
444
43171
643386
87
1305
126769
43137
642882
62425063
126670
62376217
438
35752
73
92
35752
74460
12527
6075293
23542
49
152
29
90
0
7267
22593
47
27
6975
1622
116018
93
788
345889078
279816
116018
345889078
232
16422
13
754
48962024
38997
15936
47511073
3072
61411
49
49034
39
788
3817121
3072
61411
49034
3817121
3400
57725
47
51355
42
722
3984621
3301
56029
49846
3867528
106035
15936
203
25384
323
48
8218878
104870
15761
25105
8128588
118307
85
160
151
285
0
48959
92501
66
118
38279
2295
36639
29
61411
49
788
2852238
2295
36639
61411
2852238
65
197663
148
326
0
737
81799
61
184821
305
76485
65
197663
154
324
0
764
81424
63
191590
314
78922
43296
359759
807591
70680
158665
1318391
34905988
78357234
651091715
127917917
63172674868
12960
196475
159
63874
51
784
16004469
12960
196475
63874
16004469
20964
197663
154
103945
81
764
26044639
20326
191644
100780
25251514
65
89
113527
770
11064
13999806
110911
13677282
9
11
15775
737
1556
2057866
14746
1923601
372
1442716
763
43
673249
64173
131644
116141669
7668
51
64261
93
116955
783
7615
9526956
63818
116149
9461277
7393
350
443571
12
16336
774
7256
9185446
435354
16033
9015291
8628
2
137243
1
61205
18
197
10683889
3148
1403
245073
54
39709
387051
807295
9
96
200
69794
145573
1418923
4870
47472
99016
34455438
71865771
700482926
8560
17854
174033
126313181
4226012
8814447
85915312
62357271214
15492506
7648215628
3409
16748
63
205
857
3
10
15
51
0
277706
1052
3409
5170
16748
63
264
857
3
15
85731
277706
1052
5170
264
85731
182
255427
16005
160
699
43
0
61411
616
38
226384
14185
142
19883990
199711
12514
54429
546
34
48016
17623123
177003
11091
15546741
42556
13779031
4336
9
36087
29
28
114240
91
239
0
764
1338
5305838
4266
11140
8
35504
35267
28
112393
235
1637981
1317
5220049
10960
34697
1611497
629
2295
36639
26
1055
16844
12
61411
44
707
49024
782353
565
2852238
2060
32876
1311312
947
15115
55105
60903125
43989
702013
2559340
1176653
54648951
14170
35821
248213
202
7654
53038
43
134072
109
758
2473632
17140118
13993
43327412
35372
245099
9258224
7558
52372
132390
2991925554
2442593
16925043
42783739
9142051
2954382816
4390
118307
252030
197
7802
16620
13
447893
350
746
2526184
5381535
4210
145019202
113466
241717
9563749
7482
15940
429566
3096558283
2422819
5161336
139085375
9172424
2969854788
36408
208
34
43
54582
788
16990
35922
44405092
5934
7336250
54582
2930953
3641145035
44405092
7336250
3641145035
33404
64
9
12
16844
752
4810
10573
13704014
1602
2077263
16065
791518
1030992311
13070213
1981191
983309652
22
92
54175
114541
358
758
444522
3734
2189639
4606455
53172
112419
65907808
436287
2149077
4521123
2663826015
64686901
2614480070
22
94
7329
116966
49
788
61411
3805
296234
4703950
7329
116966
9105335
61411
296234
4703950
368014512
9105335
368014512
22
93
38
116966
0
785
322
3790
1557
4703950
38
116522
47876
321
1551
4686102
1935064
47695
1927722
73
12340
7290
116346
85
6513
103945
76
61411
45
720
1666867
984796
15637714
11548
960621
15330095
11264
9057123
6655
106210
8091766
5946
94890
56061
129758961
2070761238
1521654
1223419721
899003
14275400
1193386606
876934
13994580
8268092
7386834
161200483135
118454728
1890362382
1116838860
1089422144
147157153508
9
2366
1055
16844
12
8625
137706
105
61388
47
751
293336
130766
2077263
1599
184181
2940403
2253
1310804
1004
16037
10715718
8212
131108
58446
22826204
364413539
279282
162452244
124501
1977740
228810026
175357
2799526
1248003
10202320
28357156485
21732584
346954217
154669037
217847569
26998544171
446
36408
807591
73
1635
116966
92
133423
773
36408
807591
95156284
75480
65891786
133423
15720952
12470
348713621
276610
114689
65891786
7802659737
6158513
173074350905
136604798
93303878
28593946666
22568741
15414913
341925219
14121212549829
11145645739
7650765494
169705115480
28037308796
13846315146968
64
33396
645100
9
188
16844
12
97807
742
4809
92904
13700869
10430
48291314
14085
2077263
1581
40124922
30547
15852
6954715
1030755722
780823
19910323993
15082570
12893598
3018713063
2286750
1954868
37760714
1490459053266
1129060138
970022386
18737184354
2840846949
1402639457924
2
1746
38742
9
210
15072
12
133423
788
225
4992
588240
475
3161051
17192
2025797
1638
44935128
36351
15072
407332
48234752
38826
1069917033
861233
588240
3684607050
2965938
2025797
44935128
87295002145
70268454
48234752
1069917033
3684607050
87295002145
158
25850
3147
31
3
53714
39
616
714
11871
1445
33816334
24783
235583
283
6623844
4854
806397
590
48661
108186
2544099988
1855257
309722853
225862
30635539
60667601
44241
6000799
730547
23185420326
16907718
2304799645
280590041
54961152
21004578749
62
42742
374506
15929
205
12
106
72637
49
6011
52676
1133028
14624
35872052
771574587
9958814
6760496627
87258621
15929
10216
5045630
108526824
1400770
950906423
12273474
1133028
647552562978
8358046318
771574587
6760496627
91082345840
1175611848
108526824
950906423
647552562978
91082345840
38
33505
69763
12386
156
9
20
17711
48
3746
7801
700454
8831
6768848
607707924
7661928
1265355476
15953490
12156
1980
756983
67962102
856860
141509128
1784134
687478
122772089124
1547899690
596450461
1241915446
13730032086
173107035
66703141
138887747
120497802148
13475690620
439
43296
119430
63
200
86
238
23464
0
42664
117688
31629
99672
11587788
3114249
9813913
8590472
27071100
61
23121
11418840
3068844
9670827
8465225
26676407
30770
833497254
2626594400
3029683
8357203
821344977
2588299009
2985511
8235356
810864081
799041793
23
30417
43128
12386
154
5
7
9940
48
2090
2963
430378
5372
3799027
551710330
6887370
782265070
9765540
12036
683
261044
37909980
473255
53752217
671025
418243
68906033642
860200311
536154272
760208277
4734778812
59107424
36841068
52236616
66963155001
4601276706
446
36408
393685
807591
255427
73
797
1635
65041
133423
1442716
36408
393685
807591
129163621
32120986
65891786
10538516789
712490228
113953356059
233759642744
65041
133423
1442716
117711882
32120986
65891786
10538516789
712490228
113953356059
233759642744
58132391653
9297504530609
19072552249925
206232184372099
117711882
58132391653
9297504530609
19072552249925
206232184372099
16826574792229644
16826574792229644
157
25850
304656
624960
197663
30
364
747
59675
122415
1442716
11816
139264
285681
45690928
22806128
46783637
7482421853
551364969
88183508643
180896343813
27278
55958
659493
107999749
10425120
21385701
3420359099
252039543
40310379724
82691201814
41274411731
6601294325784
13541647711078
159594050074505
49368764
18867328318
3017578740516
6190147905526
72953513182518
11946987746298166
5461198131346776
64
36408
393685
645248
253584
10
114
188
65041
106602
1152699
5243
56696
92926
18467428
32120986
52646106
10462498134
569264216
113131363649
185421636467
9367
15352
166006
94049237
4625931
7581874
1506765657
81983075
16292710526
26703656270
46446518264
9230437807707
15128633019232
163586445759106
13544581
6689035229
1329329430689
2178763081180
23559042522105
13347090188378062
1922192659882208
446
36408
119430
82936
255427
73
241
167
19731
13702
44946
36408
119430
82936
129163621
9744347
6766850
10538516789
22197196
34569333353
24006279379
19731
13702
44946
3667241
9744347
6766850
10538516789
22197196
34569333353
24006279379
1811079006
2820527140158
1958682912177
6425037211533
3667241
1811079006
2820527140158
1958682912177
6425037211533
524221617066661
524221617066661
345
28174
1048
624960
193203
73
2
1634
223
133423
4963
28154
1047
624498
97626179
85511
50990766
7971255220
1896762
296515992
176814044118
223
133325
4959
404943
85447
50953075
7965363020
1895360
296296813
176683346543
154757686
24192870472
14426335766857
536633083357
404643
154643292
24174987563
14415672094054
536236414397
43784129720580
43751765325291
208
36408
369908
5332
255427
34
349
5
61113
880
8950
16990
172619
2488
60274757
30181035
435041
10538516789
4420018
107071130419
1543367668
28518
411
4176
730239
14084109
203014
4917844054
2062620
49965202184
720219141
360631220
8735980708267
125924048116
1279385937171
340769
168290105
4076682861695
58762997077
597030934217
104385662332415
48712016984485
200
393685
807591
358
735
52624
42
1442716
788
177123
363344
42811844
34633
712490228
649093
76480895
61871
156890041
126920
52624
320557104
37959174654
30555386
77868027876
62680174
42811844
139106747191
111974522
76480895
156890041
68698314615317
55298978065
37959174654
77868027876
139106747191
68698314615317
158
304656
624960
366
750
53714
42
1442716
769
139906
286999
33816334
26690
551364969
662536
78064807
61614
160139219
126394
52406
253202486
29983295207
23547429
61506607777
48304313
32992836
141987638921
111510222
76163766
156239495
54263609946720
42616013921
29253139427
60008793581
138529943742
52942177856226
203
119430
645248
110
597
53448
40
349687
738
54574
294850
43482249
32920
172694207
159791
23564862
17840
127314657
96389
50020
78913676
11695766650
8810807
63189104131
47602441
40693777
34244836910
25797767
22053671
119150099
16911922875686
12740310573
10945729152
59136851805
32048750703
15827378637416
63
393685
82936
113
23
16477
13
148161
770
55909
11778
13405168
10762
73170198
21041
23947561
19226
5044975
4050
16221
10391289
11885709115
9495146
2503933745
2000319
13197068
4473133428
3573455
23575802
4966657
2209071334137
1764762647
11701197050
2465063032
4403693138
2174778023577
64
393685
3202
114
0
16844
13
5721
788
56696
461
13704014
11086
2825515
823
24481431
19804
199158
161
16844
406919
12150680785
9780738
98846608
79566
13704014
176583772
142141
24481431
199158
87206464342
70197185
12150680785
98846608
176583772
87206464342
49
304656
624960
114
235
16844
13
1442716
764
43875
90004
10604936
8310
551364969
207774
24481431
19185
50220291
39355
16317
79405299
9402879469
7332011
19288714450
15040613
10273047
44527882801
34721167
23715269
48648614
17017281803038
13269435837
9108610143
18685061384
43134353283
16484714723371
13999
203
42
13830
3373
159
13
3373
117627
202
361
116259
118307
203
362
117251
16005
203
49
15871
16005
186
44
14540
624960
157
345
1635
143746340
624960
79426
143746340
255019
203
782
252964
197663
159
788
197663
53968
358
92
52968
6561
311
11
6119
53093
360
92
52860
774
86
127048
3805
49
48
3805
7329
47
90
7072
393685
807591
446
1442716
797
1635
712490228
393685
807591
1442716
712490228
303996
499329
345
1150204
795
1306
439575414
303996
499329
1150204
439575414
4203
16005
204
1010
12
49
327213
4180
15919
1005
325460
14225
15999
199
3418
42
47
1106993
13799
15519
3316
1073804
11008
12386
155
3420
42
48
856985
10734
12077
3335
835648
208
807591
763
43
376980
35264
129231
63821370
337
624960
1599
92
611309
58269
275939
105456325
760
54374
43
788
162106945
131141
54374
162106945
3420
61411
48
54582
43
780
4249044
3382
60737
53983
4202365
117224
16005
201
28184
355
48
9125451
115052
15709
27661
8956406
91552
12386
158
28444
364
49
7127018
91330
12356
28375
7109698
35476
15821
192
8628
104
46
2761670
33541
14958
8158
2611070
235
35792
29
6160
5
770
286143
235
35792
6160
286143
2295
36639
29
61411
49
788
2852238
2295
36639
61411
2852238
29681
304656
622717
345
68519
140053
77
1437540
797
1629
26186055
53524371
29681
549386823
304656
622717
123560693
68519
140053
1437540
47221359049
26186055
53524371
549386823
123560693
47221359049
31615
304656
624960
345
72984
149718
82
1442716
797
1635
27892742
57218126
31615
551364969
304656
624960
132087704
72984
149718
1442716
50480138441
27892742
57218126
551364969
132087704
50480138441
39723
358025
807279
446
64536
145517
80
1311525
724
1634
31871549
71864331
39723
647701332
358025
807279
116752570
64536
145517
1311525
57658632506
31871549
71864331
647701332
116752570
57658632506
39723
393685
807591
446
70964
145573
80
1442716
797
1635
35046055
71892163
39723
712490228
393685
807591
128431209
70964
145573
1442716
63426165989
35046055
71892163
712490228
128431209
63426165989
118307
255427
201
453930
358
774
146973919
116115
250695
445521
144251306
35890
253482
191
136657
103
730
44247092
33491
236541
127524
41289971
116790
247271
201
445141
363
768
142281103
116026
245652
442227
141349613
5609
12253
9
448679
358
783
6969278
5574
12175
445820
6924861
372
1152699
609
42
537912
62458
102368
90314008
348
1367340
747
41
627921
57394
123006
103360668
5479
82
103944
41
51663
781
5425
6807296
102910
51149
6739602
53574
363
453930
92
115668
784
53269
66556354
451341
115009
66176743
2365
108
137016
13
16750
767
2313
2923906
134012
16383
2859808
28055
364
452756
48
60730
788
28055
34853992
452756
60730
34853992
7802
365
453930
13
16844
788
7802
9692659
453930
16844
9692659
28444
361
453930
48
61411
780
28149
35336660
449225
60775
34970370
4026
47
63977
45
61140
723
3709
4980358
58935
56321
4587858
28444
365
453930
49
61411
788
28444
35336660
453930
61411
35336660
49
30656
304656
499329
11
114
188
70769
115990
1152699
4414
43875
71911
27046055
44328324
440528634
10191
16704
166006
102331674
3895060
6383981
63443109
39108235704
14737383
5632206162
54
39709
387051
807295
9
96
200
69794
145573
1418923
4870
47472
99016
34455438
71865771
700482926
8560
17854
174033
126313181
4226012
8814447
85915312
62357271214
15492506
7648215628
205
43296
393685
645248
40
367
602
77346
126769
1152699
19958
181480
297445
38197653
62605728
569264216
35654
58438
531369
111841528
17608311
28859918
262418783
55233298825
51556583
25461384423
444
33404
393222
201
67
793
59604
33274
391691
101647
29436060
7638928
89922006
59372
29321487
7609195
89572008
6731435863
6705235452
681
5646
4
9
25101
18
41
150
342
0
389900
281
640
2336
5313
3
10387
23622
17
141
161353
366926
265
2198
9775
151846
14097
35890
80
192
7600
17
40
43
103
0
2460765
5526
13184
14068
33566
75
2979
7107
15
40
964623
2301433
5168
13158
2786
902165
118307
250165
85
196
444578
151
349
319
738
0
143946129
48959
113043
103526
239035
81
183981
424800
144
305
59569536
137542170
46781
98920
175796
56919372
3181
89448
197663
79
7138
15775
6
443496
178
395
1788702
3952694
1593
111122345
44802
99006
8868614
3575
7901
222138
2222117942
895926
1979826
55659004
4442115
1113015313
226
91552
197663
159
521
1125
0
453930
365
788
130612
281993
226
113736675
91552
197663
647591
521
1125
453930
162260491
130612
281993
113736675
647591
162260491
4295
115759
249926
197
7802
16844
13
453930
358
774
2471778
5336609
4216
143808548
113614
245296
9692659
7657
16532
445521
3070707496
2425989
5237751
141144572
9513107
3013824290
31892
61
8
13
16234
788
4426
10684
13207415
1546
1911382
16234
763629
948661789
13207415
1911382
948661789
21
93
7290
116005
49
786
61231
3785
294666
4665332
7290
116005
9030581
61231
294666
4665332
364993196
9030581
364993196
435
32958
807591
65
1596
111875
91
120780
772
32180
788538
91014654
75163
59648035
117931
13611863
11241
333536032
275446
111875
58240753
6755871334
5551488
165541371892
136029966
91014654
24757842982
20344210
13611863
333536032
12226740404212
10047053940
6755871334
165541371892
24757842982
12226740404212
49
25850
304656
619264
195688
159
9
114
233
59675
121299
1429567
781
3722
43875
89183
14251112
11587
22806128
46357246
7407645278
6023004
546339777
87302235051
70983661
177456302488
144286089
195688
8594
17469
205880
107015429
3284444
6676178
1066818398
867408
78681592
12572906381
10222772
25556521854
20779485
14251112
40898232863
6535323415211
5313737784
13284131020805
10801055197
7407645278
156559106880047
127295007290
87302235051
177456302488
15411919
5889994141
941190216097
765262512
1913125541276
1555523243
1066818398
22546994276294
18332499833
12572906381
25556521854
11719796136473318
9529126502845
6535323415211
13284131020805
156559106880047
1687836508998853
1372345339721
941190216097
1913125541276
22546994276294
11719796136473320
1687836508998853
442
33404
393685
807591
255427
205
67
790
1620
59675
122415
1442716
788
33107
390188
800418
128016298
103047
29470758
60455209
9669008352
7783106
712490228
113953356059
91727201
233759642744
188165742
255427
59145
121327
1429901
107999749
29208978
59918203
9583121361
7713971
706161384
112941141509
90912415
231683223763
186494320
128016298
53336023627
8530389120736
6866570213
17498920455677
14085824723
9669008352
206232184372099
166007406496
113953356059
233759642744
107040418
52862255227
8454616152905
6805576465
17343482630041
13960704435
9583121361
204400283804510
164532810941
112941141509
231683223763
15438253358665582
12427082652997
8530389120736
17498920455677
206232184372099
15301119840071386
12316696488806
8454616152905
17343482630041
204400283804510
15438253358665582
15301119840071386
161
27499
304656
623582
197663
159
33
372
761
63483
129940
1439537
788
12832
142169
290997
46643993
37546
24261458
49659363
7959898273
6407351
550149854
88183508643
70983661
180497679081
145292315
197663
29624
60637
671766
114638345
11321713
23173754
3714520665
2990017
256729789
41151212482
33124830
84230016006
67801282
46643993
43811492942
7022543280369
5652823784
14374034134710
11570435210
7959898273
159242331969485
128182740318
88183508643
180497679081
53496475
20444821066
3277099937904
2637914461
6707704671890
5399393210
3714520665
74311117123005
59817025480
41151212482
84230016006
12681352619427570
10207904579113
7022543280369
14374034134710
159242331969485
5917807583733420
4763562448358
3277099937904
6707704671890
74311117123005
12681352619427570
5917807583733420
63
33238
391734
642050
242740
204
9
114
188
59675
97807
1152699
753
4786
56415
92465
17677709
14899
29324677
48062973
9188770061
7744526
566442489
108293544527
91272526
177492479515
149595130
242740
8594
14085
166006
86289453
4223218
6921830
1323328614
1115334
81576701
15595987849
13144691
25561731920
21544071
17677709
42403093857
8106703532273
6832533862
13286839182544
11198482624
9188770061
156591023712428
131978857730
108293544527
177492479515
12427049
6106717990
1167493873619
983993234
1913515559515
1612759095
1323328614
22551590806329
19007048578
15595987849
25561731920
11722185385979640
9879753006745
8106703532273
13286839182544
156591023712428
1688180598819095
1422841116901
1167493873619
1913515559515
22551590806329
11722185385979640
1688180598819095
208
393685
807591
372
763
54582
43
1442716
779
183715
376866
44405092
35505
712490228
673249
79327140
63429
162728722
130116
53949
332486620
39371830497
31324693
80765897114
64258301
43889737
144283623690
114793755
78406487
160840129
71254931728666
56691265341
38914889891
79828546283
142609100416
70427963022410
208
41552
90150
805812
39
85
761
43
16998
151941
329640
19390
42069
376035
35922
8394730
75036604
162794071
7932
70903
6773
153828
14695
131353
30695876
3917437
35016153
3345099
75968551
7257289
64869548
15159257219
14324362
1368408
12231573
26536750
7074132391
675793183
6040601895
13105259454
2471081525
1220351560785
444
41560
381096
807591
83
768
1628
93
71871
152305
1396583
41388
379514
804237
76659
35494101
75216455
689707027
71573
151672
14457
1390782
132568
280930
130073138
35346686
74904063
7139828
686842511
65469581
138738259
64237038077
129532914
12347030
26164907
239922512
63970246555
6097620930
12921623959
118486504406
22345591573
11035442285715
