782
195863
12816
16346
12263
52977
30024
87
4863598
22929
74
3208391
446
393855
796
393735
1890
203
5
1890
4533
150
17
4337
116992
190
338
109477
15833
201
48
15662
77
155
0
60
195863
157
782
195863
195863
150
747
187157
22
7233
295104
87
797
77281
77281
87
92
14985
760
90
130040
1575
48
308400
7181
48
92
7181
60844
48
767
59717
241
0
767
236
446
43293
646881
87
1308
126929
43259
646375
62717521
126829
62668443
438
35816
73
91
35816
74083
12472
6102217
23286
48
151
28
89
0
7181
22348
46
27
6892
1625
114601
92
782
346931821
278388
114601
346931821
108
7535
5
741
22812117
17882
7249
21947591
2946
60844
48
47058
37
782
3659648
2946
60844
47058
3659648
3348
57197
47
50684
41
717
3925724
3251
55536
49212
3811725
105179
15813
199
25230
318
47
8162281
103194
15514
24754
8008227
116992
83
150
148
266
0
48168
86229
61
109
35502
2273
36305
29
60844
48
782
2823458
2273
36305
60844
2823458
65
195863
147
322
0
733
80852
61
183705
302
75833
64
195863
152
320
0
758
80168
62
189845
310
77705
43293
359685
809636
70576
158864
1319855
34872775
78497153
652159479
127964723
63229207495
12690
192873
156
63241
51
778
15676614
12690
192873
63241
15676614
19769
195863
150
98086
75
745
24555476
18829
186549
93421
23387775
65
87
111045
763
10871
13898030
108312
13555964
0
0
955
712
92
126533
869
115154
366
1445242
753
42
665002
62807
129141
114809865
7559
50
63590
92
115526
776
7507
9389936
63152
114730
9325202
1559
341
440287
2
3442
754
1503
1937022
424362
3317
1866959
8531
2
136045
1
60744
17
193
10580105
3085
1377
239967
53
38329
388339
808414
9
94
195
67462
140437
1422852
4589
46503
96806
33334044
69392168
703051628
8078
16817
170384
122133834
3991706
8309618
84189482
60348081201
14625361
7226601149
1509
16562
62
203
379
1
4
15
51
0
122726
465
1509
5107
16562
62
116
379
1
15
37849
122726
465
5107
116
37849
180
253100
15846
159
691
43
0
60844
611
38
223830
14014
140
19683356
197892
12390
53807
540
33
47572
17407059
175006
10957
15389871
42070
13610097
4280
9
35791
28
28
112948
91
237
0
761
1320
5241334
4223
11038
8
35314
34834
28
111441
234
1616465
1302
5171431
10891
34369
1594907
115
2273
36305
25
193
3086
2
60844
43
688
8968
143237
101
2823458
2001
31971
240049
170
2718
53580
11139427
7897
126137
2486395
211392
9809607
13989
35491
246419
201
7531
52294
42
132671
108
752
2436584
16917389
13813
42919839
35045
243326
9108298
7437
51637
131006
2946573262
2406010
16705109
42381278
8994006
2909599490
391
116992
249905
193
694
1482
1
443522
342
731
224558
479674
370
143481533
110856
236798
851306
657
1404
420260
275401430
212780
454515
135956135
806657
260957025
36482
208
34
43
53915
782
17024
35683
44480302
5898
7354715
53915
2939242
3651441768
44480302
7354715
3651441768
32212
7
1
1
1960
747
546
1239
1617276
180
236111
1872
90115
117223886
1544524
225490
111950604
22
91
53405
113227
354
752
440215
3708
2181283
4615299
52416
111130
65008911
432060
2140876
4529803
2655662511
63804656
2606467790
22
93
7233
115537
48
782
60844
3778
295104
4709427
7233
115537
8985186
60844
295104
4709427
366610087
8985186
366610087
22
92
38
115537
0
779
319
3764
1551
4709427
37
115119
47245
318
1546
4692392
1927680
47074
1920707
73
11834
7195
114925
84
6265
100070
73
60844
44
714
1617636
982363
15677073
11483
920361
14699662
10809
8937610
6572
104973
7782354
5722
91404
55575
125926526
2009601242
1477554
1220397471
897294
14319494
1143176386
840661
13426723
8163644
7108429
156439421980
115021735
1835576891
1114715372
1044181330
142892322025
4
1088
486
7764
5
8531
136269
102
60844
45
729
136548
60895
971803
726
84676
1352417
1015
603854
453
7239
10597491
7954
127052
56728
10629747
169635052
127312
75651049
56776
906075
105175971
78949
1260945
563012
9880724
13205410597
9910798
158161696
70534351
98062344
12312255692
446
36482
809636
73
1638
115537
90
133871
763
36482
809636
95317456
74612
66147832
133871
15760522
12332
349764878
273856
112735
66147832
7824724795
6145817
173649951462
136390862
93006227
28712620204
22551915
15378365
341283887
14187317934257
11143225310
7634993284
169439341069
28016405457
13843308230521
62
32477
645905
9
181
16072
12
95074
734
4517
89853
13259778
9986
46977764
13226
1951785
1469
38816753
29240
15088
6535159
969014900
732254
19271595740
14562942
12447917
2836699864
2143605
1832282
36440106
1401654135897
1059186193
909684679
18091646870
2663016229
1315834557903
1
1750
38840
4
96
6837
5
133871
782
103
2298
270625
217
3173335
7922
932752
748
20700069
16610
6837
187806
22215954
17882
493026848
396863
270625
1699293612
1367853
932752
20700069
40280625408
32424047
22215954
493026848
1699293612
40280625408
158
25181
3149
30
3
53057
38
600
706
11564
1446
33873611
24550
229538
275
6455691
4677
807497
585
47935
105410
2480284578
1803761
310241420
225619
30603294
59126345
42999
5832428
729537
22608345665
16441691
2240826273
280289258
53418010
20425629951
4
42579
375168
15828
203
0
8
72400
48
470
4144
89296
1138
35774370
770877721
9913870
6792155040
87350490
15987
799
395154
8514914
109506
75024372
964850
89296
647669079346
8329346329
770877721
6792155040
7153983708
92003786
8514914
75024372
647669079346
7153983708
18
33502
69793
12386
153
4
9
17696
47
1748
3642
326859
4059
6766730
607236936
7541886
1264998978
15711294
11975
923
353139
31690234
393592
66017252
819934
316023
122646201335
1523266515
587105686
1223061458
6400610129
79495614
30639633
63828634
118580207971
6188415719
437
43293
114944
63
200
85
228
22553
0
42436
112668
31460
99455
11144237
3111835
9837304
8261908
26117994
61
22107
10923605
3050228
9642547
8098341
25600916
30703
801021763
2532233557
3036904
8062966
785163315
2482100968
2976780
7903338
781733654
766257067
5
30418
43147
12386
151
1
1
9933
47
447
635
92186
1129
3798215
551337434
6754705
782044655
9581213
11812
146
55905
8115004
99420
11510729
141023
87920
68842206182
843419665
525826823
745859125
1013272080
12414093
7739520
10978123
65656848829
966387562
446
36482
393855
809636
255427
73
797
1638
65123
133871
1445242
36482
393855
809636
129159589
32178253
66147832
10552425396
714114839
113921247227
234184358676
65123
133871
1445242
118077246
32178253
66147832
10552425396
714114839
113921247227
234184358676
58343663094
9307442589338
19133019754877
206555118060918
118077246
58343663094
9307442589338
19133019754877
206555118060918
16875692196797252
16875692196797254
157
25902
304787
626542
197663
30
362
745
59749
122826
1445242
11791
138750
285224
45501300
22846789
46965433
7492297275
552622206
88158662849
181225016611
27200
55914
657926
108334969
10400688
21380370
3410765767
251573694
40133024404
82500207913
41424417892
6608350604581
13584580452792
159843957612503
49318011
18857899161
3008361147008
6184194283556
72766773502013
11981861790819290
5454578553282586
13
36482
393855
646146
254915
2
23
38
65123
106838
1153404
1071
11567
18977
3785832
32178253
52790587
10531281613
569913490
113692984424
186520985010
1912
3137
33875
94233885
945079
1550466
309305045
16738429
3339177035
5478144433
46562315834
9288793364666
15238890039724
164515103815242
2767660
1367540983
272813011706
447568088080
4831828977243
13440994731930946
394763680188612
446
36482
119481
83146
255427
73
241
168
19755
13748
45025
36482
119481
83146
129159589
9761720
6793145
10552425396
22247810
34559592920
24049896717
19755
13748
45025
3678624
9761720
6793145
10552425396
22247810
34559592920
24049896717
1817661090
2823542006815
1964892751999
6435098196506
3678624
1817661090
2823542006815
1964892751999
6435098196506
525751854710164
525751854710164
345
28232
1048
626542
193893
73
2
1637
224
133871
4971
28211
1047
626078
97972112
85663
51188911
8010308694
1901087
297492118
177768516136
223
133772
4968
406200
85600
51151072
8004387523
1899682
297272213
177637110727
155320127
24305306330
14523807440651
539394723148
405899
155205315
24287339995
14513071530253
538996005839
44068911997363
44036336524819
203
36482
370113
5345
255427
33
341
4
61197
883
8966
16616
168574
2434
58828012
30238558
436732
10552425396
4430640
107054109880
1546171826
27873
402
4084
732596
13772684
198917
4806288211
2018013
48759681961
704231220
361986335
8746392845165
126323279058
1281546723909
333673
164873059
3983698840871
57536164824
583703052096
104703230070210
47688932300448
43
393855
809636
77
159
11352
9
1445242
788
38228
78584
9251662
7482
714114839
140277
16514687
13357
33948729
27457
11352
69313122
8199150488
6599938
16854738212
13567287
9251662
30086565359
24218298
16514687
33948729
14866203964087
11966609246
8199150488
16854738212
30086565359
14866203964087
68
304787
626542
157
322
23047
17
1445242
755
60056
123457
14534444
11256
552622206
284777
33526542
25965
68919469
53377
22069
108891527
12880937471
9928670
26478941849
20410058
13917814
61078864116
47079795
32104163
65995529
23354937071213
18002064644
12334457830
25355560677
58487565477
22364093225173
94
119481
646881
51
277
24757
18
350299
722
25290
136922
20175451
14938
173087984
74146
10925410
8089
59150987
43797
22664
36636817
5424206699
3997147
29367060184
21640852
18469968
15902849947
11718954
10001856
54150799
7857826511768
5790503607
4965684335
26884585857
14558540490
7193583905867
13
393855
83146
24
5
3595
2
148421
775
12133
2561
2930323
2339
73337041
4572
5230775
4176
1104268
881
3542
2259366
2596955885
2063641
548242951
435655
2886649
978641565
777666
5152816
1087810
483560850286
384256212
2558251220
540072015
964056029
476353927401
29
393855
3210
53
0
7804
6
5731
788
26278
214
6359622
5143
2831957
382
11352249
9181
92545
74
7804
188949
5636122411
4536818
45946486
36984
6359622
82016817
66019
11352249
92545
40525687035
32621310
5636122411
45946486
82016817
40525687035
22
304787
626542
51
105
7518
5
1445242
764
19590
40272
4741210
3714
552622206
92896
10936530
8568
22481884
17613
7282
35520975
4201828284
3276343
8637567495
6735077
4592713
19924240716
15535775
10593992
21777741
7618501012787
5940468250
4070225086
8367034900
19300204315
7379886050195
13856
203
42
13719
1544
159
6
1544
117938
201
359
116058
118307
203
361
117134
16005
204
49
15900
15981
187
45
14586
626542
157
345
1638
144011115
626542
79426
144011115
254789
203
782
252736
197663
159
788
197663
53943
357
91
52756
6559
311
11
6117
53205
361
92
52972
775
87
127323
3773
49
48
3773
7329
47
90
7076
393855
809636
446
1445242
797
1638
714114839
393855
809636
1445242
714114839
303369
499731
344
1151327
794
1309
439479332
303369
499731
1151327
439479332
879
16005
204
211
2
49
68485
877
15956
210
68276
14205
16005
200
3415
42
48
1105821
13833
15586
3325
1076862
11008
12386
155
3420
42
48
856985
10734
12077
3335
835648
202
809636
744
41
367897
34364
126099
62307767
328
626542
1557
89
595667
56719
268950
102839484
761
54374
43
788
162595647
131507
54374
162595647
3410
61411
48
54421
43
780
4236524
3372
60737
53824
4189983
117165
16005
199
28169
351
48
9120894
113820
15548
27365
8860470
91552
12386
158
28444
364
49
7127018
91330
12356
28375
7109698
35385
15780
187
8628
102
45
2754601
32643
14558
7960
2541204
235
35782
29
6179
5
772
286063
235
35782
6179
286063
2295
36639
29
61411
49
788
2852238
2295
36639
61411
2852238
29724
304787
625932
345
68565
140811
77
1443836
797
1636
26217787
53842678
29724
552084804
304787
625932
124198680
68565
140811
1443836
47490280151
26217787
53842678
552084804
124198680
47490280151
31595
304787
626542
345
72881
149820
82
1445242
797
1638
27868043
57287469
31595
552622206
304787
626542
132144764
72881
149820
1445242
50528651843
27868043
57287469
552622206
132144764
50528651843
39403
357470
809636
446
63838
144588
79
1311727
723
1638
31543563
71443176
39403
648143551
357470
809636
115748269
63838
144588
1311727
57192881943
31543563
71443176
648143551
115748269
57192881943
37671
393855
809636
446
67245
138233
76
1445242
797
1638
33226845
68303390
37671
714114839
393855
809636
121925028
67245
138233
1445242
60244907177
33226845
68303390
714114839
121925028
60244907177
118307
255427
198
453930
353
762
146973919
114376
246940
438848
142090672
34247
253984
189
130662
97
723
42305979
31602
234370
120571
39038837
116601
247097
200
445551
361
765
142181029
115249
244232
440383
140532127
5616
12253
9
449220
359
783
6977672
5580
12175
446357
6933202
371
1154716
610
42
538853
62501
102655
90543791
162
1369952
349
18
293582
26310
56647
47532348
5479
82
103945
41
51664
781
5425
6807380
102909
51149
6739518
53574
364
453930
92
115668
787
53451
66556354
452883
115402
66402852
1010
100
128891
5
7636
760
977
1251314
124664
7385
1210279
28123
365
453852
48
60730
788
28123
34938359
453852
60730
34938359
3631
365
453930
6
7839
788
3631
4510974
453930
7839
4510974
28444
359
453930
48
61411
775
27965
35336660
446284
60377
34741427
4026
43
64064
41
61224
665
3407
4987187
54212
51809
4220261
28444
365
453930
49
61411
788
28444
35336660
453930
61411
35336660
49
28147
304787
500593
10
114
188
64926
106638
1154716
4049
43854
72028
24826322
40775614
441533142
9342
15343
166147
94056939
3572156
5867034
63530372
35964878224
13533462
5174837151
53
38329
388339
808414
9
94
195
67462
140437
1422852
4589
46503
96806
33334044
69392168
703051628
8078
16817
170384
122133834
3991706
8309618
84189482
60348081201
14625361
7226601149
95
43293
393855
646881
18
170
280
77281
126929
1154716
9273
84365
138564
38185699
62717521
570562249
16553
27188
247344
111953966
8179513
13434317
122216476
55318062460
23980940
11849327039
444
33472
393855
198
67
793
59749
33342
392322
100114
29523300
7533872
88647855
59517
29408387
7504547
88302811
6645020360
6619155936
670
5644
4
9
24704
17
40
150
340
0
383730
277
628
2336
5287
3
10223
23141
16
140
158800
359457
259
2188
9576
148754
6578
34828
80
192
3441
7
19
42
100
0
1114356
2578
6152
13652
32573
75
1349
3218
7
39
436829
1042203
2411
12768
1261
408545
118307
250843
84
189
445784
150
336
320
713
0
144336333
48884
108895
103647
230887
78
184196
410318
138
294
59639432
132853374
44995
95401
169542
54894700
3153
89564
197663
79
7084
15635
6
444072
178
394
1775101
3917546
1578
111266771
44830
98937
8801177
3546
7825
222272
2205220893
888496
1960859
55692651
4405276
1103785040
48
91552
197663
159
111
239
0
453930
365
788
27847
60123
48
113736675
91552
197663
138073
111
239
453930
34595576
27847
60123
113736675
138073
34595576
923
115632
249652
195
1679
3626
2
453930
356
769
531582
1147694
900
143650873
112747
243423
2086797
1637
3536
442604
660388232
518319
1119059
140066780
2034731
643911528
29188
27
3
5
7213
788
1800
4754
5878655
628
777674
7213
310790
386096688
5878655
777674
386096688
21
93
7290
116098
49
787
61281
3788
293541
4674518
7290
116098
9037841
61281
293541
4674518
363892604
9037841
363892604
436
32943
809636
65
1599
111795
91
120884
772
32166
790534
91103541
75274
59730862
118032
13602432
11238
334302032
276216
111795
58321621
6753284696
5553338
165973015410
136482371
91103541
24780999165
20377827
13602432
334302032
12244647523936
10068977331
6753284696
165973015410
24780999165
12244647523936
10
24892
304787
621847
196181
159
2
24
50
57419
117151
1434413
782
768
9403
19186
3060744
2482
21955719
44795530
7146071376
5795735
548481748
87497338859
70963661
178517931833
144784816
196181
1771
3614
44257
103329662
677420
1382117
220484317
178821
16922812
2699635930
2189507
5507978062
4467179
3060744
39510521444
6302972688390
5111950007
12859747089497
10429742834
7146071376
157456256661177
127702998610
87497338859
178517931833
3188125
1219054484
194471417741
157723698
396773613330
321798455
220484317
4858142812776
3940138156
2699635930
5507978062
11342544793834792
9199234204862
6302972688390
12859747089497
157456256661177
349961974437994
283832440088
194471417741
396773613330
4858142812776
11342544793834792
349961974437994
441
33472
393855
809636
255427
205
67
788
1620
59749
122826
1445242
788
33109
389589
800867
127760786
102841
29523300
60690129
9681769466
7793378
714114839
113921247227
91701355
234184358676
188507618
255427
59102
121495
1429590
108334969
29203562
60032853
9576915590
7708975
706380952
112687476438
90708226
231648134503
186466075
127760786
53529863957
8539507277631
6873909909
17554399059843
14130482443
9681769466
206555118060918
166267353236
113921247227
234184358676
107161698
52950133800
8447024137818
6799465243
17364284350668
13977448861
9576915590
204318119456473
164466672427
112687476438
231648134503
15483318317180426
12463357868283
8539507277631
17554399059843
206555118060918
15315633479385716
12328379299754
8447024137818
17364284350668
204318119456473
15483318317180426
15315633479385714
74
27586
304787
626542
197663
159
15
172
355
63633
130808
1445242
788
5983
66114
135908
21681224
17452
24331629
50017772
7979230438
6422912
552622206
88158662849
70963661
181225016611
145877788
197663
13803
28374
313499
115375785
5277984
10849787
1730843838
1393249
119874059
19123257510
15393341
39311084674
31643611
21681224
44116639263
7037835039843
5665132946
14467458225651
11645637299
7979230438
159843957612503
128667021241
88158662849
181225016611
25027158
9569721521
1526637626238
1228872950
3138261405427
2526155839
1730843838
34673134371085
27910275641
19123257510
39311084674
12760577003213116
10271676557883
7037835039843
14467458225651
159843957612503
2768007046957566
2228118139887
1526637626238
3138261405427
34673134371085
12760577003213116
2768007046957566
29
33332
392214
644187
243357
204
4
52
86
59749
98135
1154716
754
2204
25939
42604
8138482
6847
29400332
48288127
9224276793
7760917
568185777
108538126294
91319405
178266792213
149986165
243357
3951
6490
76368
86557287
1944426
3193592
610058539
513277
37577643
7178298346
6039517
11789886774
9919513
8138482
42591059198
8135989922421
6845279021
13362832715689
11242924257
9224276793
157234746675636
132290689048
108538126294
178266792213
5724569
2816810463
538083390597
452720686
883766868470
743564195
610058539
10398907375461
8749202394
7178298346
11789886774
11786276012691658
9916475893542
8135989922421
13362832715689
157234746675636
779499411859942
655837952413
538083390597
883766868470
10398907375461
11786276012691658
779499411859942
208
393855
809636
371
764
54582
43
1445242
779
183794
377820
44480302
35557
714114839
674428
79399603
63471
163219290
130476
53947
333244763
39420018126
31362245
81034503120
64470390
43962971
144650711498
115082927
78476140
161320956
71473993624534
56864126978
38961540806
80092025578
142968341127
70642710266868
96
41550
90189
809636
18
39
355
20
16984
152467
330946
9011
19561
175602
16720
8392103
75336622
163525657
3683
33068
3148
71779
6834
61356
30794601
1820165
16339781
1555860
35467125
3377150
30316965
15216054879
6679049
635973
5709188
12392364
3300214400
314243697
2820992200
6123245096
1153108919
569767674728
443
41558
381613
809636
83
767
1628
93
71877
152496
1400319
41292
379174
804461
76600
35515754
75350764
691917935
71418
151521
14427
1391369
132485
281082
130324118
35288750
74869150
7128979
687495454
65462756
138886780
64395018078
129491134
12330040
26159601
240213848
63983429151
6092449916
12925834496
118693111826
22356083458
11046461852931
