17
0
0
142
0
0
651
0
0
0
0
0
0
0
0
0
0
21
0
0
0
0
0
0
1316
19
37
1239
0
20
0
0
0
16
0
0
0
0
17
0
0
0
16
0
0
0
0
0
0
0
0
0
19
0
0
18
63
0
0
99
0
0
19
0
0
0
15
0
0
0
15
0
0
0
0
0
0
0
0
0
0
0
0
0
0
0
19
0
22
182
248
0
0
0
0
18
0
0
0
0
0
0
0
474
19
15
1781
74
474
1781
0
0
0
14
0
0
0
0
0
0
0
177
7
15
0
0
0
177
0
0
0
0
0
0
13
0
0
0
0
0
1186
0
20
0
35
0
0
1164
0
0
0
1338
0
15
0
29
0
0
993
0
0
0
0
0
0
0
0
15
0
0
0
0
0
0
0
0
0
0
14
0
0
0
0
0
0
0
0
0
0
14
0
0
0
0
0
0
0
0
0
0
0
0
0
0
0
0
0
0
0
108
4
15
0
0
0
108
0
0
0
0
217
8
14
0
0
0
206
0
0
18
459
14
0
0
446
0
0
0
0
14
0
0
0
0
0
0
0
0
0
0
0
0
140
4
109
19
479
15
139
3397
108
476
3373
0
37
952
0
0
14
0
0
918
0
0
0
0
148
0
0
0
0
0
3
0
0
0
0
0
0
0
0
0
0
0
0
0
0
0
0
0
0
0
0
0
0
0
0
0
0
0
0
0
149
0
21
0
0
0
0
4
0
0
0
0
0
149
0
0
0
0
0
0
0
0
0
0
0
2
511
0
16
1
0
0
0
12
0
52
0
1
0
399
0
0
1
0
0
0
40
0
0
0
0
0
0
0
0
0
473
19
0
0
15
0
0
0
0
0
0
0
0
465
0
0
0
0
0
0
0
0
0
0
0
0
0
0
0
0
13
0
0
0
0
0
0
0
0
0
0
0
0
0
0
0
0
0
202
488
20
0
0
0
142
6
14
0
0
0
4707
200
482
0
0
0
140
0
0
0
4648
0
0
0
1338
506
19
0
0
0
968
38
14
0
0
0
32161
1268
480
0
0
0
918
0
0
0
30483
0
0
0
0
0
0
0
15
0
0
0
0
0
0
0
0
0
0
0
0
0
0
0
0
14
0
0
0
0
0
0
0
0
0
0
0
0
19
1256
477
39
15
972
0
0
0
1232
468
30317
954
0
0
0
29755
0
0
19
0
479
0
15
0
0
0
0
0
479
0
0
0
0
0
0
0
0
19
0
479
0
15
0
0
0
0
0
476
0
0
0
0
0
0
0
0
286
0
476
17
0
224
8
0
0
14
2685
0
4379
168
0
6944
261
0
0
435
0
0
204
0
0
65053
2451
0
0
3998
0
0
6339
0
0
0
0
59386
0
0
0
0
0
0
0
0
0
148
5
0
0
14
0
0
0
0
0
0
0
0
0
0
0
0
138
0
0
0
0
0
0
0
0
0
0
0
0
0
0
0
0
0
0
0
0
0
0
0
479
19
0
14
0
0
569
23
0
0
4408
180
1799
73
467
0
6356
255
2594
104
554
20100
807
4292
1752
28426
1141
6189
2527
19574
27682
0
0
0
0
0
0
0
0
14
0
0
0
0
0
0
0
0
0
0
0
0
0
0
0
0
0
0
0
0
0
0
0
0
0
0
0
0
0
0
0
0
0
0
0
15
0
0
0
0
0
0
0
0
0
0
0
0
0
0
0
0
0
0
0
0
0
0
0
0
0
0
0
0
0
0
0
0
0
0
0
13
0
0
0
0
0
0
0
0
0
0
0
0
0
0
0
0
0
0
0
0
0
0
0
0
0
0
0
0
0
0
0
21
0
0
0
0
0
0
0
0
0
0
0
0
0
0
0
0
0
0
0
0
0
0
0
0
0
0
0
0
0
0
0
0
0
0
0
0
0
0
0
0
0
0
0
0
0
0
0
0
0
0
0
0
0
0
0
0
0
0
0
0
0
0
0
0
0
0
0
0
0
0
0
20
0
0
0
0
0
0
0
0
0
0
0
0
0
0
0
0
0
0
0
0
0
0
0
0
0
0
0
0
0
0
0
0
0
0
0
0
0
0
0
0
0
0
0
0
0
0
0
0
0
0
0
0
0
0
0
0
0
0
0
0
0
0
0
0
0
0
0
0
0
0
0
511
0
0
0
0
0
0
0
0
0
0
0
0
0
0
0
0
0
0
0
0
0
0
0
0
0
0
0
0
0
0
0
0
0
0
0
0
0
0
0
0
0
0
0
0
0
0
0
0
0
0
0
0
0
0
0
0
0
0
0
0
0
0
0
0
0
0
0
0
0
0
0
0
0
0
0
0
0
0
0
0
0
0
0
505
0
0
0
0
0
0
0
0
0
0
0
0
0
0
0
0
0
0
0
0
0
0
0
0
0
0
0
0
0
0
0
0
0
0
0
0
0
0
0
0
0
511
0
0
0
0
0
0
0
0
0
0
0
0
0
0
0
0
0
0
0
0
0
0
0
0
0
0
0
0
0
0
0
0
0
0
0
0
0
0
0
0
0
0
0
0
0
0
0
0
0
0
0
0
0
0
0
0
0
0
0
0
0
0
0
0
0
0
0
0
0
0
0
0
0
0
0
0
0
0
0
0
0
0
0
511
0
0
0
0
0
0
0
0
0
0
0
0
0
0
0
0
0
0
0
0
0
0
0
0
0
0
0
0
0
0
0
0
0
0
0
0
0
0
0
0
0
0
0
0
0
15
0
0
0
0
0
0
0
0
0
0
0
0
0
0
0
0
0
0
0
0
0
0
0
0
0
0
0
0
0
0
0
0
0
0
0
14
0
0
0
0
0
0
0
0
0
0
0
0
0
0
0
0
0
0
0
0
0
0
0
0
0
0
0
0
0
0
0
0
0
0
0
14
0
0
0
0
0
0
0
0
0
0
0
0
0
0
0
0
0
0
0
0
0
0
0
0
0
0
0
0
0
0
0
0
0
0
0
15
0
0
0
0
0
0
0
0
0
0
0
0
0
0
0
0
0
0
0
0
0
0
0
0
0
0
0
0
0
0
0
0
0
0
0
15
0
0
0
0
0
0
0
0
0
0
0
0
0
0
0
0
0
0
0
0
0
0
0
0
0
0
0
0
0
0
0
0
0
0
0
14
0
0
0
0
0
0
0
0
0
0
0
0
0
0
0
0
0
0
0
0
0
0
0
0
0
0
0
0
20
0
0
0
0
0
0
1329
20
39
1302
1338
20
39
1324
0
20
0
0
0
19
0
0
0
0
0
0
0
0
0
0
508
20
15
504
0
0
15
0
1250
39
19
1222
0
33
0
0
1226
39
19
1219
0
18
64
0
0
0
0
0
0
19
0
0
0
0
0
0
0
0
0
0
0
0
0
0
0
0
0
0
0
0
0
0
0
0
0
20
0
0
0
0
0
0
0
0
0
0
20
0
0
0
0
0
0
0
0
0
0
0
0
0
0
0
0
0
0
0
0
0
0
0
0
0
0
0
0
0
0
18
0
0
71
0
0
0
0
15
0
0
0
0
0
0
0
0
0
15
0
0
0
0
0
1323
0
20
0
38
0
0
1286
0
0
0
0
0
0
0
40
0
0
0
0
0
0
199
0
19
0
5
0
0
183
0
0
0
0
0
0
0
0
15
0
0
0
0
0
0
0
0
0
0
15
0
0
0
0
0
0
0
0
0
0
0
0
0
0
0
0
0
0
0
0
0
0
0
0
0
0
0
0
0
0
0
0
0
0
0
0
0
0
0
0
0
0
0
0
0
0
0
0
0
0
0
0
0
0
0
0
0
0
0
0
0
0
0
0
0
0
0
0
0
0
0
0
0
0
0
0
0
0
0
0
0
0
0
0
0
0
0
0
0
0
0
0
0
0
0
0
0
0
0
0
0
0
0
0
0
0
0
0
0
1335
510
20
977
39
14
32385
1292
493
945
31341
192
509
19
140
5
14
4657
177
469
129
4290
1313
486
20
947
39
14
30869
1298
480
936
30515
0
0
0
960
39
15
0
0
0
954
0
0
0
0
0
0
0
0
0
0
0
0
0
0
0
0
0
0
9
231
0
0
15
0
0
229
0
0
1240
40
977
19
474
15
1233
30089
971
471
29904
0
5
139
0
0
14
0
0
135
0
0
0
40
970
0
0
15
0
0
970
0
0
0
40
977
0
0
15
0
0
977
0
0
0
39
977
0
0
15
0
0
961
0
0
0
3
108
0
0
13
0
0
93
0
0
0
40
977
0
0
15
0
0
977
0
0
0
0
0
0
0
0
0
0
0
0
0
0
0
0
0
0
0
0
0
0
0
0
0
0
0
0
0
0
0
0
0
0
0
0
0
0
0
0
0
0
0
0
0
0
0
0
0
0
0
0
0
0
0
0
0
0
0
0
0
0
0
0
0
0
0
0
0
0
0
0
0
0
0
0
0
0
0
0
0
0
0
20
0
0
0
0
0
0
0
0
0
0
0
0
0
0
0
0
0
0
0
0
0
0
0
37
0
0
0
0
0
0
0
0
0
0
0
0
0
0
0
0
0
0
197
0
19
0
0
0
0
5
0
0
0
0
0
184
0
0
0
0
0
0
0
0
0
0
0
1338
495
0
19
947
0
36
0
13
0
31440
0
1227
0
454
0
0
869
0
0
0
28852
0
0
0
0
0
0
0
0
0
0
0
939
19
7
0
0
0
0
0
0
0
0
0
470
0
0
0
0
0
0
0
0
0
0
0
0
0
977
40
15
0
0
0
0
0
0
0
0
0
977
0
0
0
0
0
0
0
1306
499
20
0
0
0
977
39
15
0
0
0
31675
1274
486
0
0
0
953
0
0
0
30898
0
0
0
0
0
0
0
15
0
0
0
0
0
0
0
0
0
0
0
0
19
0
476
0
15
0
0
0
0
0
476
0
0
0
0
0
0
0
0
0
0
0
0
458
19
0
15
0
0
543
23
0
0
3419
146
1719
73
458
0
4930
206
2478
103
543
15590
653
3419
1719
22048
924
4930
2478
15590
22048
0
0
0
0
0
0
0
0
0
0
0
0
15
0
0
0
0
0
0
0
0
0
0
0
0
0
0
0
0
0
0
0
0
0
0
0
0
0
0
0
0
0
0
0
0
0
0
0
0
0
0
0
0
0
0
0
0
0
0
0
0
0
0
0
0
0
0
0
0
0
0
0
0
0
0
0
0
0
0
511
21
0
0
0
0
0
0
15
0
0
0
0
0
0
0
0
0
0
0
0
0
0
511
0
0
0
0
0
0
0
0
0
0
0
0
0
0
0
0
0
0
0
0
0
0
0
0
0
0
0
0
0
0
0
0
0
0
0
0
0
0
0
0
0
0
0
0
0
0
0
0
0
0
0
0
0
0
0
0
0
0
0
15
0
0
0
0
0
0
0
0
0
0
0
0
0
0
0
0
0
0
0
0
0
0
0
0
0
0
0
0
0
0
0
0
0
0
0
0
0
0
0
0
0
0
0
0
0
0
0
0
0
0
0
0
0
0
0
0
0
0
0
0
0
0
0
0
0
0
503
20
0
0
0
0
0
0
15
0
0
0
0
0
0
0
0
0
0
0
0
0
0
503
0
0
0
0
0
0
0
0
0
0
0
0
0
0
0
0
0
0
0
0
0
0
0
0
0
0
0
0
0
0
0
0
0
0
0
0
0
0
0
0
0
0
0
0
0
0
0
0
0
0
0
0
0
0
0
15
0
0
0
0
0
0
0
0
0
0
0
0
0
0
0
0
0
0
0
0
0
0
0
0
0
0
0
0
0
0
0
0
0
0
0
0
0
0
0
0
0
0
0
0
0
0
0
0
0
0
0
0
0
0
0
0
0
0
0
0
0
0
0
0
0
0
0
0
0
0
0
0
0
0
0
0
19
0
0
0
0
0
0
23
0
0
0
0
0
0
0
67
75
0
0
0
0
0
95
106
0
0
0
0
303
0
0
0
428
0
0
