1
0
0
12
0
0
56
0
178
0
0
0
1
40
4
40
0
1
0
0
0
0
0
0
113
1
2
87
0
1
0
0
0
0
0
0
0
0
1
0
0
0
1
0
0
0
0
0
4
4
4
0
1
5
4
1
84
1
0
41
0
0
6
0
0
0
10
0
0
0
10
0
1
1
0
0
0
0
16
0
0
0
0
4
54
2
6
54
38
53
351
0
0
0
0
5
0
0
0
0
0
0
3
397
6
11
2397
41
397
2397
0
0
0
9
0
0
0
0
0
0
0
148
2
11
0
0
0
148
0
0
0
0
0
0
9
0
0
0
0
0
467
0
6
0
11
0
0
428
0
0
0
528
0
0
0
0
0
0
0
0
0
0
0
0
0
0
0
11
0
0
0
0
0
0
0
0
0
0
10
0
0
0
0
0
0
0
0
0
0
9
0
0
0
0
0
16
268
87
45
14
233
1005
328
5215
875
19515
0
0
0
93
1
10
0
0
0
93
0
0
0
0
188
2
9
0
0
0
167
0
0
5
384
9
0
0
339
0
0
0
0
9
0
0
0
0
0
263
0
0
0
0
0
0
59
1
95
6
402
10
57
3438
92
389
3330
0
11
828
0
0
9
0
0
696
0
0
0
0
132
0
0
0
0
0
0
0
0
0
0
294
87
0
0
0
0
0
256
0
0
0
0
0
5723
0
0
0
0
0
0
0
0
0
0
0
59
0
6
0
0
0
0
1
0
0
0
0
0
59
0
0
0
0
0
0
0
0
0
0
0
0
402
0
0
1
0
0
0
0
0
48
0
0
0
0
0
0
0
0
0
0
0
0
0
0
0
0
0
0
0
0
382
6
0
0
10
0
0
0
0
0
0
0
0
365
0
0
0
0
0
0
0
0
0
0
0
0
0
0
0
0
6
0
0
0
0
0
0
0
0
0
0
0
0
0
0
0
0
0
83
402
6
0
0
0
133
2
10
0
0
0
4831
78
379
0
0
0
126
0
0
0
4563
0
0
0
528
397
6
0
0
0
838
12
9
0
0
0
30328
465
350
0
0
0
738
0
0
0
26711
0
0
55
0
0
0
0
11
0
0
0
0
0
0
0
0
0
0
0
0
0
0
0
0
9
0
0
0
0
0
0
0
0
0
0
0
0
6
527
383
13
9
809
0
0
0
482
350
29218
740
0
0
0
26739
0
0
6
0
402
0
11
0
0
0
0
0
402
0
0
0
0
0
0
0
0
6
0
402
0
10
0
0
0
0
0
396
0
0
0
0
0
0
0
2
120
0
396
5
0
193
2
0
0
9
247
0
559
47
0
6936
102
0
0
337
0
0
164
0
0
8334
211
0
0
476
0
0
5905
0
0
0
0
7095
0
0
0
0
0
0
0
0
0
133
2
0
0
9
0
0
0
0
0
0
0
0
0
0
0
0
119
0
0
0
0
0
0
0
0
0
0
0
0
0
0
0
0
0
0
4
56
87
2
3
402
6
48
10
56
87
2405
40
1089
48
566
53
2422
40
384
1089
12873
363
20265
339
2302
11211
316
542
2318
249951
7065
12324
19402
10734
239305
0
0
0
0
0
0
0
0
9
0
0
0
0
0
0
0
0
0
0
0
0
0
0
0
0
0
0
0
0
0
0
0
0
0
0
0
0
0
0
0
0
0
0
48
11
0
0
0
0
0
0
0
0
0
0
0
0
0
0
0
0
0
0
0
0
0
0
0
0
0
0
0
0
0
0
0
0
0
0
0
9
0
0
0
0
0
0
0
0
0
0
0
0
0
0
0
0
0
0
0
0
0
0
0
0
0
0
0
0
16
284
0
6
0
0
46
0
0
0
0
0
1033
0
131
0
3185
0
0
0
0
0
0
0
0
0
8267
0
0
0
0
0
0
0
0
0
0
0
0
0
0
0
11
0
0
0
0
0
0
0
0
0
0
0
0
0
0
0
0
0
0
0
0
0
0
0
0
0
0
0
0
4
16
58
0
6
0
2
9
0
16
57
0
89
218
0
127
0
730
0
9
213
0
124
0
713
0
0
1641
0
0
0
1603
0
0
0
0
0
0
0
0
0
0
0
4
0
0
0
0
0
0
0
0
0
0
0
0
0
0
0
0
0
0
0
0
0
0
0
0
0
0
0
0
4
56
302
87
402
2
13
3
168
48
263
56
302
87
5703
3753
1089
63761
5871
197063
47986
168
48
263
3268
3753
1089
63761
5871
197063
47986
72859
2203237
536508
1658149
3268
72859
2203237
536508
1658149
18538673
18538673
0
0
0
0
0
0
0
0
0
0
263
0
0
0
0
0
0
0
0
0
0
0
0
0
0
0
0
0
0
0
0
0
0
0
0
0
0
0
0
0
0
0
0
56
302
0
402
0
0
0
168
0
0
0
0
0
0
3753
0
63739
0
196995
0
0
0
0
0
0
0
0
0
0
0
0
2202482
0
0
0
0
0
0
0
0
0
4
56
61
0
402
2
2
0
34
0
0
56
61
0
5703
763
0
63761
0
47577
0
34
0
0
0
763
0
63761
0
47577
0
0
531936
0
0
0
0
531936
0
0
0
0
0
0
0
0
0
2
0
3
0
48
0
0
0
0
0
0
0
0
0
0
0
0
48
0
9
0
0
0
0
0
0
0
0
0
0
9
0
0
0
0
0
0
0
56
283
0
402
0
0
0
157
0
0
0
0
0
0
3512
0
63761
0
184246
0
0
0
0
0
0
0
0
0
0
0
0
2059935
0
0
0
0
0
0
0
0
0
0
302
87
0
0
0
0
263
11
0
0
0
0
5873
0
0
0
0
0
0
0
0
0
0
0
0
0
0
0
0
0
0
0
0
0
0
0
0
0
0
0
0
0
263
9
0
0
0
0
0
0
0
0
0
0
0
0
0
0
0
0
0
0
0
0
0
0
0
0
0
0
0
0
61
0
0
0
0
0
0
7
0
0
0
0
0
0
0
0
0
0
0
0
0
0
0
0
0
0
0
0
0
0
0
0
0
0
0
0
302
0
0
0
0
0
0
10
0
0
0
0
0
0
0
0
0
0
0
0
0
0
0
0
0
0
0
0
0
0
0
0
0
0
0
0
302
0
0
0
0
0
0
11
0
0
0
0
0
0
0
0
0
0
0
0
0
0
0
0
0
0
0
0
0
0
0
0
0
0
0
0
0
0
0
0
0
0
263
9
0
0
0
0
0
0
0
0
0
0
0
0
0
0
0
0
0
0
0
0
0
0
0
0
0
0
0
0
6
0
0
0
0
0
0
525
6
13
482
528
6
13
505
0
6
0
0
0
5
0
0
0
0
0
3
0
0
0
0
400
6
10
385
0
0
11
0
525
13
6
472
0
11
0
0
514
14
6
503
13
5
129
0
0
0
0
0
0
6
0
302
87
4
263
13
3
5872
302
87
263
5872
0
0
0
0
13
0
0
0
0
0
0
0
0
6
0
0
0
0
0
0
0
0
0
0
6
0
0
0
0
0
0
0
0
0
0
0
0
0
0
0
0
0
0
0
0
87
0
0
0
0
0
0
0
0
3
6
0
0
40
0
0
0
0
11
0
0
0
0
0
0
0
0
0
10
0
0
0
0
0
523
0
6
0
12
0
0
456
0
0
0
0
0
0
0
14
0
0
0
0
0
0
81
0
5
0
1
0
0
64
0
0
0
0
0
0
0
0
10
0
0
0
0
0
0
0
0
0
0
11
0
0
0
0
0
0
0
0
0
37
10
0
263
13
3
0
0
0
0
0
0
733
37
10
263
0
0
0
0
733
0
0
0
0
0
46
13
0
263
13
3
0
0
0
0
0
0
896
46
13
263
0
0
0
0
896
0
0
266
87
4
0
0
0
232
11
3
0
0
0
5178
266
87
0
0
0
232
0
0
0
5178
0
0
0
302
87
4
0
0
0
263
13
3
0
0
0
5871
302
87
0
0
0
263
0
0
0
5871
0
0
527
402
5
849
12
9
30665
449
342
723
26138
78
393
6
123
1
9
4477
69
347
109
3950
518
395
6
848
13
10
30120
491
374
804
28546
0
0
0
835
13
10
0
0
0
811
0
0
0
0
0
0
0
0
0
0
244
0
0
0
0
0
0
0
3
200
0
0
10
0
0
191
0
0
521
14
849
6
397
10
511
30283
833
390
29736
0
1
124
0
0
10
0
0
114
0
0
0
14
846
0
0
11
0
0
846
0
0
0
14
849
0
0
11
0
0
849
0
0
0
13
849
0
0
10
0
0
784
0
0
0
0
93
0
0
5
0
0
44
0
0
0
14
849
0
0
11
0
0
849
0
0
0
0
0
0
0
0
0
0
0
0
0
0
0
0
0
0
0
0
0
0
0
0
0
0
0
0
0
0
294
87
0
0
0
0
0
256
0
0
0
0
0
5723
0
0
0
0
0
0
0
0
0
0
0
16
301
0
0
0
0
50
0
0
0
0
0
1129
0
0
0
0
0
0
0
0
0
0
0
0
4
0
300
5
0
13
0
0
299
83
0
0
2873
0
0
0
2861
0
0
0
0
0
0
0
0
0
0
13
0
0
0
0
0
0
0
0
0
0
0
0
0
0
0
0
0
0
80
0
5
0
0
0
0
1
0
0
0
0
0
60
0
0
0
0
0
0
0
0
0
0
0
528
402
0
5
848
0
11
0
9
0
30683
0
433
0
329
0
0
695
0
0
0
25150
0
0
0
0
0
0
0
0
0
0
0
818
3
2
0
0
0
0
0
0
0
0
0
186
0
0
0
0
0
0
0
0
0
0
0
0
0
849
14
11
0
0
0
0
0
0
0
0
0
849
0
0
0
0
0
0
0
515
392
6
0
0
0
849
12
9
0
0
0
29955
457
348
0
0
0
753
0
0
0
26592
0
0
0
0
0
0
0
11
0
0
0
0
0
0
0
0
0
0
0
0
6
0
394
0
11
0
0
0
0
0
394
0
0
0
0
0
0
0
4
45
87
1
3
380
6
39
10
44
85
2277
40
885
38
436
44
2293
41
380
859
9903
299
19191
343
2277
8625
261
436
2293
192287
5821
9903
19191
8625
192287
0
0
0
0
0
0
0
0
0
0
0
260
11
0
0
0
0
0
0
0
0
0
0
0
0
0
0
0
0
0
0
0
0
0
0
0
0
0
0
0
0
0
0
0
0
0
0
0
0
0
0
0
0
0
0
0
0
0
0
0
0
0
0
0
0
0
0
0
0
0
0
0
0
0
0
4
0
302
87
402
6
0
13
3
0
0
263
11
0
297
86
5606
96
0
0
0
0
5873
197063
3391
48054
826
402
0
0
258
0
0
0
0
0
5773
193729
3333
47241
812
5606
0
0
0
0
0
0
1660487
28573
197063
48054
0
0
0
0
0
0
0
1632397
28090
193729
47241
0
0
0
0
1660487
0
0
0
0
1632397
0
0
0
0
0
0
0
0
0
0
0
161
46
263
11
0
0
0
0
0
0
0
0
0
0
0
0
0
0
0
0
0
0
3136
0
0
0
0
0
0
0
0
0
0
0
0
0
0
0
0
0
0
0
0
0
0
0
0
0
0
0
0
0
0
0
0
0
0
0
0
0
0
0
0
0
0
0
0
0
301
0
363
6
0
0
0
0
0
0
10
0
0
0
0
0
0
0
0
0
0
177759
3375
0
0
363
0
0
0
0
0
0
0
0
0
0
0
0
0
0
0
0
0
0
0
0
0
0
177759
0
0
0
0
0
0
0
0
0
0
0
0
0
0
0
0
0
0
0
0
0
0
0
0
0
302
87
0
0
0
0
263
10
0
0
0
0
5873
0
0
0
0
0
0
0
0
0
0
0
0
0
0
0
0
0
0
0
0
0
0
0
16
67
87
0
0
0
0
10
14
58
0
0
0
0
241
314
1306
0
0
0
0
0
0
210
0
0
0
0
0
0
4685
0
0
0
0
0
0
0
0
0
0
4
15
288
87
0
12
3
6
44
13
251
15
286
87
41
994
302
5603
44
13
4
249
164
41
866
986
300
104
5557
1375
351
19309
859
299
91
1385
19151
6681
2032
11411
5819
129727
