788
197663
12960
16488
6929
7453
9958
13
594341
7596
18
391876
110
96657
196
96582
0
204
0
0
653
152
2
625
118307
194
345
111709
8922
202
27
8826
0
156
0
0
197663
159
788
197663
197663
151
748
187601
5
1349
20312
21
196
19034
19034
21
30
1886
186
30
16169
33
27
6915
1325
27
30
1322
34359
27
774
33723
0
0
774
0
110
10699
13578
21
27
2680
10678
13551
1314766
2674
1312182
108
8871
18
30
8871
9309
1574
759897
7746
0
152
0
29
0
2
7434
0
0
2
34
37956
30
788
3600282
2967
37956
3600282
0
0
0
748
0
0
0
0
932
34359
27
26596
21
788
1158411
932
34359
26596
1158411
260
32306
26
7036
5
723
305144
252
31359
6830
296199
106281
8917
202
14262
323
27
4613831
104708
8785
14051
4545581
118307
0
191
0
340
0
34
110136
0
0
32
1284
36639
29
34359
27
788
1595817
1284
36639
34359
1595817
0
197663
149
0
0
740
58
0
185501
0
54
0
197663
154
0
0
764
58
0
191590
0
56
10723
88632
17042
17453
3356
27738
8582260
1650249
13639325
2685921
1320692482
12815
194344
157
63895
51
784
15830881
12815
194344
63895
15830881
19981
197663
151
99070
75
750
24823186
19004
187994
94224
23608853
15
27
35151
767
1301
1622708
34216
1579506
0
0
0
720
0
0
0
0
88
30249
15
13
13649
7703
1358
1185497
2523
51
64261
30
38488
783
2506
3135211
63818
38223
3113597
0
351
444213
0
0
774
0
0
436227
0
0
4827
2
137221
0
34238
17
109
5976621
3116
777
135731
0
9508
95036
17017
0
0
0
16594
2971
29698
0
0
0
8159462
1461013
14602814
0
0
0
2549749
0
0
0
1253735230
0
0
0
16748
0
205
0
0
0
0
51
0
0
0
0
4
16748
0
0
0
0
0
0
0
0
4
0
0
182
255427
8955
160
699
24
0
34359
616
21
226384
7936
142
11125022
199711
7001
30452
546
19
26864
9860075
177003
6205
8698346
23810
7709319
1415
0
36043
29
0
37248
29
0
0
763
0
1729999
1392
10
0
35448
11
0
36633
0
512
0
1701408
10
10
504
0
1284
36639
26
0
0
0
34359
24
706
0
0
0
1595817
1149
32795
0
0
0
30755
0
0
0
1428403
0
0
4652
35886
248496
203
2508
17368
14
133982
109
757
812049
5623034
4593
43376829
35436
245378
3031788
2476
17150
132301
981539304
801860
5552476
42832536
2993746
969222930
0
118307
252212
195
0
0
0
448217
347
740
0
0
0
145124118
112426
239676
0
0
0
425938
0
0
0
137910613
0
0
9040
51
8
14
17967
788
4218
4488
5445579
745
904004
17967
366402
455184925
5445579
904004
455184925
7973
0
0
0
0
752
0
0
0
0
0
0
0
0
0
0
0
5
30
17833
37708
358
758
444573
468
268353
567437
17502
37010
21697727
436337
263382
556925
326505722
21295787
320457363
5
30
1349
38502
27
788
34359
477
20312
579380
1349
38502
1676952
34359
20312
579380
25840806
1676952
25840806
5
30
0
38502
0
784
0
475
0
579380
0
38296
11
0
0
576280
175
11
174
18
3918
1331
37972
27
3545
101125
74
34359
25
721
197139
66982
1910544
1439
170655
4867602
3582
1653873
1217
34714
4404495
3241
92449
31411
8792591
244908243
180224
85211758
61235
1746613
212006286
156012
4449947
1511966
4026577
10923099226
8038161
223894408
77900343
193815534
9985865737
0
0
0
0
0
4827
137706
105
34359
26
749
0
0
0
0
0
0
0
0
0
0
5997728
4588
130866
32653
0
0
0
0
0
0
0
0
0
0
5699840
0
0
0
0
0
0
110
9040
17042
18
34
38502
30
2829
768
9040
17042
11669408
9368
1391155
2829
1937204
1555
3652081
2932
37500
1391155
975422048
764737
1838898169
1441707
11365732
305270049
239333
1886791
3557042
150104111168
117682581
950038370
1791044013
297325922
146197910321
0
8054
13570
0
0
0
0
2014
741
0
0
0
0
988768
0
0
0
0
0
0
0
0
0
0
0
0
0
0
0
0
0
0
0
0
0
0
0
433
817
0
0
0
0
2829
788
0
0
0
0
66738
0
0
0
0
0
0
0
0
0
0
0
0
0
0
0
0
0
0
0
0
0
0
16
6237
0
3
0
7463
5
0
709
1209
0
1750436
1298
17
0
334807
248
12
0
6713
3
130458559
94471
4933
3
1574713
943
0
301196
11
359060
260
117362065
4438
848
323014
0
10577
92050
8918
205
0
0
17878
27
0
0
0
0
8791181
107380179
2475521
934516865
21544166
8918
0
0
0
0
0
0
0
89250125663
2057554746
107380179
934516865
0
0
0
0
89250125663
0
0
8298
17128
6929
153
0
0
4358
26
0
0
0
0
1658519
84595589
1870618
174602154
3860887
6674
0
0
0
0
0
0
0
16906682575
373848731
81473973
168159256
0
0
0
0
16282818326
0
106
10723
28213
0
200
20
55
5555
0
10293
27080
7
24271
2731920
742
2448514
1952
6441875
0
5332
2622245
712
2350217
1874
6183261
7
189061
623765158
723
1904
181471
598723616
694
1828
184438
177033
1
7517
10563
6913
152
0
0
2447
26
100
141
11704
258
928842
76635145
1694104
107677699
2380334
6655
32
12474
1029251
22752
1446169
31969
11269
9468475411
209311089
73785977
103674420
127166760
2811161
990985
1392403
9116453143
122438910
110
9040
96657
17042
255427
18
196
34
16045
2829
30249
9040
96657
17042
32201342
7889846
1391155
2628505438
14874201
28103913908
4955346095
16045
2829
30249
2469222
7889846
1391155
2628505438
14874201
28103913908
4955346095
1214139476
2294043839298
404491033502
4324807936185
2469222
1214139476
2294043839298
404491033502
4324807936185
353021968200869
353021968200869
38
6418
74798
13188
197663
7
89
15
14721
2595
30249
2912
33943
5985
11308377
5601847
987730
1866257581
11510492
21748387709
3834725244
6680
1177
13727
2265492
2542127
448233
846910720
5223480
9869453658
1740204542
862047630
1628787463469
287191514463
3346779387064
1028084
391198614
739146395783
130327975611
1518773920425
250648111550708
113744520029704
0
9040
96657
13561
254269
0
0
0
16045
2251
24070
0
0
0
0
7889846
1106966
2616589217
11835658
27976505971
3925178343
0
0
0
1964802
0
0
0
0
0
0
966111639
2283643885992
320401322993
3425722870659
0
0
0
0
0
279632170527744
0
110
9040
29322
1750
255427
18
59
3
4867
290
942
9040
29322
1750
32201342
2393494
142866
2628505438
463396
8525712495
508896333
4867
290
942
76927
2393494
142866
2628505438
463396
8525712495
508896333
37825770
695930050532
41539783501
134736738997
76927
37825770
695930050532
41539783501
134736738997
10998182923214
10998182923214
85
6995
257
13188
193520
18
0
34
55
2829
104
6983
256
13166
24355689
21004
1076554
1991442614
39597
73248628
3754334018
55
2824
103
8494
20968
1074740
1988086758
39530
73125194
3748007445
3232232
5979080570
306455778824
11271962051
8480
3226785
5969004992
305939358442
11252967236
920098715977
918548222357
48
9040
90787
112
255427
8
80
0
15071
18
187
3961
39784
49
14111289
7410710
9184
2628505438
92241
26397214714
32717028
6604
8
82
15312
3247525
4025
1151865089
40421
11567801859
14337274
7529389
2154730760577
2670599469
26819951201
6710
3299532
944247291520
1170311558
11753053673
2189237556870
959368878650
4
96657
17042
7
1
1566
1
30249
788
3932
693
474757
391
14874201
1230
842666
694
148580
122
1566
605140
424300161
341542
74813570
60221
474757
132789833
106889
842666
148580
65293991078
51325762
424300161
74813570
132789833
65293991078
7
74798
13188
16
2
3178
2
30249
765
6174
1088
745415
595
11510492
2496
1709711
1366
301460
241
3082
950130
666193260
520110
117464712
91707
722974
269421112
210342
1658239
292384
102518030382
78160441
646137240
113928389
261310080
99431683312
23
29322
13616
12
5
8063
6
7332
736
6140
2851
2443779
1879
3605226
1535
1315862
1011
611066
469
7522
754997
662563642
497594
307684669
231075
2280023
165673931
124423
1227687
570119
81463406634
59745075
618165754
287066952
154572246
76004605436
0
96657
1750
0
0
0
0
3106
772
0
0
0
0
1527527
0
0
0
0
0
0
0
0
0
0
0
0
0
0
0
0
0
0
0
0
0
0
0
96657
0
0
0
0
0
0
788
0
0
0
0
266
0
0
0
0
0
0
0
0
0
0
0
0
0
0
0
0
0
0
0
0
0
0
0
74798
13188
0
0
0
0
30249
764
0
0
0
0
11510492
0
0
0
0
0
0
0
0
0
0
0
0
0
0
0
0
0
0
0
0
0
0
1924
203
5
1902
0
159
0
0
117445
200
358
115158
118307
203
361
117175
8955
203
27
8881
8941
186
25
8130
13188
157
85
34
3047202
13188
19801
3047202
254751
203
782
252698
197663
159
788
197663
17668
358
30
17334
0
312
0
0
17342
361
30
17266
190
28
15721
693
27
15
693
1349
26
29
1301
96657
17033
110
30233
196
34
14866222
96657
17033
30233
14866222
74204
10491
85
24081
195
27
9123584
74204
10491
24081
9123584
0
8955
204
0
0
27
0
0
8908
0
0
1942
8955
199
261
5
26
84603
1885
8692
253
82125
3623
6929
155
629
14
26
157833
3533
6757
614
153903
49
17042
15
13
7585
4203
1315
646879
78
13181
31
28
12078
6820
2756
1049054
6
7463
6
788
707909
583
7463
707909
625
34359
27
17827
14
780
776457
618
33982
17631
767927
117272
8955
201
15775
354
27
5107764
114763
8763
15437
4998453
91552
6929
158
15914
364
27
3987541
91330
6913
15875
3977851
35424
8838
186
4827
101
25
1542884
32585
8130
4441
1419259
131
35712
29
3453
2
772
159739
131
35712
3453
159739
1284
36639
29
34359
27
788
1595817
1284
36639
34359
1595817
7362
74798
13145
85
16887
2967
19
30151
196
34
6425955
1129340
7362
11472915
74798
13145
2590293
16887
2967
30151
985638345
6425955
1129340
11472915
2590293
985638345
7830
74798
13188
85
17959
3166
20
30249
196
34
6833693
1204932
7830
11510492
74798
13188
2763674
17959
3166
30249
1051611944
6833693
1204932
11510492
2763674
1051611944
9745
87949
17042
110
15738
3049
19
27524
178
34
7738915
1499635
9745
13534287
87949
17042
2421986
15738
3049
27524
1190913288
7738915
1499635
13534287
2421986
1190913288
9327
96657
17042
110
16556
2919
18
30249
196
34
8140775
1435400
9327
14874201
96657
17042
2547753
16556
2919
30249
1252753958
8140775
1435400
14874201
2547753
1252753958
118307
255427
200
453930
356
769
146973919
115440
249238
442932
143413015
34295
253767
189
130733
97
722
42328918
31615
233933
120515
39020595
116643
246956
200
445136
361
765
142099865
115468
244469
440653
140668839
5616
12253
9
449206
359
783
6977463
5580
12175
446343
6932993
91
24169
12
14
11278
7754
1092
953400
16
28709
3
2
2596
1379
254
211358
1803
82
103945
13
17003
781
1785
2240436
102909
16834
2218101
17455
363
453930
30
37685
784
17354
21684621
451307
37468
21559330
0
100
128885
0
0
760
0
0
124811
0
0
9233
364
452681
16
19990
788
9233
11471181
452681
19990
11471181
0
365
453930
0
0
788
0
0
453930
0
0
15914
360
453930
27
34359
777
15686
19770737
447438
33868
19487997
2251
45
64017
24
34210
690
1978
2786749
56257
30064
2448966
15914
365
453930
27
34359
788
15914
19770737
453930
34359
19770737
0
6974
74798
10537
0
0
0
15997
2253
24169
0
0
0
6087302
857564
9196633
0
0
0
1966940
0
0
0
748444936
0
0
0
9508
95036
17017
0
0
0
16594
2971
29698
0
0
0
8159462
1461013
14602814
0
0
0
2549749
0
0
0
1253735230
0
0
9
10723
96657
13616
1
17
2
19034
2681
24169
951
8575
1208
9359280
1318513
11884163
1688
237
2144
2340286
830348
116977
1054354
1150740559
207628
102092904
109
8294
96195
200
16
193
14651
8210
95222
25050
7204278
1895231
21980487
14503
7131436
1876069
21758244
1646169956
1629525644
91
5651
0
9
3373
0
5
0
341
0
52404
0
85
1
5296
0
0
3161
0
0
15
49113
0
1
0
14
907
34908
0
192
475
0
2
0
100
0
154110
0
848
10
32648
0
0
445
0
0
45
144132
0
9
0
42
118307
250437
0
192
445062
0
342
0
724
0
144102581
34
110740
74
234419
0
131
416597
0
0
42620
134886173
32
69
123
39894
0
89554
197663
79
0
0
0
444020
179
395
0
0
0
111253646
44855
99004
0
0
0
222398
0
0
0
55724039
0
0
0
91552
197663
159
0
0
0
453930
365
788
0
0
0
113736675
91552
197663
0
0
0
453930
0
0
0
113736675
0
0
0
115861
250147
197
0
0
0
453930
358
773
0
0
0
143935868
113583
245228
0
0
0
445003
0
0
0
141105307
0
0
7246
0
0
0
0
788
0
0
0
0
0
0
0
0
0
0
0
5
30
1331
37878
27
786
34274
471
20033
569989
1331
37878
1649772
34274
20033
569989
25421989
1649772
25421989
106
8188
17042
15
33
36177
29
2562
773
7852
16342
10964879
9223
1260084
2457
1648748
1386
3431590
2886
36177
1208325
830178747
681980
1727876455
1419426
10964879
259814413
213433
1648748
3431590
127753153825
104947471
830178747
1727876455
259814413
127753153825
0
6167
74798
13093
195111
159
0
0
0
14145
2476
30032
778
0
0
0
0
0
5382354
942216
1769981542
1443389
11427865
21467582865
17506450
3758041118
3064618
195111
0
0
0
2161100
0
0
0
0
0
0
0
0
0
0
822325063
1544761974642
1259727215
270420710874
220523507
1769981542
3279852858110
2674664430
21467582865
3758041118
0
0
0
0
0
0
0
0
0
0
0
236011292434198
192463209920
1544761974642
270420710874
3279852858110
0
0
0
0
0
236011292434198
0
109
8294
96657
17042
255427
205
16
194
34
14721
2595
30249
788
8188
95426
16825
31791445
25590
7238873
1276374
2411633592
1941253
14874201
28103913908
22622355
4955346095
3988825
255427
14534
2562
29864
2265492
7146728
1260127
2380935510
1916543
14684865
27746174541
22334392
4892268675
3938050
31791445
1113963663
2104767638881
1694240974
371117422845
298732426
2411633592
4324807936185
3481271127
28103913908
4955346095
2236654
1099783836
2077975703599
1672674700
366393407808
294929812
2380935510
4269756740892
3436957452
27746174541
4892268675
323894949937211
260720511592
2104767638881
371117422845
4324807936185
319772037565955
257401757091
2077975703599
366393407808
4269756740892
323894949937211
319772037565955
7
6833
74798
13163
197663
159
1
17
3
15674
2758
30192
788
615
6742
1186
2246140
1808
5964267
1049639
1986998154
1599441
11488668
21748387709
17506450
3827454473
3080924
197663
1412
248
2721
2407488
537600
94611
179101878
144168
1035553
1960332520
1577977
344994929
277705
2246140
916078988
1734164520794
1395922539
305192083279
245665565
1986998154
3340433778612
2688895284
21748387709
3827454473
217003
82572531
156312235731
125824147
27509072116
22143535
179101878
301096387329
242368719
1960332520
344994929
266358215621452
214406091410
1734164520794
305192083279
3340433778612
24008707184293
19325903108
156312235731
27509072116
301096387329
266358215621452
24008707184293
0
8265
96324
13569
243202
204
0
0
0
14721
2073
24169
753
0
0
0
0
0
7213956
1016285
2296214544
1934571
11843255
26758880814
22544485
3769728551
3176014
243202
0
0
0
1810079
0
0
0
0
0
0
0
0
0
0
886969032
2004034974446
1688409073
282323760645
237859121
2296214544
3290053135351
2771885538
26758880814
3769728551
0
0
0
0
0
0
0
0
0
0
0
246399750298592
207592970829
2004034974446
282323760645
3290053135351
0
0
0
0
0
246399750298592
0
21
96657
17042
38
6
7463
5
30249
779
18735
3303
2261966
1842
14874201
5863
4014862
3270
707909
576
7376
2883175
2021565636
1608341
356447056
283586
2235658
632673253
503349
3968167
699676
311091299877
241695955
1998053773
352301391
625314933
307473145670
9
10289
22133
17010
1
4
3
2
4181
3214
6913
926
1993
1532
866
2056317
1580357
3399595
376
289
163
622
352
270
642329
185215
142345
80492
306206
173151
133073
315839205
57855
32715
25143
54087
28448108
15709293
12073182
25971300
4907090
2470820944
109
10293
93613
17042
20
188
34
30
17695
3221
29297
10198
92743
16884
9529
8701204
1584102
14405782
17531
3191
1801
29025
16381
2982
2723146
8620415
1569394
885768
14272027
8055147
1466484
1338996382
2697862
1522676
277211
2520955
1326564021
731151273
133110168
1210499800
228822575
115216865756
