788
4316
283
365
0
0
279
42
49810
211
28
34549
0
0
289
0
0
4
0
0
0
3
0
0
2583
4
356
2517
0
4
0
0
0
3
0
0
4316
3
788
4316
4316
3
768
4203
7
0
0
31
289
28068
28063
31
39
7186
274
38
62186
8
0
1375
0
0
39
0
0
0
774
0
0
0
774
0
0
0
0
31
6
676
0
0
0
675
0
0
0
26
39
0
0
5993
0
215
0
3
0
38
0
0
208
0
0
0
8
49119
39
788
2403872
1959
49119
2403872
0
0
0
753
0
0
0
0
0
0
0
41442
33
788
0
0
0
41442
0
0
0
0
0
0
723
0
0
0
0
0
2303
0
4
0
324
0
0
2275
0
0
0
2583
0
4
0
347
0
0
2455
0
0
0
0
800
0
0
0
788
0
0
800
0
0
0
4316
3
0
0
740
0
0
4054
0
0
0
4316
3
0
0
764
0
0
4184
0
0
0
0
0
25708
847
7064
0
0
0
685032
0
277
4205
3
63855
51
783
342564
277
4205
63855
342564
457
4316
3
103945
81
766
568790
444
4195
101022
552795
23
37
47792
770
5238
6576836
46691
6425320
0
0
0
739
0
0
0
0
0
7713
0
0
0
0
0
0
3250
51
64261
39
49567
783
3227
4037674
63818
49226
4009838
0
350
443849
0
0
774
0
0
435869
0
0
0
2
137011
0
0
18
0
0
3142
0
0
0
0
0
0
0
0
0
25376
775
7587
0
0
0
0
0
0
0
0
0
675008
0
0
0
0
0
0
0
365
0
4
0
0
0
0
51
0
0
0
0
0
365
0
0
0
0
0
0
0
0
0
0
0
3
5578
0
3
699
0
0
0
616
0
4944
0
3
0
4361
0
0
546
0
0
0
3865
0
0
0
0
40
0
788
0
0
48405
39
0
0
768
0
49097
39
0
0
779
0
0
47843
0
0
0
48527
0
0
0
0
0
800
0
0
0
0
0
0
709
0
0
0
0
0
719
0
0
0
0
0
0
0
0
0
0
129
771
5348
4
3237
22441
18
134136
109
758
22530
156193
127
933604
761
5281
3917258
3196
22159
132453
27264597
22248
154233
921890
3868104
26922480
0
2583
5500
4
0
0
0
447591
349
744
0
0
0
3164952
2473
5265
0
0
0
428478
0
0
0
3029799
0
0
0
0
12
18
23134
788
0
0
0
2829
3469846
23134
0
0
0
3469846
0
0
0
0
0
0
752
0
0
0
0
0
0
0
0
0
0
0
8
39
22961
48510
358
757
444186
1778
1029560
2175124
22536
47611
27913167
435958
1010488
2134831
1251575626
27396090
1228390860
8
39
0
49574
0
788
0
1812
0
2222837
0
49574
0
0
0
2222837
0
0
0
8
39
0
49574
0
786
0
1807
0
2222837
0
49443
0
0
0
2216939
0
0
0
26
5228
0
49296
36
0
103945
76
0
0
721
784208
0
7393830
5513
0
6495388
4781
0
0
45084
0
0
95065
0
0
974227492
717212
0
0
6762169
0
0
5940481
0
0
0
0
890998324
0
0
0
0
0
0
0
0
0
137706
105
0
0
750
0
0
0
0
0
0
0
0
0
0
0
0
130930
0
0
0
0
0
0
0
0
0
0
0
0
0
0
0
0
0
0
0
0
0
26
8
49574
39
713
773
0
0
0
0
0
713
7435581
5942
2426128
1938
48591
0
0
0
0
0
0
200676448
158330
7288068
2377996
0
0
0
0
196695276
0
0
0
0
0
0
0
0
522
741
0
0
0
0
0
0
0
0
0
0
0
0
0
0
0
0
0
0
0
0
0
0
0
0
0
0
0
0
0
0
0
0
0
0
713
788
0
0
0
0
0
0
0
0
0
0
0
0
0
0
0
0
0
0
0
0
0
0
0
0
0
0
0
0
0
0
0
0
0
0
0
715
0
0
0
0
0
0
0
0
0
0
0
0
0
0
0
0
0
0
0
0
0
0
0
0
0
0
0
0
0
0
0
4
0
0
26368
0
0
0
0
0
0
0
0
0
0
0
0
0
0
0
0
0
0
0
0
0
0
0
0
0
0
0
0
0
0
0
0
3
0
0
6427
0
0
0
0
0
0
0
0
0
0
0
0
0
0
0
0
0
0
0
0
0
0
0
0
0
0
0
0
0
0
0
0
4
31
86
8514
0
0
0
0
0
0
0
0
0
0
0
8383
0
0
0
0
0
0
0
0
0
0
0
0
0
0
0
0
0
0
0
0
3
0
0
3608
0
0
0
0
0
0
0
0
0
0
0
0
0
0
0
0
0
0
0
0
0
0
0
0
0
0
0
0
0
0
0
0
5578
26
289
8
23639
711
7692
0
0
0
0
0
0
0
0
0
0
23639
711
7692
628226
0
0
0
0
0
0
0
0
0
0
628226
0
0
0
0
0
0
0
0
0
0
4316
11
131
3
21688
652
7692
0
0
0
0
0
0
0
0
0
0
9869
297
3500
576392
0
0
0
0
0
0
0
0
0
0
262299
0
0
0
0
0
0
0
0
0
0
5492
0
0
0
23639
567
6135
0
0
0
0
0
0
0
0
0
0
0
0
0
501087
0
0
0
0
0
0
0
0
0
0
0
0
0
0
0
0
0
0
0
0
0
5578
26
87
0
7171
73
240
0
0
0
0
0
0
0
0
0
0
7171
73
240
19623
0
0
0
0
0
0
0
0
0
0
19623
0
0
0
0
0
0
0
0
0
0
4225
26
0
8
81
713
26
0
0
0
0
0
0
0
0
0
0
81
712
26
2166
0
0
0
0
0
0
0
0
0
0
2165
0
0
0
0
0
0
0
0
0
0
5578
12
123
0
22204
4
47
0
0
0
0
0
0
0
0
0
0
10116
2
21
3906
0
0
0
0
0
0
0
0
0
0
1779
0
0
0
0
0
0
0
0
0
0
0
0
0
7713
788
0
0
0
0
0
0
0
0
0
0
0
0
0
0
0
0
0
0
0
0
0
0
0
0
0
0
0
0
0
0
0
0
0
0
7713
765
0
0
0
0
0
0
0
0
0
0
0
0
0
0
0
0
0
0
0
0
0
0
0
0
0
0
0
0
0
0
0
0
0
0
1869
737
0
0
0
0
0
0
0
0
0
0
0
0
0
0
0
0
0
0
0
0
0
0
0
0
0
0
0
0
0
0
0
0
0
0
792
771
0
0
0
0
0
0
0
0
0
0
0
0
0
0
0
0
0
0
0
0
0
0
0
0
0
0
0
0
0
0
0
0
0
0
0
788
0
0
0
0
0
0
0
0
0
0
0
0
0
0
0
0
0
0
0
0
0
0
0
0
0
0
0
0
0
0
0
0
0
0
7713
764
0
0
0
0
0
0
0
0
0
0
0
0
0
0
0
0
0
0
0
0
0
0
0
0
0
0
0
0
4
0
0
0
3
0
0
2508
4
361
2479
2583
4
362
2560
0
4
0
0
0
4
0
0
0
3
0
8
0
0
0
0
5495
4
782
5450
4316
3
788
4316
22856
358
38
22424
0
312
0
0
22581
361
39
22482
279
36
60112
0
0
0
0
0
0
38
0
0
0
0
7709
289
8
0
0
0
7709
0
0
0
0
6143
288
6
0
0
0
6143
0
0
0
4
0
0
0
0
0
0
0
0
0
0
4
0
0
0
0
0
0
0
0
101
0
3
0
18
0
0
99
0
0
0
0
0
3
17
0
0
879
0
0
0
8
38
0
0
1919
0
0
0
0
788
0
0
0
0
0
0
0
0
0
780
0
0
0
0
0
2558
0
4
0
354
0
0
2503
0
0
0
1963
0
3
0
364
0
0
1958
0
0
0
672
0
3
0
105
0
0
638
0
0
0
0
779
0
0
0
772
0
0
779
0
0
0
800
0
0
0
788
0
0
800
0
0
0
0
0
0
24918
749
28
7692
289
8
0
0
0
0
0
0
662150
24918
749
7692
0
0
0
0
662150
0
0
0
0
0
26495
799
30
7713
289
8
0
0
0
0
0
0
705999
26495
799
7713
0
0
0
0
705999
0
0
0
0
0
23433
776
29
7011
263
8
0
0
0
0
0
0
623806
23433
776
7011
0
0
0
0
623806
0
0
0
0
0
25752
775
29
7692
289
8
0
0
0
0
0
0
684381
25752
775
7692
0
0
0
0
684381
0
2508
5416
4
453930
356
769
3116616
2447
5285
442932
3041107
783
5536
4
136666
103
731
966375
731
5169
127613
902366
2215
4692
3
445369
362
768
2700282
2199
4658
442155
2680795
122
267
0
448384
358
783
152102
121
265
445527
151133
135
6162
3
18
2875
29939
721
637387
0
7272
0
0
0
0
0
0
2322
82
103945
17
21894
781
2299
2884801
102912
21676
2856115
22695
364
453930
39
49000
786
22626
28195159
452545
48851
28109155
0
108
137300
0
0
770
0
0
134529
0
0
0
364
453160
0
0
788
0
0
453160
0
0
0
365
453930
0
0
788
0
0
453930
0
0
0
361
453930
0
0
780
0
0
449067
0
0
0
47
63963
0
0
716
0
0
58330
0
0
0
365
453930
0
0
788
0
0
453930
0
0
0
0
0
0
0
0
0
25648
618
6162
0
0
0
0
0
0
0
0
0
546047
0
0
0
0
0
0
0
0
0
0
0
0
0
25376
775
7587
0
0
0
0
0
0
0
0
0
675008
0
0
0
0
0
0
0
0
0
0
0
0
0
28068
676
6162
0
0
0
0
0
0
0
0
0
597557
0
0
0
0
0
0
0
0
0
4
24
288
21678
0
0
0
0
0
0
21590
0
0
0
0
0
0
123
0
0
0
0
0
0
342
0
0
0
0
0
116
0
0
0
0
0
0
0
0
0
0
0
0
783
0
4
0
0
0
0
103
0
0
0
0
0
733
0
0
0
0
0
0
0
0
0
0
0
2583
5471
0
4
445215
0
349
0
739
0
3148150
0
2470
0
5231
0
0
425706
0
0
0
3010201
0
0
0
0
0
1959
4316
1
0
0
0
444758
179
395
0
0
0
2433713
981
2162
0
0
0
222770
0
0
0
1218999
0
0
0
1999
4316
3
0
0
0
453930
365
788
0
0
0
2483901
1999
4316
0
0
0
453930
0
0
0
2483901
0
0
0
2217
4787
3
0
0
0
453930
358
773
0
0
0
2754697
2173
4693
0
0
0
445003
0
0
0
2700525
0
0
0
0
0
0
0
788
0
0
0
0
0
0
0
0
0
0
0
7
39
0
49128
0
786
0
1802
0
2202827
0
49128
0
0
0
2202827
0
0
0
0
0
0
23
8
47343
38
645
773
0
0
0
0
0
628
6423551
5342
2316923
1927
47343
0
0
0
0
0
0
173363099
142364
6423551
2316923
0
0
0
0
173363099
0
0
0
0
0
4275
3
0
0
0
21688
644
7593
781
0
0
0
0
0
0
0
0
0
0
0
0
0
0
4275
0
0
0
568988
0
0
0
0
0
0
0
0
0
0
0
0
0
0
0
0
0
0
0
0
0
0
0
0
0
0
0
0
0
0
0
0
0
0
0
0
0
0
0
0
0
0
0
0
0
0
0
5578
4
24
285
8
21688
654
7713
788
0
0
0
0
0
0
0
0
0
0
0
0
0
0
5578
21413
646
7615
577919
0
0
0
0
0
0
0
0
0
0
0
0
0
0
0
0
0
0
0
0
570567
0
0
0
0
0
0
0
0
0
0
0
0
0
0
0
0
0
0
0
0
0
0
0
0
0
0
4316
3
0
0
0
23068
694
7696
788
0
0
0
0
0
0
0
0
0
0
0
0
0
0
4316
0
0
0
613370
0
0
0
0
0
0
0
0
0
0
0
0
0
0
0
0
0
0
0
0
0
0
0
0
0
0
0
0
0
0
0
0
0
0
0
0
0
0
0
0
0
0
0
0
0
0
0
5226
4
0
0
0
21688
521
6146
752
0
0
0
0
0
0
0
0
0
0
0
0
0
0
5226
0
0
0
460525
0
0
0
0
0
0
0
0
0
0
0
0
0
0
0
0
0
0
0
0
0
0
0
0
0
0
0
0
0
0
0
0
0
0
0
0
0
0
0
0
0
0
0
0
0
0
0
0
0
0
7713
779
0
0
0
0
0
0
0
0
0
0
0
0
0
0
0
0
0
0
0
0
0
0
0
0
0
0
0
0
0
0
0
0
0
0
0
6169
811
1762
0
0
0
0
0
0
0
0
0
0
0
0
0
164046
0
0
0
0
0
0
0
0
0
0
0
0
0
0
0
0
0
0
0
0
0
30
279
8
39
26071
811
7474
0
0
0
0
0
0
0
25933
807
6863
7434
63175
1967
694707
0
0
0
0
0
0
0
691016
5871964
182875
1683373
0
0
0
0
154475747
0
