788
22121
1450
1845
416
0
1467
39
254681
1112
34
166592
2
2417
377
2416
0
22
0
0
0
16
0
0
13240
21
343
12462
536
22
14
530
0
17
0
0
22121
17
788
22121
22121
16
750
21037
10
956
41808
41
377
36578
36578
41
40
7174
357
39
61488
25
14
4756
949
14
40
944
18433
14
774
18092
0
0
774
0
2
267
138
41
21
2094
266
138
13391
2092
13378
2
217
35
40
217
451
5973
36909
1139
0
17
0
39
0
0
1093
0
0
0
26
50396
40
788
5665125
4612
50396
5665125
0
0
0
746
0
0
0
0
786
18433
14
41789
33
788
976486
786
18433
41789
976486
0
17217
14
0
0
720
0
0
16713
0
0
11849
533
22
7636
323
14
275781
11674
525
7523
271702
13240
0
21
0
340
0
1
12326
0
0
1
77
4100
3
18433
14
788
95813
77
4100
18433
95813
0
22121
16
0
0
738
3
0
20720
0
2
0
22121
17
0
0
764
3
0
21441
0
3
267
2209
173
33437
2620
21663
214106
16782
138712
2098873
13439350
1434
21741
17
63844
51
783
1770981
1434
21741
63844
1770981
2233
22121
16
98972
75
748
2775273
2119
20985
93890
2632776
30
38
48522
768
5164
6512745
47255
6342667
0
0
0
716
0
0
0
0
0
23697
0
0
0
0
0
0
3334
51
64261
40
50856
783
3311
4142645
63818
50505
4114086
0
349
442521
0
0
774
0
0
434565
0
0
2590
2
137073
0
18348
17
58
3202939
3110
416
72671
0
236
2376
172
0
0
0
31866
2315
23232
0
0
0
204047
14827
148763
0
0
0
1994552
0
0
0
12771369
0
0
0
1874
0
23
0
0
0
0
51
0
0
0
0
0
1874
0
0
0
0
0
0
0
0
0
0
0
20
28585
537
17
699
13
0
18433
616
11
25335
476
15
667951
22350
420
16337
546
10
14412
592003
19809
372
522252
12774
462871
210
0
4028
3
0
49465
39
0
0
760
0
257107
206
0
0
3954
7
0
48556
0
37
0
252381
0
7
36
0
77
4100
2
0
0
0
18433
13
703
0
0
0
95813
68
3655
0
0
0
16434
0
0
0
85424
0
0
688
4008
27756
22
3321
23001
18
133987
109
757
120113
831753
679
4845168
3958
27408
4015029
3279
22712
132306
145188360
118605
821317
4784371
3964648
143366534
0
13240
28204
21
0
0
0
447870
345
736
0
0
0
16228736
12533
26699
0
0
0
423971
0
0
0
15362765
0
0
224
1
16
19
23737
788
104
220
270784
2827
3472562
23737
18011
22375617
270784
3472562
22375617
199
0
0
0
0
751
0
0
0
0
0
0
0
0
0
0
0
10
40
23558
49745
358
757
443953
1777
1029985
2174880
23122
48824
28623823
435729
1010905
2134591
1251435354
28093582
1228253187
10
40
956
50863
14
788
18433
1810
41826
2223755
956
50863
1188509
18433
41826
2223755
52562333
1188509
52562333
10
40
0
50863
0
783
0
1799
0
2223755
0
50538
7
0
0
2209547
324
7
322
35
5226
951
50577
37
1904
101263
74
18433
13
720
764518
139170
7399100
5499
122114
6492299
4769
1181835
868
46164
2366193
1738
92426
16825
18070721
949766358
697801
174890667
127025
6753410
151703251
111457
5925742
1078701
2159705
22449386218
16493760
866883993
159628648
138464706
20490316785
0
0
0
0
0
2588
137706
105
18423
14
748
0
0
0
0
0
0
0
0
0
0
3215958
2457
130740
17491
0
0
0
0
0
0
0
0
0
0
3053287
0
0
0
0
0
0
2
225
173
35
27
50863
39
2209
766
225
173
583251
461
14149
2209
7440881
5886
5717575
4523
49416
14149
48195631
37691
37033539
28962
566663
472458711
369491
7229261
5554967
3025211825
2365899
46824940
35980300
459021911
2939174328
0
200
137
0
0
0
0
1567
738
0
0
0
0
10014
0
0
0
0
0
0
0
0
0
0
0
0
0
0
0
0
0
0
0
0
0
0
0
10
8
0
0
0
0
2209
788
0
0
0
0
678
0
0
0
0
0
0
0
0
0
0
0
0
0
0
0
0
0
0
0
0
0
0
0
155
0
0
0
0
0
0
710
0
0
0
0
0
0
0
0
0
0
0
0
0
0
0
0
0
0
0
0
0
0
0
0
0
0
0
0
262
2290
534
22
0
0
34144
14
0
0
0
0
218171
1164981
50075
10176361
437419
534
0
0
0
0
0
0
0
969167509
41658620
1164981
10176361
0
0
0
0
969167509
0
0
206
427
415
17
0
0
8376
14
0
0
0
0
41429
921330
37959
1907604
78595
400
0
0
0
0
0
0
0
184821137
7614858
886996
1836516
0
0
0
0
177933679
0
2
266
705
0
22
40
108
10688
0
261
691
0
501
68343
7
49550
19
130913
0
10470
66949
7
48540
19
128244
0
1880
12683756
7
18
1842
12425143
6
18
1828
1791
0
186
263
414
17
0
0
4691
14
0
0
0
0
23136
832137
34246
1175706
48385
398
0
0
0
0
0
0
0
103198317
4247063
800216
1130606
0
0
0
0
99239621
0
2
225
2417
172
28585
35
377
26
30840
2205
23650
225
2417
172
653970
197474
14121
53421812
151439
572897060
40968046
30840
2205
23650
1932000
197474
14121
53421812
151439
572897060
40968046
12370841
46799062831
3346615470
35889200963
1932000
12370841
46799062831
3346615470
35889200963
2931732569437
2931732569437
0
160
1870
133
22121
14
171
12
28295
2023
23650
72
851
60
230351
140208
10026
37929865
117192
443339914
31703463
12879
921
10765
1772600
63818
4563
17264475
53342
201794314
14430414
8783410
33227666435
2376127365
27773156688
806831
3997930
15124183418
1081538066
12641463001
2081556738813
947458828460
0
225
2414
138
28404
0
0
0
30840
1765
18928
0
0
0
0
197223
11287
53086649
121046
569302761
32582056
0
0
0
1546229
0
0
0
0
0
0
9888095
46505450201
2661577155
28542830281
0
0
0
0
0
2331619064032
0
2
225
733
17
28585
35
114
2
9355
226
738
225
733
17
653970
59906
1453
53421812
4727
173796272
4215620
9355
226
738
60309
59906
1453
53421812
4727
173796272
4215620
386170
14197145068
344367415
1120324644
60309
386170
14197145068
344367415
1120324644
91517564089
91517564089
2
174
6
134
21611
35
1
27
106
2209
81
174
6
133
494010
525
10949
40388702
403
1490018
31034692
106
2207
81
6659
525
10940
40354947
403
1488773
31008755
32998
121717272
2535175374
93527593
6653
32970
121615549
2533056638
93449429
7640122543
7633737423
1
225
2270
1
28585
15
161
0
28962
14
146
102
1031
0
297162
185448
93
53421812
940
538007775
271022
13160
6
66
12002
84267
42
24274758
427
244469589
123152
76854
43949011842
22139437
222964911
5454
34922
19970337558
10060113
101314781
18213654103
8276245707
0
2417
173
0
0
0
0
23697
788
0
0
0
0
151739
0
0
0
0
0
0
0
0
0
0
0
0
0
0
0
0
0
0
0
0
0
0
0
1863
133
0
0
0
0
23697
765
0
0
0
0
116989
0
0
0
0
0
0
0
0
0
0
0
0
0
0
0
0
0
0
0
0
0
0
0
733
138
0
0
0
0
5743
736
0
0
0
0
36778
0
0
0
0
0
0
0
0
0
0
0
0
0
0
0
0
0
0
0
0
0
0
0
2417
17
0
0
0
0
2433
770
0
0
0
0
15583
0
0
0
0
0
0
0
0
0
0
0
0
0
0
0
0
0
0
0
0
0
0
0
2417
0
0
0
0
0
1
788
0
0
0
0
10
0
0
0
0
0
0
0
0
0
0
0
0
0
0
0
0
0
0
0
0
0
0
0
1870
134
0
0
0
0
23697
764
0
0
0
0
117424
0
0
0
0
0
0
0
0
0
0
0
0
0
0
0
0
0
0
0
0
0
0
0
22
0
0
0
17
0
0
13152
22
358
12896
13240
22
361
13113
535
22
14
530
536
20
13
487
134
17
2
27
25242
134
402
25242
28458
22
782
28228
22121
17
788
22121
23448
358
39
23005
0
311
0
0
23111
361
40
23010
363
37
59560
0
14
0
0
956
14
39
922
2417
173
2
23697
377
27
151739
2417
173
23697
151739
1860
106
2
18892
376
21
93307
1860
106
18892
93307
0
537
22
0
0
14
0
0
534
0
0
0
537
22
0
0
14
0
0
521
0
0
535
416
17
446
18
14
12519
522
405
435
12207
1
173
12
18
78
210
2067
13237
2
133
25
38
126
346
4398
21727
0
0
0
788
0
0
0
0
0
18433
14
0
0
780
0
0
18231
0
0
13112
537
22
8455
354
14
306392
12831
526
8274
299835
10232
415
17
8538
364
14
239100
10207
414
8517
238519
3942
527
20
2590
101
13
92129
3606
482
2369
84266
7
3990
3
1848
1
770
9576
7
3990
1848
9576
77
4100
3
18433
14
788
95813
77
4100
18433
95813
183
1870
134
2
32400
2320
36
23691
377
27
160547
11500
183
117395
1870
134
2033257
32400
2320
23691
10074988
160547
11500
117395
2033257
10074988
195
1870
134
2
34515
2473
39
23697
377
27
171028
12254
195
117424
1870
134
2166533
34515
2473
23697
10735383
171028
12254
117424
2166533
10735383
243
2198
173
2
30244
2382
37
21555
343
27
193656
15253
243
138021
2198
173
1898333
30244
2382
21555
12155263
193656
15253
138021
1898333
12155263
232
2417
172
2
31794
2273
36
23650
377
26
203586
14558
232
151439
2417
172
1991794
31794
2273
23650
12753708
203586
14558
151439
1991794
12753708
13213
28527
22
453930
356
769
16415023
12893
27836
442932
16017317
3841
28306
21
130420
97
720
4725816
3544
26118
120338
4360511
12993
27500
22
444993
361
765
15823680
12862
27223
440512
15664326
626
1371
1
447550
357
783
777991
622
1362
444698
773033
176
18934
10
18
8836
29512
1689
1480081
0
22329
0
0
0
0
0
0
2383
82
103945
17
22472
781
2359
2960966
102909
22248
2931448
23285
363
453930
40
50274
784
23145
28928172
451194
49971
28753850
0
100
128178
0
0
757
0
0
123849
0
0
0
364
452316
0
0
788
0
0
452316
0
0
0
365
453930
0
0
788
0
0
453930
0
0
8521
360
453930
14
18398
777
8399
10586736
447438
18135
10435336
1208
44
63798
12
18300
678
1047
1490754
55296
15862
1292091
8538
365
453930
14
18433
788
8538
10606827
453930
18433
10606827
0
173
1870
107
0
0
0
30661
1755
18934
0
0
0
151929
8697
93819
0
0
0
1537707
0
0
0
7619490
0
0
0
236
2376
172
0
0
0
31866
2315
23232
0
0
0
204047
14827
148763
0
0
0
1994552
0
0
0
12771369
0
0
0
266
2409
137
0
0
0
36578
2094
18934
0
0
0
233470
13365
120851
0
0
0
1834450
0
0
0
11708877
0
0
2
206
2406
22
32
375
28228
205
2396
511
180365
38473
448620
28113
179634
38317
446801
33623434
33487127
0
632
0
1
0
0
0
0
341
0
0
0
0
0
593
0
0
0
0
0
0
0
0
0
0
0
0
3888
0
21
0
0
0
0
100
0
0
0
0
0
3636
0
0
0
0
0
0
0
0
0
0
0
13240
27986
0
21
444414
0
341
0
721
0
16103497
1
12362
4
26131
0
64
414954
0
0
2321
15036021
1
3
59
2167
0
10019
22121
8
0
0
0
443876
178
395
0
0
0
12446720
5018
11079
0
0
0
222326
0
0
0
6234236
0
0
0
10245
22121
17
0
0
0
453930
365
788
0
0
0
12728634
10245
22121
0
0
0
453930
0
0
0
12728634
0
0
0
12927
27909
22
0
0
0
453930
358
773
0
0
0
16059352
12672
27360
0
0
0
445003
0
0
0
15743539
0
0
179
0
0
0
0
788
0
0
0
0
0
0
0
0
0
0
0
10
40
951
50375
14
785
18359
1800
41591
2202407
951
50375
1177099
18359
41591
2202407
52057737
1177099
52057737
2
204
173
31
26
48459
39
2000
771
198
168
555688
462
12808
1948
6417488
5343
5447381
4535
48459
12478
41566974
34214
35283456
29042
555688
407478401
335406
6417488
5447381
2609134827
2147650
41566974
35283456
407478401
2609134827
0
153
1870
131
21885
17
0
0
0
27154
1910
23265
780
0
0
0
0
0
134550
9465
36011356
29299
115283
438615087
356868
30854567
25104
21885
0
0
0
1673356
0
0
0
0
0
0
0
0
0
0
8291643
31546996938
25667425
2219187102
1805586
36011356
27029499246
21991876
438615087
30854567
0
0
0
0
0
0
0
0
0
0
0
1944072500556
1581746006
31546996938
2219187102
27029499246
0
0
0
0
0
1944072500556
0
2
206
2417
173
28585
23
31
371
26
28295
2027
23697
788
203
2378
170
643369
517
181181
12982
49014103
39454
151739
572897060
461155
41049338
33042
28585
27837
1994
23313
1776113
178244
12771
48219596
38814
149280
563610529
453680
40383938
32507
643369
11372674
42937781615
34562935
3076586828
2476510
49014103
35960415802
28946477
572897060
41049338
1747322
11188326
42241769922
34002678
3026716054
2436366
48219596
35377505624
28477262
563610529
40383938
2695179618285
2169495415
42937781615
3076586828
35960415802
2651491368481
2134328387
42241769922
3026716054
35377505624
2695179618285
2651491368481
0
170
1870
134
22121
17
0
0
0
30095
2156
23694
788
0
0
0
0
0
149128
10683
40342839
32474
117408
443339914
356868
31761983
25566
22121
0
0
0
1888848
0
0
0
0
0
0
0
0
0
0
9359426
35341501772
28448280
2531953811
2038106
40342839
27824421852
22397377
443339914
31761983
0
0
0
0
0
0
0
0
0
0
0
2218065241520
1785440324
35341501772
2531953811
27824421852
0
0
0
0
0
2218065241520
0
0
205
2405
137
27178
22
0
0
0
28295
1616
18896
753
0
0
0
0
0
180323
10302
46557255
39254
120423
544180400
458823
31091933
26215
27178
0
0
0
1416269
0
0
0
0
0
0
0
0
0
0
9025580
40785510751
34388131
2330294149
1964777
46557255
27237439163
22965131
544180400
31091933
0
0
0
0
0
0
0
0
0
0
0
2041405507975
1721202443
40785510751
2330294149
27237439163
0
0
0
0
0
2041405507975
0
0
2417
173
0
0
0
0
23697
779
0
0
0
0
151739
0
0
0
0
0
0
0
0
0
0
0
0
0
0
0
0
0
0
0
0
0
0
0
256
553
173
0
0
0
0
8043
2516
5425
0
0
0
0
51502
16113
34742
0
0
0
0
0
0
504808
0
0
0
0
0
0
3232352
0
0
0
0
0
0
0
0
0
0
2
256
2337
173
39
362
26
40
33907
2512
22915
254
2319
171
471
217116
16088
146728
33638
2492
6834
22733
62330
4618
2128378
215393
15960
43760
145563
399108
29573
13628268
2111486
5789290
428982
3912435
13520108
36645942
2715442
24765537
359237837
2326833814
