788
197663
12960
16748
12386
53714
30304
84
4839936
23175
76
3395986
433
378787
769
378672
4249
205
13
4249
10623
154
41
10342
118307
200
356
115297
15972
202
48
15800
78
156
0
61
197663
159
788
197663
197663
154
763
191350
21
7329
294993
85
769
74583
74583
85
94
15088
733
91
129663
1538
48
303745
7276
49
92
7229
61411
48
774
60274
243
0
774
239
432
41926
626088
85
1273
123456
41894
625599
60653124
123359
60605661
424
34678
71
92
34678
74196
12562
6057391
23564
49
152
29
90
0
7274
22615
47
27
6981
1582
116018
93
788
346317445
280135
116018
346317445
227
16409
13
753
48981551
39045
15924
47534877
3072
61411
49
49034
39
788
3817121
3072
61411
49034
3817121
3401
57793
47
51410
42
722
3989292
3301
56092
49896
3871864
106095
15883
202
25455
324
48
8218915
104929
15709
25175
8128624
118307
85
160
151
285
0
48959
92501
66
118
38279
2295
36639
29
61411
49
788
2852238
2295
36639
61411
2852238
65
197663
149
326
0
739
81799
61
185316
306
76689
65
197663
154
324
0
764
81424
63
191590
314
78922
41987
346500
784751
68226
154517
1275141
33567652
76023703
627377270
123530851
60777931967
12960
196426
159
63858
51
783
16000436
12960
196426
63858
16000436
20964
197663
154
103945
81
766
26044641
20372
192080
101009
25308997
64
89
113527
770
11078
14019248
110911
13696275
9
11
15775
740
1564
2061680
14800
1934324
359
1393959
744
43
650497
63614
131794
115181942
7668
51
64261
93
116955
783
7615
9526956
63818
116149
9461277
7398
350
443833
12
16336
774
7261
9190871
435611
16033
9020615
8628
2
136974
1
61085
17
197
10662946
3142
1401
244593
53
38523
372643
783842
9
92
195
67319
141604
1369759
4724
45705
96139
33121711
69670374
673930028
8256
17368
168003
121748580
4062429
8545179
82658564
59901044140
14932652
7346956085
3409
16748
63
205
857
3
10
15
51
0
277706
1052
3409
5170
16748
63
264
857
3
15
85731
277706
1052
5170
264
85731
182
255427
16005
160
699
43
0
61411
616
38
226384
14185
142
19883990
199711
12514
54429
546
34
48016
17623123
177003
11091
15546741
42556
13779031
4336
9
35955
28
28
113822
91
238
0
761
1338
5286408
4263
11099
8
35350
35138
28
111908
234
1631983
1316
5197525
10913
34547
1604544
629
2295
36639
26
1055
16844
12
61411
44
707
49024
782353
565
2852238
2060
32877
1311312
947
15115
55106
60903123
43991
702032
2559410
1176685
54650445
14167
35812
248160
202
7654
53039
43
134077
109
758
2472949
17136042
13989
43318123
35363
245046
9258364
7558
52373
132395
2991214113
2441918
16921019
42774567
9142190
2953680302
4390
118307
251886
196
7802
16611
12
447637
349
744
2526184
5378461
4199
144936368
113155
240917
9558286
7462
15888
428144
3094789654
2416178
5144250
138624937
9142059
2960023274
35384
202
33
43
54582
788
16512
35813
44273847
5942
7346438
54582
2923757
3632204601
44273847
7346438
3632204601
32464
62
9
12
16844
754
4675
10564
13663510
1608
2080148
16100
791299
1028460790
13060043
1988275
983037483
21
92
54175
114352
358
756
443788
3737
2191147
4602478
53172
112234
65799077
435567
2150557
4517219
2661262485
64580184
2611964027
21
94
7329
116966
49
788
61411
3808
296438
4707654
7329
116966
9105335
61411
296438
4707654
368267899
9105335
368267899
21
93
38
116966
0
784
322
3785
1558
4707654
38
116272
47876
320
1549
4679753
1936396
47593
1924920
71
12340
7290
116346
85
6513
103945
76
61411
45
721
1669017
986066
15659430
11584
960621
15330095
11285
9057123
6667
106407
8091766
5957
95065
56165
129926311
2073431898
1526431
1224997497
901825
14321629
1193386673
878554
14020430
8283364
7400479
161408383339
118826578
1896296557
1120344747
1091434467
147619105279
9
2366
1055
16844
12
8628
137706
105
61411
47
750
293714
130985
2080148
1600
184252
2940403
2251
1311312
1004
16022
10719868
8207
130982
58413
22864491
364883494
279372
162724732
124590
1978578
228898635
175256
2796828
1247283
10196436
28404721186
21748059
347066891
154779176
217721927
27017769846
433
35384
784751
71
1595
116966
92
130215
770
35384
784751
94875039
74999
64066642
130215
15742784
12444
349145483
276000
114306
64066642
7783500982
6122882
172623473314
135794074
92717543
28643721500
22532553
15384787
341205775
14092885633810
11086153712
7606501057
168697946495
27992351817
13772407778448
62
32392
625610
9
183
16844
12
95455
740
4665
90097
13633251
10348
46860458
13747
2080148
1578
40174613
30495
15807
6748649
1026183204
775147
19819025101
14970680
12793450
3023967792
2284212
1952012
37699878
1484515750276
1121357459
962970861
18598183627
2837692974
1393070364529
2
1697
37647
9
205
15072
12
130215
788
218
4851
586501
474
3073493
16779
2028610
1640
44990777
36392
15072
396049
48116316
38731
1067129781
858990
586501
3691020972
2971101
2028610
44990777
87119889761
70127497
48116316
1067129781
3691020972
87119889761
154
25122
3058
30
3
53714
39
601
715
11537
1404
33716386
24745
229058
276
6633042
4868
807396
592
48736
105190
2537853145
1853539
308915996
225619
30591820
60773210
44386
6018345
732573
23138911204
16899670
2302665152
280288124
55141234
20994581421
60
41341
360153
15934
205
11
102
69822
49
5814
50657
1104951
14257
34352896
749307299
9668388
6527768685
84228461
15934
9820
4831951
105394788
1359919
918171757
11847263
1104951
622645088107
8034052773
749307299
6527768685
87578951149
1130040096
105394788
918171757
622645088107
87578951149
37
32492
67123
12386
156
9
19
17078
48
3633
7506
682883
8609
6502657
591550705
7458219
1222028665
15407229
12156
1909
727214
66155182
834078
136663736
1723044
670233
118385505241
1492594027
580592547
1199391241
13239464767
166922006
64929693
134132113
116192477374
12994210796
427
41987
114910
63
200
84
230
22625
0
41375
113235
30835
97392
11132088
3031450
9574662
8296327
26203475
61
22296
10969784
2987252
9435064
8175368
25821432
30066
803716793
2538493414
2955823
8089356
791998700
2501482489
2912727
7971414
783666154
772240396
23
29475
41496
12386
154
5
7
9577
48
2025
2851
419582
5237
3646730
536615689
6698934
755479633
9431159
12036
658
250579
36872774
460307
51911694
648048
407751
66391317816
828807424
521485241
734178084
4561983776
56950308
35833107
50447989
64519344253
4433353809
433
35384
378787
784303
255427
71
769
1594
62852
130140
1393164
35384
378787
784303
125923632
30924003
64030123
10280336279
685445538
110051491801
227868642927
62852
130140
1393164
113737203
30924003
64030123
10280336279
685445538
110051491801
227868642927
55959397594
8984543399622
18603070965108
199146764874570
113737203
55959397594
8984543399622
18603070965108
199146764874570
16258232602083494
16258232602083496
153
25122
293127
607284
197663
30
351
729
57667
119471
1393959
11484
133997
277608
44545869
21956262
45487771
7299111962
530738786
85164027848
176438130101
26361
54613
637220
104412528
10036870
20793835
3336644678
242616739
38931051029
80655201734
39754230299
6379089791423
13215845973774
154198850525986
47730122
18172860156
2916074737992
6041362615264
70488954905582
11550044521032532
5279874425933718
62
35384
378787
626999
254010
10
110
183
62852
104039
1113743
5095
54551
90297
18034390
30924003
51187854
10223302655
547968431
109440944134
181155301702
9051
14983
160396
90925381
4453546
7371862
1472317709
78916144
15761231536
26089236315
44735842053
8934698623130
14789419421540
158321442610033
13094696
6442670703
1286738293603
2129910936290
22800798493362
12925275695402558
1861444677003939
433
35384
114910
80591
255427
71
233
163
19067
13372
43427
35384
114910
80591
125923632
9381226
6579415
10280336279
21366816
33385649709
23414642376
19067
13372
43427
3545434
9381226
6579415
10280336279
21366816
33385649709
23414642376
1744375153
2725586121810
1911558554793
6207834313675
3545434
1744375153
2725586121810
1911558554793
6207834313675
506804186804158
506804186804158
335
27382
1008
607284
193391
71
2
1593
216
130215
4795
27361
1007
606835
95269967
82324
49578366
7783541612
1825805
286641883
172624374415
216
130118
4791
391492
82263
49541717
7777787862
1824456
286429991
172496767020
149057793
23401286043
14092959199219
518996693897
391203
148947606
23383987344
14082541401517
518613041146
42370605289050
42339284088996
202
35384
355609
5181
255427
33
337
4
59006
859
8640
16512
165946
2417
58762808
29031765
422991
10280336279
4251069
103317448668
1505331215
27535
401
4032
705387
13547799
197390
4797363446
1983779
48213534871
702469330
347054972
8434779813603
122894414339
1235089689728
329172
161954705
3936126529602
57349210686
576359952673
100832044510917
47053710257306
194
378787
784751
346
717
52623
42
1393959
788
170416
353059
42684268
34527
685836469
627142
75820396
61330
157080510
127062
52623
308557724
37486894928
30175223
77663278870
62515361
42684268
137953882275
111046519
75820396
157080510
67874151256470
54635564533
37486894928
77663278870
137953882275
67874151256470
154
293127
607284
353
732
53714
42
1393959
769
134612
278882
33716386
26608
530738786
640145
77392518
61078
160337546
126538
52406
243730368
29610971447
23255024
61346375513
48178475
32895322
140814332605
110588764
75507849
156432992
53613924510790
42105782412
28889882526
59852463307
137385209882
52308313615837
198
114910
626999
106
582
53448
40
337869
738
52509
286511
43353732
32819
166233840
154391
23361923
17685
127472327
96499
50020
75961576
11550532990
8701398
63024490603
47478432
40573502
33961858425
25584590
21863747
119297657
16709441428678
12587774606
10809809176
58982794773
31783919338
15637882117570
61
378787
80591
109
23
16531
13
143154
772
53793
11445
13408912
10729
70432956
20330
23818354
19059
5067611
4055
16274
10002558
11776200248
9377237
2505513672
1995108
13200753
4450563293
3543926
23448600
4988942
2189704277823
1743633562
11593387603
2466618309
4381473160
2155711510973
62
378787
3112
110
0
16844
13
5528
788
54551
448
13663510
11052
2719814
796
24270598
19632
199404
161
16844
391696
11999797209
9659283
98589100
79359
13663510
175124580
140967
24270598
199404
86162361657
69356731
11999797209
98589100
175124580
86162361657
48
293127
607284
110
229
16844
13
1393959
764
42214
87458
10573591
8284
530738786
200752
24270598
19017
50282486
39398
16316
76434802
9286117165
7240592
19238464760
15000660
10242158
44159928813
34432481
23509826
48706360
16813537698977
13109890522
8995040002
18635427166
42775717674
16286510441467
13999
203
42
13839
3373
159
13
3373
117470
201
361
116104
118307
203
362
117251
15996
203
48
15864
15987
186
44
14523
607284
157
335
1595
140203700
607284
77434
140203700
254184
202
782
252135
197663
159
788
197663
53968
358
92
52968
6568
312
11
6140
53239
361
92
53005
747
86
125882
3805
49
48
3805
7329
47
90
7073
378787
784751
433
1393959
769
1595
685836469
378787
784751
1393959
685836469
292252
485207
335
1110418
767
1274
422783001
292252
485207
1110418
422783001
4203
16005
204
1010
12
49
327213
4183
15929
1005
325655
14225
16005
199
3420
42
47
1107422
13809
15537
3320
1075016
11008
12386
155
3420
42
48
856985
10734
12077
3335
835648
202
784751
744
43
366292
35102
129180
63557392
328
607284
1560
92
594019
58091
276254
105181598
741
54351
43
788
162240624
131290
54351
162240624
3420
61411
48
54582
43
780
4249044
3382
60737
53983
4202365
117125
16005
201
28160
355
48
9117765
114955
15709
27638
8948863
91552
12386
158
28444
364
49
7127018
91330
12356
28375
7109698
35422
15796
192
8628
105
46
2757470
33635
15000
8193
2618383
235
35861
29
6172
5
772
286693
235
35861
6172
286693
2295
36639
29
61411
49
788
2852238
2295
36639
61411
2852238
28807
293127
605636
335
66125
136623
75
1390177
769
1590
25176728
52018250
28807
529298930
293127
605636
119402574
66125
136623
1390177
45461570003
25176728
52018250
529298930
119402574
45461570003
30678
293127
607284
335
70418
145888
80
1393959
769
1595
26811180
55545922
30678
530738786
293127
607284
127499985
70418
145888
1393959
48544593941
26811180
55545922
530738786
127499985
48544593941
38523
344405
784751
433
62218
141768
78
1267430
700
1595
30611838
69751165
38523
623583723
344405
784751
112653287
62218
141768
1267430
55426104439
30611838
69751165
623583723
112653287
55426104439
38523
378787
784303
433
68429
141688
78
1393164
769
1594
33667837
69711407
38523
685445538
378787
784303
123828911
68429
141688
1393164
60924579300
33667837
69711407
685445538
123828911
60924579300
118307
255427
201
453930
358
774
146973919
116115
250695
445521
144251306
35890
253530
191
136683
103
730
44255468
33498
236636
127575
41306564
116423
246594
201
445323
363
768
141891737
115661
244980
442408
140962796
5613
12253
9
448949
359
783
6973463
5577
12175
446087
6929018
359
1113743
594
42
519733
61914
102485
89567699
335
1315978
727
41
604334
56742
122983
102101488
5479
82
103945
41
51666
781
5425
6807716
102912
51152
6740019
53574
363
453930
92
115668
785
53326
66556354
451825
115132
66247711
2365
108
136909
13
16737
767
2314
2921625
133982
16379
2859171
28055
364
452756
48
60730
788
28055
34853992
452756
60730
34853992
7802
365
453930
13
16844
788
7802
9692659
453930
16844
9692659
28444
361
453930
48
61411
780
28149
35336660
449225
60775
34970370
4026
47
63933
45
61098
722
3709
4976975
58893
56282
4584618
28444
365
453930
49
61411
788
28444
35336660
453930
61411
35336660
48
29691
293127
485207
11
110
183
68154
112814
1113743
4276
42214
69877
25949191
42953152
424048754
9815
16247
160396
98594569
3737095
6185935
61069745
37539089432
14199181
5406224195
53
38523
372643
783842
9
92
195
67319
141604
1369759
4724
45705
96139
33121711
69670374
673930028
8256
17368
168003
121748580
4062429
8545179
82658564
59901044140
14932652
7346956085
199
41987
378787
626999
39
354
587
74583
123456
1113743
19350
174563
288951
36695496
60741286
547968431
34371
56894
513266
107895217
16911064
27992530
252530430
53085104668
49723349
24464190898
431
32464
378226
201
65
765
57581
32338
376754
99097
28330517
7451784
86816602
57357
28220248
7422780
86478692
6502873559
6477562878
681
5647
4
9
25105
18
41
150
342
0
389963
281
640
2337
5313
3
10389
23623
17
141
161379
366938
265
2199
9776
151850
14097
35890
80
192
7600
17
40
43
103
0
2460765
5526
13184
14068
33566
75
2979
7107
15
40
964623
2301433
5168
13158
2786
902165
118307
250526
85
196
445221
151
349
320
739
0
144154111
48959
113064
103675
239424
81
184246
425491
144
306
59655605
137765931
46789
99081
176082
57011971
3181
89621
197663
79
7152
15775
6
444355
179
395
1792168
3952694
1593
111337675
44889
99006
8885800
3582
7901
222569
2226423990
897662
1979827
55766858
4450723
1115172128
226
91552
197663
159
521
1125
0
453930
365
788
130612
281993
226
113736675
91552
197663
647591
521
1125
453930
162260491
130612
281993
113736675
647591
162260491
4295
115765
249939
197
7802
16844
13
453930
358
774
2471908
5336891
4216
143816137
113620
245309
9692659
7657
16532
445521
3070869651
2426117
5238028
141152020
9513108
3013983441
30819
60
8
13
16234
788
4277
10651
13168379
1539
1903211
16234
757445
940980417
13168379
1903211
940980417
21
93
7290
115771
49
784
61108
3787
294869
4659564
7290
115771
9012320
61108
294869
4659564
364505913
9012320
364505913
423
31954
784751
63
1557
111893
91
117594
772
31200
766236
90760738
74933
57857337
114820
13600475
11228
334004623
275760
111893
56492303
6724306975
5524632
165137580274
135675602
90760738
24745827966
20330957
13600475
334004623
12175098247837
10002955015
6724306975
165137580274
24745827966
12175098247837
48
25122
293127
601199
195371
159
9
110
227
57667
118274
1379992
779
3618
42214
86582
13871136
11296
21956262
45032013
7214466826
5875448
525421124
84176411707
68553118
172644745266
140601570
195371
8304
17033
198740
103366381
3162049
6485324
1038997634
846157
75668974
12122738206
9872736
24863581223
20248855
13871136
39355918444
6305113815888
5134873372
12931707904093
10531559701
7214466826
150883605794587
122879337686
84176411707
172644745266
14886398
5667876385
908036379809
739503197
1862371017061
1516711612
1038997634
21729632038208
17696573322
12122738206
24863581223
11301720852502144
9204101172988
6305113815888
12931707904093
150883605794587
1627627032308290
1325536533132
908036379809
1862371017061
21729632038208
11301720852502142
1627627032308290
429
32464
378787
784751
255427
205
65
762
1580
57667
119471
1393959
788
32160
375237
777396
124743481
100412
28372535
58780653
9432129745
7592429
685836469
110051491801
88586380
227998603622
183528371
255427
57126
118351
1380895
104412528
28106629
58229763
9343732179
7521273
679408835
109020093345
87756152
225861809257
181808350
124743481
51371600559
8243249710188
6635436217
17077909553754
13746930344
9432129745
199260344574346
160395396678
110051491801
227998603622
103433977
50890147844
8165994282948
6573249158
16917856025675
13618094628
9343732179
197392884095352
158892177034
109020093345
225861809257
14925311331825544
12014187954637
8243249710188
17077909553754
199260344574346
14785431873580070
11901591435543
8165994282948
16917856025675
197392884095352
14925311331825544
14785431873580070
156
26718
293127
606316
197663
159
32
359
743
61329
126857
1391737
788
12468
136789
282940
45473963
36604
23350892
48299967
7762741028
6248648
529892701
85164027848
68553118
176156858598
141798154
197663
28619
59198
649460
110867637
10896794
22539389
3622516719
2915959
247276724
39742162426
31990609
82204360970
66170723
45473963
42211961394
6784280375260
5461033123
14032890986370
11295830693
7762741028
153953032105165
123925097626
85164027848
176156858598
51736863
19698394597
3165913818669
2548414757
6548509352833
5271248313
3622516719
71842849176045
57830183505
39742162426
82204360970
12264104467697988
9872039041225
6784280375260
14032890986370
153953032105165
5723097463583713
4606829772695
3165913818669
6548509352833
71842849176045
12264104467697990
5723097463583713
62
32295
376809
623725
242129
204
9
110
183
57667
95455
1113743
751
4651
54266
89826
17190842
14521
28224410
46719275
8941067373
7552791
545107633
104321911308
88123891
172681873924
145869630
242129
8304
13747
160396
83423340
4064762
6728316
1287655494
1087721
78504143
15024009628
12691237
24868928339
21007540
17190842
40830508239
7814083671941
6600794119
12934488973155
10926156199
8941067373
150916054542360
127483380928
104321911308
172681873924
12014284
5880240701
1125351969240
950619032
1862771535110
1573539766
1287655494
21734305172479
18359628562
15024009628
24868928339
11304151379579026
9548960452005
7814083671941
12934488973155
150916054542360
1627977066752134
1375201738298
1125351969240
1862771535110
21734305172479
11304151379579026
1627977066752134
202
378787
784751
359
744
54582
43
1393959
779
176762
366207
44273847
35396
685836469
650497
78643978
62875
162930251
130261
53947
320048558
38882924067
30934936
80555494951
64089292
43758915
143091348045
113842304
77729299
161035271
70401815741160
56011108213
38430691553
79618584600
141427106950
69582998974485
202
40267
86738
783499
38
82
743
43
16378
147948
318694
18790
40477
365623
35813
8058545
72791753
156799816
7643
69040
6762
148720
14567
131583
29608625
3760555
33968587
3327242
73171313
7167171
64740090
14567624460
13816993
1353382
12224919
26333547
6798045044
665872366
6014734898
12956266090
2446541349
1203713261854
431
40304
367358
784751
81
743
1588
93
69433
148324
1351899
40141
365868
781568
76433
34161809
72976454
665142860
69152
147722
14446
1346416
131672
281277
125717380
34023263
72680493
7107746
662445327
64783453
138390408
61853718012
125207525
12244596
26156906
238406754
61602866030
6024416276
12869357569
117297576664
22170190818
10907869066026
