788
197663
12960
16505
12386
53632
30338
85
4807324
23180
72
3174551
436
381244
774
381128
1914
205
5
1914
4594
151
17
4387
118307
192
342
111004
15973
202
48
15801
78
156
0
61
197663
159
788
197663
197663
151
750
188090
21
7329
292931
85
775
75021
75021
85
94
14970
738
90
128816
1541
48
302818
7205
48
92
7180
60988
48
769
59858
241
0
769
237
435
42189
629842
85
1280
124036
42156
629349
60961422
123939
60913720
428
34981
72
91
34981
73687
12470
6020300
23339
48
151
28
89
0
7200
22399
46
27
6910
1590
114952
92
783
343680923
277871
114952
343680923
106
7566
5
745
22621634
17883
7293
21806062
2956
60988
49
47213
38
783
3672934
2956
60988
47213
3672934
3360
57335
47
50828
42
718
3939249
3264
55704
49382
3827201
105286
15804
199
25311
320
48
8169110
103299
15505
24833
8014927
117330
83
150
149
267
0
48252
86420
61
109
35540
2278
36387
29
60988
49
783
2830729
2278
36387
60988
2830729
65
196302
148
324
0
735
81180
61
184059
303
76117
64
196302
153
320
0
759
80311
62
190271
310
77844
42222
348755
788920
68628
155243
1282309
33755502
76358366
630717934
124112765
61046198067
12713
193098
156
63414
51
779
15705826
12713
193098
63414
15705826
19831
196302
150
98381
75
745
24634505
18849
186582
93509
23414677
63
87
111272
763
10863
13789221
108428
13436805
0
0
958
711
92
125682
870
114121
356
1401765
738
42
644997
62291
128901
112653197
7587
50
63764
92
115881
778
7535
9425313
63324
115082
9360335
1552
341
440449
2
3431
755
1496
1928114
424518
3307
1858373
8557
2
136254
1
60815
17
194
10599887
3090
1379
240416
52
37381
375438
788901
9
91
192
65408
137440
1380385
4475
44953
94460
32171767
67601816
678957542
7831
16456
165282
118286781
3852139
8094414
81296091
58180625354
14163261
6966352310
1514
16610
63
204
380
1
4
15
51
0
123207
467
1514
5124
16610
63
117
380
1
15
38010
123207
467
5124
117
38010
180
253668
15886
159
693
43
0
60988
612
38
224489
14059
141
19734043
198336
12421
53972
542
33
47684
17464083
175522
10992
15429501
42199
13654682
4294
9
35807
28
28
113091
91
238
0
759
1324
5249092
4226
11046
8
35242
34889
28
111306
234
1619393
1303
5166235
10872
34339
1593831
115
2278
36387
25
193
3097
2
60988
43
690
9003
143766
101
2830729
2006
32043
240964
170
2727
53707
11184254
7928
126603
2492798
212198
9849083
14036
35593
247124
201
7560
52493
42
133116
108
754
2446426
16985292
13859
43072787
35147
244023
9149326
7465
51834
131446
2960468136
2415728
16772160
42532308
9034520
2923320060
392
117330
250682
193
696
1488
1
445118
342
732
225438
481661
370
144028100
110920
236988
855251
658
1407
420802
276735599
213123
455348
136160136
808530
261618094
35640
203
33
43
54081
783
16631
35554
43975513
5905
7304565
54081
2904860
3608315969
43975513
7304565
3608315969
31451
7
1
1
1966
748
533
1234
1598922
181
234370
1878
89038
115774344
1527471
223896
110600750
21
91
53603
113483
355
753
441063
3711
2172744
4580137
52610
111381
65201302
432892
2132495
4495293
2642834434
63993485
2593877405
21
93
7258
115891
49
783
60988
3781
294194
4677314
7258
115891
9015718
60988
294194
4677314
365438278
9015718
365438278
21
92
38
115891
0
779
320
3760
1546
4677314
37
115228
47405
318
1538
4650556
1921518
47134
1910525
72
11874
7219
115277
84
6282
100309
73
60988
44
716
1610757
979335
15570173
11500
923768
14750039
10847
8967980
6595
105309
7803560
5738
91635
55714
125308230
2000826544
1471471
1216496695
894650
14223782
1147473436
843888
13474567
8192497
7128767
155653503373
114472519
1827810161
1111303239
1048248591
142193762842
4
1092
487
7788
5
8557
136641
102
60988
45
730
136013
60707
965177
727
85018
1357512
1018
605906
454
7260
10629973
7976
127369
56849
10581144
168951665
126784
75409243
56588
899686
105607134
79249
1265399
564793
9908688
13143527486
9863172
157487635
70292432
98441277
12251687784
436
35640
788920
72
1603
115891
90
131043
763
35640
788920
94235732
74182
64455328
131043
15653053
12322
346487433
272753
112835
64455328
7732309905
6060724
171158182090
134156880
91750871
28430279553
22284167
15240305
337351058
13983738699100
10960707440
7528420033
166644987404
27680614038
13615007654958
60
31761
629993
8
178
16121
12
93351
737
4418
87639
13102604
9964
45892718
12986
1941535
1476
38510191
29286
15164
6384216
958591678
725876
19013585769
14397703
12324409
2817420773
2133442
1826222
36222979
1385071103028
1048820706
901658628
17884323479
2650087421
1302808420684
1
1709
37847
4
94
6843
5
131043
783
100
2234
266959
215
3092139
7738
924331
747
20460501
16542
6843
182594
21904751
17634
484871601
390343
266959
1678842258
1351545
924331
20460501
39614336253
31891362
21904751
484871601
1678842258
39614336253
155
24612
3071
29
3
53220
38
588
705
11302
1410
33489191
24369
223905
270
6414641
4667
800419
582
47900
102823
2452126487
1776727
305976359
221700
30141295
58607827
42465
5773373
720401
22307867670
16163522
2206988716
275388066
52748834
20077762090
4
41511
362737
15849
204
0
8
70177
48
458
4006
87003
1120
34517402
749524185
9657144
6549568687
84387048
15849
775
381270
8279048
106670
72344821
932117
87003
623244796744
8030114899
749524185
6549568687
6884198921
88698547
8279048
72344821
623244796744
6884198921
17
32674
67558
12294
152
4
9
17179
47
1705
3525
318845
3954
6538906
591338217
7334290
1222685560
15164809
11862
896
341249
30860518
382758
63809016
791414
307646
118341814630
1467778132
570568243
1179740345
6175974462
76599807
29776583
61567809
114185214695
5959051516
427
42222
111354
63
198
84
221
21912
0
41386
109149
30689
96900
10777779
3030361
9568290
7992040
25234669
61
21478
10564403
2970367
9378859
7833816
24735079
29894
773537063
2442424010
2951906
7785128
758222775
2394069529
2893465
7631000
753510394
738592589
4
29555
41685
12270
150
1
1
9625
46
435
613
89753
1100
3656677
534904310
6557704
754420027
9248876
11702
141
53823
7873315
96523
11104391
136135
85600
66178931829
811326237
510154033
719512654
974094991
11942000
7509013
10590586
63116801241
929023153
436
35640
381244
788920
253668
72
775
1603
63326
131043
1401765
35640
381244
788920
126061390
31147930
64455328
10299300458
689473556
110170803826
227979680682
63326
131043
1401765
114525205
31147930
64455328
10299300458
689473556
110170803826
227979680682
56330453745
9001028838715
18626093385787
199241850330858
114525205
56330453745
9001028838715
18626093385787
199241850330858
16278193300019178
16278193300019178
153
25305
295028
610510
196302
30
352
730
58101
120231
1401765
11520
134320
277953
44414073
22115253
45763743
7312576674
533553389
85256357945
176423485946
26452
54739
638195
105075998
10068625
20835301
3329267467
242916009
38815486188
80322025795
39995024323
6390794578373
13224658953894
154184538186225
47838965
18208921324
2909598822526
6020918314411
70197085081812
11557633171891254
5261955372799560
12
35640
381244
628862
252734
2
22
37
63326
104457
1117372
1046
11197
18469
3688806
31147930
51378475
10261380250
549591491
109765174357
181057525512
1859
3067
32817
91290054
914818
1508992
301377998
16141569
3223816657
5317681771
44901994843
8967888637988
14792521720791
158234436908752
2681200
1318777105
263387991193
434458180515
4647364854473
12927860017576966
379692837178550
436
35640
115655
81019
253668
72
235
164
19211
13457
43671
35640
115655
81019
126061390
9449157
6619331
10299300458
21480124
33421842250
23412697960
19211
13457
43671
3567962
9449157
6619331
10299300458
21480124
33421842250
23412697960
1754940666
2730587011164
1912833184603
6207257396246
3567962
1754940666
2730587011164
1912833184603
6207257396246
507137107948362
507137107948362
337
27580
1014
610510
192222
72
2
1602
217
131043
4822
27560
1014
610059
95454761
82920
49879155
7804487457
1835488
287195059
172755864896
217
130946
4818
393980
82859
49842284
7798718279
1834131
286982760
172628161522
149960646
23464029677
14114270459869
519386924874
393689
149849794
23446684763
14103837008244
519002987328
42434261409255
42402893453334
198
35640
358399
5208
253668
33
331
4
59531
865
8700
16233
163239
2372
57416879
29281440
425557
10299300458
4279378
103568993786
1505206261
27114
394
3962
710827
13336747
193827
4690997720
1949118
47172321623
685572691
349628126
8461656514142
122976364817
1236641111208
323758
159244285
3854010432673
56011750439
563249966020
101034411282433
46017901399179
42
381244
788920
75
155
11249
9
1401765
783
37007
76581
9147552
7395
689473556
136070
16253509
13141
33633864
27193
11249
66927860
8028923374
6463652
16614486991
13375426
9147552
29520872651
23765660
16253509
33633864
14520158641364
11689395620
8028923374
16614486991
29520872651
14520158641364
66
295028
610510
152
315
22825
17
1401765
750
58107
120244
14363031
11120
533553389
276086
32978286
25532
68242937
52834
21857
105086799
12606616360
9718333
26087241560
20110432
13753671
59897699971
46174626
31579165
65347693
22798831294737
17575424929
12071773820
24980476181
57356507547
21831578505447
92
115655
630330
49
271
24530
18
339761
717
24480
133419
19946487
14763
167115388
71915
10751586
7958
58596716
43371
22456
35372622
5311078827
3914229
28945660570
21332758
18260358
15602334596
11498816
9842726
53643381
7674176037800
5655816587
4862119306
26498807429
14283428043
7025457667803
13
381244
81019
23
5
3557
2
143956
768
11745
2496
2892850
2307
70806468
4435
5140060
4100
1092328
871
3497
2181404
2539091691
2017017
539589299
428641
2844354
958750457
761617
5053892
1074016
471571721423
374609746
2496526494
530543653
942678015
463666318244
29
381244
3128
51
0
7732
6
5558
783
25436
208
6287449
5083
2734238
370
11171635
9032
91678
74
7732
182429
5518574873
4442706
45287182
36458
6287449
80466953
64779
11171635
91678
39578536510
31862542
5518574873
45287182
80466953
39578536510
21
295028
610510
49
103
7449
5
1401765
759
18963
39241
4687404
3671
533553389
90101
10762530
8429
22271219
17442
7215
34295286
4114194473
3208378
8513623480
6639192
4540592
19547734233
15243940
10425442
21573675
7440444210617
5802293426
3985336010
8246972878
18935490209
7207406077025
13717
201
41
13566
1529
158
6
1529
116680
199
355
114536
117330
202
359
116167
15886
202
48
15752
15886
185
44
14437
610510
156
337
1603
140208096
610510
77528
140208096
252678
201
777
250642
196302
158
783
196302
53373
354
90
52199
6502
310
11
6080
52623
358
91
52392
753
86
125104
3728
49
47
3728
7258
47
90
7010
381244
788920
436
1401765
775
1603
689473556
381244
788920
1401765
689473556
293355
486240
336
1117169
773
1281
423880885
293355
486240
1117169
423880885
870
15886
203
209
2
48
67746
867
15822
208
67472
14067
15886
198
3382
42
47
1094357
13658
15425
3283
1062578
10901
12294
154
3387
42
47
848101
10630
11988
3302
826985
198
788920
728
41
358475
33990
124978
61472078
321
610510
1527
88
581412
56150
266788
101547559
745
53874
43
783
161072063
130229
53874
161072063
3377
60988
48
53921
42
775
4194827
3339
60318
53329
4148744
116267
15886
198
27953
349
47
9044974
112947
15433
27155
8786718
90796
12294
157
28209
361
48
7063508
90576
12264
28140
7046343
35143
15685
184
8557
100
45
2733978
32230
14385
7848
2507324
233
35472
29
6130
5
767
283396
233
35472
6130
283396
2278
36387
29
60988
49
783
2830729
2278
36387
60988
2830729
28918
295028
609437
337
66398
137159
75
1399300
775
1601
25273348
52206898
28918
532614960
295028
609437
119869826
66398
137159
1399300
45625991446
25273348
52206898
532614960
119869826
45625991446
30828
295028
610510
337
70784
146476
80
1401765
775
1603
26942636
55753189
30828
533553389
295028
610510
128012301
70784
146476
1401765
48725257737
26942636
55753189
533553389
128012301
48725257737
38379
346601
788920
436
61996
141113
78
1274390
704
1603
30493577
69408241
38379
626822489
346601
788920
112119267
61996
141113
1274390
55147067084
30493577
69408241
626822489
112119267
55147067084
36707
381244
788920
436
65223
134968
74
1401765
775
1603
32080710
66385556
36707
689473556
381244
788920
117954863
65223
134968
1401765
58017368113
32080710
66385556
689473556
117954863
58017368113
117330
253668
197
450421
350
757
145743786
113432
245240
435455
140901416
34032
251934
188
129753
97
718
41984677
31388
232360
119672
38722799
115717
245691
199
442337
358
760
141160833
114375
242842
437208
139523760
5550
12169
9
444178
355
778
6894919
5515
12091
441347
6850975
361
1119980
598
42
522643
61485
101657
88842955
158
1327138
341
18
284406
25889
55971
46565092
5420
82
103142
40
51181
776
5366
6733758
102114
50671
6666629
53009
361
450421
91
114606
780
52777
65846267
448455
114105
65558879
999
100
127840
5
7544
755
967
1235966
123776
7304
1196678
27779
361
449584
48
60172
783
27779
34507334
449584
60172
34507334
3585
362
450421
6
7752
783
3585
4454089
450421
7752
4454089
28209
356
450421
48
60988
770
27733
35040334
442833
59960
34450092
3993
43
63516
41
60751
659
3373
4941265
53663
51326
4174706
28209
362
450421
49
60988
783
28209
35040334
450421
60988
35040334
48
27445
295028
487784
10
111
184
63015
104187
1119980
3942
42383
70075
23985741
39656805
426297558
9052
14967
160896
91054143
3445800
5697111
61242066
34657892755
13080872
4978965861
52
37381
375438
788901
9
91
192
65408
137440
1380385
4475
44953
94460
32171767
67601816
678957542
7831
16456
165282
118286781
3852139
8094414
81296091
58180625354
14163261
6966352310
93
42222
381244
630330
18
165
274
75021
124036
1119980
9035
81585
134889
36900054
61008674
550874381
16054
26543
239673
108401139
7896545
13055746
117886128
53318266036
23197649
11410013226
434
32699
380321
197
66
770
57961
32572
378841
97724
28508804
7353995
85531692
57735
28397840
7325371
85198780
6411433600
6386478554
662
5600
4
9
24410
17
40
149
338
0
378917
274
621
2316
5252
3
10095
22891
16
139
156704
355340
257
2172
9466
146954
6514
34610
79
190
3412
7
18
41
100
0
1104108
2549
6092
13544
32369
74
1335
3191
7
39
432084
1032618
2384
12667
1248
404107
117330
248776
84
187
441734
149
332
317
705
0
142932986
48453
107679
102736
228314
77
182422
405401
137
291
59026883
131176701
44468
94286
167418
54171903
3122
88813
196302
79
7008
15491
6
440583
177
392
1755007
3879051
1563
110321366
44454
98256
8706162
3508
7754
220526
2180009107
878438
1941591
55219442
4357718
1091165667
47
90796
196302
158
109
237
0
450421
362
783
27538
59537
47
112784730
90796
196302
136609
109
237
450421
34206876
27538
59537
112784730
136609
34206876
914
114591
247746
194
1662
3594
2
450421
353
764
525420
1135960
891
142341520
111732
241565
2065255
1621
3504
439183
652659517
512311
1107618
138790094
2013727
636375637
28546
26
3
5
7147
783
1760
4699
5811940
625
773248
7147
307503
381970195
5811940
773248
381970195
21
92
7219
115017
49
782
60850
3761
292636
4642061
7219
115017
8947765
60850
292636
4642061
362683950
8947765
362683950
425
32205
788920
63
1566
110862
91
118413
768
31445
770307
90146851
74393
58243185
115620
13530701
11166
331453369
273531
110862
56869047
6683908844
5492209
163731650232
134539325
90146851
24575501922
20193844
13530701
331453369
12087724872631
9932559434
6683908844
163731650232
24575501922
12087724872631
10
24299
295028
604987
194230
158
1
23
49
55793
114411
1389083
775
749
9102
18666
2978128
2423
21236778
43548308
6947968899
5653115
528726301
84356292982
68635289
172981692253
140744076
194230
1721
3530
42858
99989243
655237
1343636
214372094
174420
16313280
2602722535
2117667
5337163746
4342506
2978128
38058855128
6072147199486
4940515619
12451593841323
10131061030
6947968899
151176597558141
123002673858
84356292982
172981692253
3085060
1174264970
187349559784
152434286
384180512782
312582973
214372094
4664391041875
3795114980
2602722535
5337163746
10882016279218568
8853996722577
6072147199486
12451593841323
151176597558141
335752888146621
273180529689
187349559784
384180512782
4664391041875
10882016279218568
335752888146621
431
32699
381244
788920
253668
204
65
766
1585
58101
120231
1401765
783
32318
376797
779717
124590894
100301
28577987
59137269
9449529274
7607305
689473556
110170803826
88692564
227979680682
183534129
253668
57424
118829
1385414
105075998
28244627
58447438
9339301274
7518567
681430903
108885670245
87657973
225320316011
181393218
124590894
51682759801
8258375008664
6648371759
17089297999427
13757670981
9449529274
199241850330858
160398854459
110170803826
227979680682
103850295
51079884558
8162041727248
6570819036
16889952710353
13597188854
9339301274
196917710143751
158527814700
108885670245
225320316011
14935117656425612
12023456715191
8258375008664
17089297999427
199241850330858
14760900708094536
11883204057964
8162041727248
16889952710353
196917710143751
14935117656425612
14760900708094534
73
26949
295028
610510
196302
158
15
168
347
61877
128045
1401765
783
5845
63997
132431
21161148
17035
23552549
48737982
7787829585
6269561
533553389
85256357945
68635289
176423485946
142029021
196302
13422
27775
304069
111905010
5108987
10572177
1689325434
1359984
115737677
18493693564
14888274
38269543355
30808742
21161148
42594347734
6806139793027
5479255609
14084145007556
11338384588
7787829585
154184538186225
124125645587
85256357945
176423485946
24274283
9239508156
1476378615331
1188552697
3055113638083
2459507011
1689325434
33445500961656
26925166736
18493693564
38269543355
12308777270141096
9909131894974
6806139793027
14084145007556
154184538186225
2670003275737693
2149475454680
1476378615331
3055113638083
33445500961656
12308777270141096
2670003275737692
28
32605
380148
628518
241586
203
4
51
84
58101
96062
1119980
748
2156
25141
41567
7940128
6692
28495847
47113586
8999459749
7585440
549291031
104923503152
88437643
173475188023
146218306
241586
3842
6353
74071
83953438
1884606
3115913
595190011
501672
36328017
6939241109
5848929
11472988606
9670322
7940128
41174713871
7865038704958
6629262956
13003655302852
10960486481
8999459749
151607886040251
127786852750
104923503152
173475188023
5552360
2723138844
520163721844
438434217
860012263595
724884855
595190011
10026768490530
8451336022
6939241109
11472988606
11364487992322272
9578869487496
7865038704958
13003655302852
151607886040251
751603977131992
633509966141
520163721844
860012263595
10026768490530
11364487992322272
751603977131992
203
381244
788920
361
748
54081
43
1401765
774
177909
368153
43975513
35141
689473556
654140
78136360
62439
161689865
129208
53452
321745819
38597871031
30711664
79871708357
63552549
43464054
141917263655
112921135
77227591
159809322
69803532115986
55541474603
38148956383
78942756090
140266687167
68991678322194
94
40522
87301
788920
17
38
347
20
16487
148993
320991
8789
18936
171122
16526
8109556
73283951
157883034
3576
32317
3121
69625
6724
60764
29817345
1759018
15895788
1535158
34245905
3307347
29887634
14665982218
6467585
624616
5644494
12160505
3181151429
307224224
2776305334
5981275633
1129606894
555609297309
433
40510
369449
788920
81
746
1593
92
69753
148951
1358397
40252
367092
783886
75704
34309033
73263313
668142607
69308
148000
14293
1349730
130352
278353
126147998
34090117
72795841
7030362
663879389
64115101
136911018
62047249383
125343085
12105187
25849348
235739419
61651344434
5954066736
12714279892
115950968516
21892006897
10767818989906
