787
197389
12937
16466
3363
19799
13624
29
1617815
10347
24
1061016
148
130479
264
130410
0
205
0
0
1726
151
6
1647
118094
192
342
110827
4334
202
13
4288
0
156
0
0
197389
158
787
197389
197389
151
750
187990
7
897
26436
29
264
25693
25693
29
42
5049
251
41
43466
12
13
2232
888
13
41
884
16677
13
773
16368
0
0
773
0
148
14414
4992
29
10
985
14401
4988
484253
984
483835
146
11955
24
41
11955
25123
4240
2052330
10341
0
152
0
39
0
1
9924
0
0
1
12
50354
40
788
2651713
2166
50354
2651713
0
0
0
748
0
0
0
0
294
16453
13
17534
14
788
365705
294
16453
17534
365705
324
15442
12
18277
15
722
379525
315
15012
17768
368956
106072
4260
201
6828
322
12
2204276
104107
4181
6701
2163435
118307
0
152
0
271
0
15
87946
0
0
11
615
36639
29
16453
13
788
764177
615
36639
16453
764177
0
197663
149
0
0
739
25
0
185359
0
23
0
197663
154
0
0
764
25
0
191590
0
24
14447
119598
6263
23551
1233
10210
11599863
607463
5028847
990274
487746324
12821
194263
157
63842
51
783
15824238
12821
194263
63842
15824238
19985
197663
151
99091
75
749
24828255
18980
187727
94109
23580149
21
38
48828
768
3648
4583313
47584
4466509
0
0
0
717
0
0
0
0
121
11138
5
19
5115
21199
1017
891385
3376
51
64261
41
51494
783
3353
4194590
63818
51139
4165673
0
344
443670
0
0
761
0
0
428151
0
0
2311
2
137228
0
16396
17
52
2862124
3101
370
64692
0
12785
128259
6253
0
0
0
22352
1089
10932
0
0
0
11009476
536802
5384883
0
0
0
938455
0
0
0
462223519
0
0
0
16748
0
205
0
0
0
0
51
0
0
0
0
2
16748
0
0
0
0
0
0
0
0
2
0
0
182
255427
4288
160
699
11
0
16453
616
10
226384
3800
142
5327357
199711
3352
14582
546
9
12864
4721621
177003
2971
4165313
11401
3691705
1898
0
36059
28
0
49982
40
0
0
763
0
2321408
1866
4
0
35451
6
0
49140
0
296
0
2282296
4
6
291
0
615
36639
26
0
0
0
16453
11
698
0
0
0
764177
544
32449
0
0
0
14572
0
0
0
676790
0
0
6230
35842
248383
202
3363
23310
19
134088
109
758
1087662
7537426
6152
43357085
35392
245266
4069020
3321
23018
132405
1315709619
1074014
7442846
42813040
4017962
1299200070
0
118307
252199
194
0
0
0
448194
346
737
0
0
0
145116758
112062
238886
0
0
0
424535
0
0
0
137456363
0
0
12167
69
11
19
24033
788
5678
12111
14825194
2008
2458797
24033
989383
1229118536
14825194
2458797
1229118536
10735
0
0
0
0
753
0
0
0
0
0
0
0
0
0
0
0
7
40
23854
50385
358
757
444090
1262
740230
1540536
23412
49452
28991975
435863
726517
1511998
899658577
28454914
882992886
7
41
864
51501
13
788
16453
1286
26831
1574671
864
51501
1074156
16453
26831
1574671
33332465
1074156
33332465
7
41
0
51501
0
784
0
1279
0
1574671
0
51227
6
0
0
1566286
204
6
203
24
5267
857
51070
37
1696
101077
74
16453
12
720
546907
89026
5224837
3899
109855
6543429
4812
1065155
783
46657
2108132
1550
92344
15032
11406658
679426979
499655
110598746
81335
4773420
136474042
100364
5978089
973127
1925994
14170573168
10421144
620725737
101043218
124682935
12946261704
0
0
0
0
0
2311
137706
103
16453
12
735
0
0
0
0
0
0
0
0
0
0
2872088
2154
128354
15336
0
0
0
0
0
0
0
0
0
0
2677042
0
0
0
0
0
0
148
12167
6263
24
12
51501
40
1038
768
12167
6263
31769114
25273
511629
1038
5268990
4191
2712114
2157
50150
511629
2633895098
2064519
1355748217
1062673
30935326
224854387
176247
5130704
2640934
110748946708
86808093
2564767886
1320166278
218953030
107842313872
0
10830
4994
0
0
0
0
737
741
0
0
0
0
363298
0
0
0
0
0
0
0
0
0
0
0
0
0
0
0
0
0
0
0
0
0
0
0
583
300
0
0
0
0
1038
788
0
0
0
0
24544
0
0
0
0
0
0
0
0
0
0
0
0
0
0
0
0
0
0
0
0
0
0
43
8401
0
8
0
19379
14
0
710
3161
0
9250888
6806
28
0
1769089
1301
81
0
17453
10
684354556
496115
31653
22
8331324
6053
4
1593237
73
2307241
1672
616327844
28507
5451
2077895
0
14264
124256
4272
205
0
0
24159
13
0
0
0
0
11899644
69279888
3333900
603474656
29040531
4272
0
0
0
0
0
0
0
57792726845
2781113455
69279888
603474656
0
0
0
0
57792726845
0
0
11179
23121
3318
153
0
0
5883
12
0
0
0
0
2242565
54496548
2518462
112706502
5208534
3198
0
0
0
0
0
0
0
10931368742
505174134
52526708
108632597
0
0
0
0
10536241933
0
142
14447
38096
0
200
28
74
7501
0
13866
36565
4
32575
3694976
431
3291826
1136
8680479
0
7200
3546452
413
3159508
1091
8331557
4
110249
841916990
420
1108
105818
808075182
403
1063
107485
103165
1
10152
14268
3312
151
0
0
3309
12
135
191
7507
343
1259001
49488987
2267062
69552024
3186139
3164
44
16853
662470
30347
931038
42650
7173
6136991114
281132128
47283344
66452204
82151093
3763295
632945
889543
5863475428
78489753
148
12167
130479
6263
255427
24
264
12
21640
1038
11138
12167
130479
6263
43248149
10658647
511629
3532873507
5486339
37883946854
1818480531
21640
1038
11138
909923
10658647
511629
3532873507
5486339
37883946854
1818480531
448170453
3094680234443
148548824122
1592928743833
909923
448170453
3094680234443
148548824122
1592928743833
130123852125991
130123852125991
52
8639
100972
4846
197663
10
119
5
19854
953
11138
3908
45683
2192
15142165
7567715
363260
2508365306
4245637
29316726097
1407242383
8983
431
5039
834848
3423930
164353
1134882737
1920892
13264035460
636691587
318204201
2197244967558
105470721209
1232697740156
377717
143968047
994119707223
47719086418
557720752411
92388860102882
41800339931262
0
12167
130479
4985
254214
0
0
0
21640
826
8867
0
0
0
0
10658647
407286
3516105336
4367445
37704137275
1440745442
0
0
0
724352
0
0
0
0
0
0
356769755
3079991871838
117692236823
1262045311159
0
0
0
0
0
103094503179325
0
148
12167
39582
643
255427
24
80
1
6564
106
347
12167
39582
643
43248149
3233448
52542
3532873507
170923
11492620933
186751451
6564
106
347
28348
3233448
52542
3532873507
170923
11492620933
186751451
13962475
938814189082
15255433304
49626716545
28348
13962475
938814189082
15255433304
49626716545
4053928683375
4053928683375
115
9416
347
4846
193391
24
0
12
74
1038
38
9396
346
4836
32677685
28375
395927
2674841237
14605
98673131
1376824476
74
1036
38
3130
28317
395120
2669388894
14575
98471998
1374017984
1193101
8060453442
112470633261
4148967584
3123
1190669
8044023175
112241375362
4140510411
338922658371
338231805175
67
12167
122536
41
255427
11
112
0
20322
6
69
5489
55285
18
19512689
10009785
3377
3532873507
34017
35577701547
12006282
9169
3
31
5641
4516212
1524
1593961026
15348
16051938898
5416991
2778854
2906286670438
980774358
9876860104
2545
1253762
1311257726750
442505540
4456239386
806825219684
364023210170
11
130479
6263
20
1
4075
3
11138
788
10325
495
2514050
2053
5486339
881
4471193
3652
214623
175
4075
434161
2235087199
1799142
107287199
86361
2514050
190808344
153591
4471193
214623
93980034844
75649598
2235087199
107287199
190808344
93980034844
18
100972
4846
42
2
8356
6
11138
756
16383
786
3988980
3125
4245637
1807
9167503
7183
440052
344
8014
688873
3546356114
2737967
170229875
131426
3825927
391223555
302044
8792774
422065
149115735299
115124920
3401395934
163271591
375231976
143020508777
31
39582
5004
16
2
10863
8
2699
726
8349
1055
6701043
5040
1329785
569
3615395
2719
457067
343
10001
280490
1807285751
1339385
228481672
169328
6169505
123272069
91357
3328615
420812
60715968349
44996820
1663928647
210358101
113493911
55899870286
0
130479
643
0
0
0
0
1143
770
0
0
0
0
563427
0
0
0
0
0
0
0
0
0
0
0
0
0
0
0
0
0
0
0
0
0
0
0
130479
0
0
0
0
0
0
788
0
0
0
0
440
0
0
0
0
0
0
0
0
0
0
0
0
0
0
0
0
0
0
0
0
0
0
0
100972
4846
0
0
0
0
11138
764
0
0
0
0
4245637
0
0
0
0
0
0
0
0
0
0
0
0
0
0
0
0
0
0
0
0
0
0
5002
203
15
4945
0
159
0
0
117647
200
358
115408
118307
203
361
117138
4288
204
13
4256
4281
186
12
3893
4846
157
115
12
1118242
4846
26594
1118242
254354
203
782
252304
197663
159
788
197663
23744
357
40
23227
0
312
0
0
23375
360
40
23273
257
38
42652
443
13
21
443
864
12
40
835
130479
6263
148
11138
264
12
5486339
130479
6263
11138
5486339
100286
3855
114
8877
264
10
3369151
100286
3855
8877
3369151
0
4288
204
0
0
13
0
0
4268
0
0
5054
4288
200
325
15
12
105410
4916
4171
316
102542
4847
3318
155
403
18
12
101098
4726
3235
393
98583
66
6263
5
18
2788
11338
967
476740
108
4846
11
39
4564
18913
2086
795263
4
19392
15
788
1021211
835
19392
1021211
401
16453
13
23915
19
780
498800
397
16272
23652
493320
117206
4288
199
7549
351
12
2444542
113939
4168
7339
2376401
91552
3318
158
7620
364
13
1909484
91330
3310
7602
1904844
35405
4230
185
2311
101
12
738430
32463
3878
2119
677088
62
35654
29
1652
1
771
76368
62
35654
1652
76368
615
36639
29
16453
13
788
764177
615
36639
16453
764177
9925
100972
4836
115
22810
1092
26
11114
264
12
8694143
416424
9925
4236422
100972
4836
957030
22810
1092
11114
364774389
8694143
416424
4236422
957030
364774389
10537
100972
4846
115
24217
1162
27
11138
264
12
9230470
443075
10537
4245637
100972
4846
1018278
24217
1162
11138
388119068
9230470
443075
4245637
1018278
388119068
13136
118686
6263
148
21252
1121
26
10132
240
12
10467416
552373
13136
4990485
118686
6263
893598
21252
1121
10132
440129675
10467416
552373
4990485
893598
440129675
12556
130479
6263
148
22331
1071
25
11138
264
12
10999176
527975
12556
5486339
130479
6263
938994
22331
1071
11138
462488905
10999176
527975
5486339
938994
462488905
118307
255427
198
453930
353
763
146973919
114493
247194
439299
142236655
34325
253635
189
130777
97
722
42343401
31661
233955
120630
39057806
116638
247255
200
445693
361
765
142271910
115299
244417
440576
140638574
5607
12253
9
448495
358
783
6966417
5571
12175
445637
6922018
123
8899
4
18
4153
20964
804
704306
44
10558
2
6
1854
7231
362
302396
2412
82
103945
18
22746
781
2388
2997168
102909
22520
2967290
23561
364
453930
40
50868
786
23483
29270023
452444
50702
29174208
0
100
129080
0
0
760
0
0
124932
0
0
12361
364
453063
21
26740
788
12361
15357130
453063
26740
15357130
0
365
453930
0
0
788
0
0
453930
0
0
7620
359
453930
13
16453
775
7494
9467467
446394
16180
9310288
1078
44
63993
11
16384
673
924
1334683
54856
14045
1144122
7620
365
453930
13
16453
788
7620
9467467
453930
16453
9467467
0
9404
100972
3872
0
0
0
21614
828
8899
0
0
0
8238225
315952
3392172
0
0
0
726124
0
0
0
276764112
0
0
0
12785
128259
6253
0
0
0
22352
1089
10932
0
0
0
11009476
536802
5384883
0
0
0
938455
0
0
0
462223519
0
0
25
14447
130479
5004
5
45
1
25693
985
8899
2489
22487
862
12655144
485350
4383465
4428
169
1533
863187
2181045
83647
755466
425150997
148765
73272459
148
11163
130183
198
22
262
19809
11096
129396
33484
9757035
2524828
29442173
19690
9698106
2509579
29264355
2206647099
2193319854
237
5644
0
9
8767
0
14
0
340
0
136183
0
223
0
5292
0
1
8220
0
0
17
127683
0
0
1
16
2359
34913
0
192
1237
0
6
0
100
0
400697
0
2206
4
32653
0
0
1157
0
0
51
374752
0
4
0
47
118307
250334
0
189
444880
0
336
0
711
0
144043678
15
108875
31
230378
0
56
409415
0
0
18361
132560714
13
29
52
16898
0
89523
197663
79
0
0
0
443870
178
395
0
0
0
111216123
44826
98974
0
0
0
222255
0
0
0
55688341
0
0
0
91552
197663
159
0
0
0
453930
365
788
0
0
0
113736675
91552
197663
0
0
0
453930
0
0
0
113736675
0
0
0
115645
249679
196
0
0
0
453930
356
769
0
0
0
143666886
112810
243558
0
0
0
442801
0
0
0
140144774
0
0
9753
0
0
0
0
788
0
0
0
0
0
0
0
0
0
0
0
7
41
857
50903
13
786
16400
1275
26606
1556391
857
50903
1061686
16400
26606
1556391
32945520
1061686
32945520
140
11002
6263
21
12
47608
39
939
772
10383
5910
29367280
24494
462641
886
4404283
3673
2507070
2091
47608
436621
2201640062
1809333
1253249781
1029935
29367280
187952978
154461
4404283
2507070
92573663267
76078137
2201640062
1253249781
187952978
92573663267
0
8313
100972
4803
195292
159
0
0
0
19105
908
11039
779
0
0
0
0
0
7282102
346430
2384739340
1942915
4207744
28965003337
23598613
1377950163
1122655
195292
0
0
0
796170
0
0
0
0
0
0
0
0
0
0
303462070
2088952713635
1701929314
99377607535
80965769
2384739340
1207038725541
983408852
28965003337
1377950163
0
0
0
0
0
0
0
0
0
0
0
87051494240745
70923333478
2088952713635
99377607535
1207038725541
0
0
0
0
0
87051494240745
0
146
11163
130479
6263
255427
205
22
260
12
19854
953
11138
788
10959
128095
6148
42458163
34176
9779227
469416
3241384377
2609165
5486339
37883946854
30494831
1818480531
1463793
255427
19492
935
10935
834848
9600596
460841
3182176161
2561505
5386123
37191945953
29937802
1785263555
1437054
42458163
411192957
2839345406461
2285542232
136292408085
109709108
3241384377
1592928743833
1282234246
37883946854
1818480531
819598
403681969
2787480969364
2243793750
133802845170
107705125
3182176161
1563831772240
1258812524
37191945953
1785263555
119387637434370
96101547479
2839345406461
136292408085
1592928743833
117206862739672
94346124326
2787480969364
133802845170
1563831772240
119387637434370
117206862739672
20
9203
100972
4840
197663
159
4
46
2
21151
1014
11124
788
1613
17697
848
5865935
4721
8061778
386489
2672125758
2150938
4240292
29316726097
23598613
1405470781
1131339
197663
3707
177
1949
888232
1412994
67740
468345591
376996
743199
5138365730
4136147
246337973
198290
5865935
338551647
2340693702198
1884150585
112215006384
90327909
2672125758
1231145875313
991015705
29316726097
1405470781
155681
59338214
410255233308
330236560
19668012769
15831844
468345591
215783909632
173696105
5138365730
246337973
98296630642479
79124258756
2340693702198
112215006384
1231145875313
17228528064042
13868171305
410255233308
19668012769
215783909632
98296630642479
17228528064042
0
11119
129962
4984
242923
204
0
0
0
19854
761
8899
753
0
0
0
0
0
9740514
373568
3082713811
2598836
4366113
36029471542
30374113
1381803538
1164909
242923
0
0
0
667025
0
0
0
0
0
0
0
0
0
0
327233697
2700355243244
2276494567
103564117650
87308198
3082713811
1210414154043
1020421758
36029471542
1381803538
0
0
0
0
0
0
0
0
0
0
0
90718738504645
76479091361
2700355243244
103564117650
1210414154043
0
0
0
0
0
90718738504645
0
56
130479
6263
99
4
19412
15
11138
779
49180
2360
11974450
9668
5486339
4198
21296343
17196
1022253
825
19186
2067917
10645745694
8469668
511010148
406555
11835181
908822311
723051
21048656
1010363
447627972379
356129185
10521930114
505066833
898252233
442421825400
26
13862
29878
6255
4
10
2
7
5645
1181
2547
2428
5235
1096
4547
2780709
582162
1254739
989
207
859
446
1852
387
237089
487215
102002
423224
219846
912179
190971
116774949
41541
172360
36084
77774
20460455
84893875
17773168
38306647
7238226
3565089253
147
13853
126429
6263
27
254
12
41
23873
1182
10793
13744
125429
6213
25748
11758705
582513
5316059
23684
1173
4862
10707
44372
2198
1003835
11665670
577904
2394803
5273998
21855159
1082680
494425272
995892
4126924
204443
1865764
490513339
2032660225
100695722
918956851
173527249
85468468024
