79851
167197
14624
18613
0
0
0
0
44293
0
0
29209
0
0
0
0
0
29800
0
0
0
22082
0
0
133491
28106
72162
125609
0
29474
0
0
0
22810
0
0
167197
23115
79851
167197
167197
21971
75901
158926
0
0
0
0
0
0
0
0
0
19043
0
0
489933
0
0
0
0
0
0
0
0
0
78371
0
0
0
78371
0
0
0
0
0
0
0
0
0
0
0
0
0
0
0
0
0
288201
18484
30376
0
0
22184
0
0
0
0
0
0
0
0
0
0
0
79851
45
30
0
45
0
0
0
75657
0
0
0
0
0
0
0
0
0
79851
0
0
0
0
0
0
0
0
0
0
73143
0
0
0
0
0
119812
0
29374
0
67936
0
0
118040
0
0
0
133491
0
27821
0
71430
0
0
124336
0
0
0
0
30992
4284
0
0
79851
0
0
30992
0
0
0
167197
21662
0
0
74832
0
0
156689
0
0
0
167197
22404
0
0
77397
0
0
162059
0
0
0
0
0
0
0
0
0
0
0
0
0
14455
164209
22847
51260
10856
79342
159970
14455
164209
51260
159970
22552
167197
21982
79556
15921
75936
251180
21446
159001
75657
238868
0
0
0
77819
15292
76372
0
74429
0
0
0
72469
0
0
0
0
0
0
0
0
0
233556
13
53
0
10781
51589
0
0
79300
0
0
51233
0
0
0
73611
356195
0
0
78415
0
0
349791
0
0
0
527
110123
0
0
1803
0
0
2497
0
0
0
0
0
0
0
0
0
0
0
0
0
0
0
0
0
0
0
0
0
0
0
0
0
0
0
0
0
18897
0
29870
0
0
0
0
10856
0
0
0
0
0
18897
0
0
0
0
0
0
0
0
0
0
0
205
216057
0
23354
561
0
92
0
62433
0
2290
0
160
0
168928
0
0
438
0
0
0
1790
0
0
0
0
0
0
30565
4209
0
0
0
0
0
77377
0
0
0
0
0
30032
0
0
0
0
0
0
0
0
0
0
0
0
30992
3817
0
0
0
0
0
71145
0
0
0
0
0
27613
0
0
0
0
0
0
0
0
0
0
0
40462
210405
29470
0
0
0
107749
22973
76850
0
0
0
439239
39954
207765
0
0
0
106397
0
0
0
433727
0
0
0
133491
212875
28328
0
0
0
359052
72731
74613
0
0
0
1464890
126600
201886
0
0
0
340518
0
0
0
1389274
0
0
0
0
0
0
0
79851
0
138841
605713
8757
42623
0
14633
76323
605713
42623
76323
0
0
0
0
0
76241
0
0
0
0
0
0
0
0
0
0
0
0
0
0
0
75269
76793
357080
927
3848
5876
0
0
0
350465
3776
5767
38704
0
37987
0
0
0
0
0
79851
0
945
0
5997
0
0
0
0
0
5997
0
0
0
0
0
0
0
0
79374
0
939
0
5997
0
0
0
0
0
5961
0
0
0
0
0
0
0
0
0
81356
15627
0
0
72884
17023
0
90081
16894
0
0
0
0
0
0
0
0
74258
0
0
95579
15538
0
0
82223
0
0
0
0
0
0
0
87240
0
0
0
0
0
0
0
0
0
110551
22084
0
0
75800
0
0
0
0
0
0
0
0
0
0
0
0
104943
0
0
0
0
0
0
0
0
0
0
0
0
0
0
0
0
0
0
0
0
0
0
0
0
0
0
77895
0
0
1297992
290238
0
0
91339
18307
46
30
0
0
163555
30590
174
39
1266198
6
5
89101
44
0
19
159548
169
6
0
0
0
0
0
0
0
0
0
75086
0
0
0
0
0
0
0
0
0
0
0
0
0
0
0
0
0
0
0
0
0
0
0
0
0
0
0
0
0
0
0
0
0
0
0
79851
0
0
0
0
0
0
0
0
0
0
0
0
0
0
0
0
0
0
0
0
0
0
0
0
0
0
0
0
0
0
0
0
0
0
0
71832
0
0
194701
40148
0
0
15786
2917
0
0
0
0
21874
3772
0
0
175151
0
0
14201
0
0
0
19678
0
0
0
0
0
0
0
29870
0
0
0
0
0
0
0
0
0
0
0
0
0
0
0
0
0
0
0
0
0
0
0
0
0
0
0
0
0
0
0
0
0
0
0
22291
0
0
0
0
0
0
0
0
0
0
0
0
0
0
0
0
0
0
0
0
0
0
0
0
0
0
0
0
0
0
0
0
0
0
0
29119
0
0
0
0
0
0
0
0
0
0
0
0
0
0
0
0
0
0
0
0
0
0
0
0
0
0
0
0
0
0
0
0
0
0
0
22167
0
0
0
0
0
0
0
0
0
0
0
0
0
0
0
0
0
0
0
0
0
0
0
0
0
0
0
0
0
0
0
0
0
0
0
216057
0
0
0
0
0
0
0
0
0
0
0
0
0
0
0
0
0
0
0
0
0
0
0
0
0
0
0
0
0
0
0
0
0
0
0
0
0
0
0
0
0
167197
0
0
0
0
0
0
0
0
0
0
0
0
0
0
0
0
0
0
0
0
0
0
0
0
0
0
0
0
0
0
0
0
0
0
0
0
0
0
0
0
0
214817
0
0
0
0
0
0
0
0
0
0
0
0
0
0
0
0
0
0
0
0
0
0
0
0
0
0
0
0
0
0
0
0
0
0
0
0
0
0
0
0
0
216057
0
0
0
0
0
0
0
0
0
0
0
0
0
0
0
0
0
0
0
0
0
0
0
0
0
0
0
0
0
0
0
0
0
0
0
0
0
0
0
0
0
163752
0
0
0
0
0
0
0
0
0
0
0
0
0
0
0
0
0
0
0
0
0
0
0
0
0
0
0
0
0
0
0
0
0
0
0
0
0
0
0
0
0
216057
0
0
0
0
0
0
0
0
0
0
0
0
0
0
0
0
0
0
0
0
0
0
0
0
0
0
0
0
0
0
0
0
0
0
0
0
0
0
0
0
0
0
0
0
0
79851
0
0
52871
12119
0
0
96532
21083
1
1
0
0
218593
33648
7
1
52871
15
4
96532
1
35
7
218593
7
15
35
0
0
0
0
0
0
0
0
77447
0
0
83079
18470
0
0
196012
41522
3
2
0
0
343485
51281
11
2
80577
31
9
190111
3
55
11
333145
10
30
54
0
0
0
0
0
0
0
0
74501
0
0
271925
58154
0
0
150614
30692
7
4
0
0
341060
48982
29
6
253707
19
5
140524
7
44
9
318210
27
18
41
0
0
0
0
0
0
0
0
78038
0
0
0
0
0
0
0
0
0
0
0
0
0
0
0
0
0
0
0
0
0
0
0
0
0
0
0
0
0
0
0
0
0
0
0
79851
0
0
0
0
0
0
0
0
0
0
0
0
0
0
0
0
0
0
0
0
0
0
0
0
0
0
0
0
0
0
0
0
0
0
0
77352
0
0
0
0
0
0
0
0
0
0
0
0
0
0
0
0
0
0
0
0
0
0
0
0
0
0
0
0
29512
0
0
0
23115
0
0
132711
29138
75251
130221
133491
29584
75956
132214
0
29616
0
0
0
27182
0
0
0
22818
0
0
0
0
0
0
215057
29492
79207
213324
167197
23115
79851
167197
0
75240
0
0
0
65491
0
0
0
75773
0
0
0
0
476252
0
0
0
0
0
0
0
0
0
0
0
0
0
0
0
0
0
0
0
0
0
0
0
0
0
0
0
0
0
0
0
0
29733
0
0
0
0
0
0
0
0
0
0
28966
0
0
0
0
0
0
0
0
0
0
22539
0
0
0
0
0
0
0
0
0
0
0
0
0
129883
13
17
0
0
0
0
0
210897
28
29
0
0
0
79851
8
6
0
8
0
0
0
0
0
78973
0
0
0
0
0
132047
0
29230
0
74237
0
0
129221
0
0
0
103302
0
23058
0
76503
0
0
103051
0
0
0
39923
0
26969
0
21307
0
0
36564
0
0
0
0
30195
4264
0
0
78169
0
0
30195
0
0
0
30992
4284
0
0
79851
0
0
30992
0
0
0
0
0
0
0
0
0
0
0
0
0
0
0
0
0
0
0
0
0
0
0
0
0
0
0
0
0
0
0
0
0
0
0
0
0
0
0
0
0
0
0
0
0
0
0
0
0
0
0
0
0
0
0
0
0
0
0
0
0
0
0
0
0
0
0
0
0
0
0
0
0
0
0
0
0
0
0
0
0
0
0
0
0
0
0
0
0
0
0
0
0
0
0
0
0
0
0
0
0
0
0
0
0
0
133491
216057
29146
364419
74831
77916
1486787
130256
210822
355589
1450765
38669
214585
27557
104844
20495
73166
427753
35675
197971
96727
394636
131682
209447
29168
358121
75917
77680
1441301
130356
207337
354514
1426786
6318
10364
1423
359524
75177
79342
70368
6277
10298
357233
69919
0
0
0
0
0
235088
11
42
0
0
0
0
0
41690
2
9
0
17386
83448
0
0
79054
0
0
82616
0
0
0
76303
364419
0
0
79449
0
0
362584
0
0
0
21223
103427
0
0
77025
0
0
100307
0
0
0
76390
362995
0
0
79851
0
0
362995
0
0
0
76690
364419
0
0
79851
0
0
364419
0
0
0
75593
364419
0
0
78709
0
0
359207
0
0
0
9368
51345
0
0
68580
0
0
44307
0
0
0
76690
364419
0
0
79851
0
0
364419
0
0
0
0
0
0
0
0
0
0
0
0
0
0
0
0
0
0
0
0
0
0
0
0
0
0
0
0
0
0
0
0
0
0
0
0
0
0
0
0
0
0
0
0
0
0
0
0
0
0
0
0
0
0
0
0
0
0
0
0
0
0
0
0
0
0
0
0
0
0
0
0
0
0
0
0
0
0
0
0
0
0
0
29161
0
0
0
0
0
0
0
0
0
0
0
0
0
0
0
0
6370
0
1344
0
0
0
0
71560
0
0
0
0
0
5975
0
0
0
0
0
0
0
0
0
0
0
0
39273
0
27935
0
0
0
0
21101
0
0
0
0
0
36730
0
0
0
0
0
0
0
0
0
0
0
133491
211990
0
27940
357559
0
71736
0
73287
0
1458801
0
124869
0
198298
0
0
334465
0
0
0
1364579
0
0
0
0
0
101226
167197
11577
0
0
0
357094
37639
39995
0
0
0
1127433
50701
83744
0
0
0
178859
0
0
0
564701
0
0
0
103302
167197
23115
0
0
0
364419
76690
79851
0
0
0
1150559
103302
167197
0
0
0
364419
0
0
0
1150559
0
0
0
130363
210994
28596
0
0
0
364419
75181
78280
0
0
0
1451951
127799
206845
0
0
0
357252
0
0
0
1423398
0
0
0
0
0
0
0
79851
0
0
0
0
0
0
0
0
0
0
0
0
0
0
0
0
79479
0
931
0
5886
0
0
0
0
0
5886
0
0
0
0
0
0
0
0
0
0
0
78289
0
0
1220328
285304
0
0
77960
16337
43
29
0
0
139599
27300
163
39
1220328
5
5
77960
43
0
17
139599
163
5
0
0
0
0
0
165052
23115
0
0
0
0
0
0
78827
0
0
0
0
0
0
0
0
0
0
0
0
0
0
165052
0
0
0
0
0
0
0
0
0
0
0
0
0
0
0
0
0
0
0
0
0
0
0
0
0
0
0
0
0
0
0
0
0
0
0
0
0
0
0
0
0
0
0
0
0
0
0
0
0
0
0
216057
29870
0
0
0
0
0
0
79851
0
0
0
0
0
0
0
0
0
0
0
0
0
0
216057
0
0
0
0
0
0
0
0
0
0
0
0
0
0
0
0
0
0
0
0
0
0
0
0
0
0
0
0
0
0
0
0
0
0
0
0
0
0
0
0
0
0
0
0
0
0
0
0
0
0
0
167197
23115
0
0
0
0
0
0
79851
0
0
0
0
0
0
0
0
0
0
0
0
0
0
167197
0
0
0
0
0
0
0
0
0
0
0
0
0
0
0
0
0
0
0
0
0
0
0
0
0
0
0
0
0
0
0
0
0
0
0
0
0
0
0
0
0
0
0
0
0
0
0
0
0
0
0
205555
29752
0
0
0
0
0
0
76268
0
0
0
0
0
0
0
0
0
0
0
0
0
0
205555
0
0
0
0
0
0
0
0
0
0
0
0
0
0
0
0
0
0
0
0
0
0
0
0
0
0
0
0
0
0
0
0
0
0
0
0
0
0
0
0
0
0
0
0
0
0
0
0
0
0
0
0
0
0
0
78924
0
0
251599
57002
0
0
459369
99168
8
5
0
0
1040223
158263
33
7
248679
74
22
454038
8
168
36
1028150
33
73
166
0
0
0
0
0
0
0
0
0
0
0
0
0
0
26797
0
0
0
0
0
1652
0
10675
2
0
0
0
3099
0
17037
3
0
0
1510
0
2
0
2801
0
3
0
0
0
0
0
0
0
0
0
0
0
0
0
0
0
0
294545
0
0
0
0
0
18223
0
496398
30
0
0
0
34165
0
792208
40
0
0
70438
0
113
0
130637
4
185
3
18
