26
0
0
189
0
0
804
0
841
0
0
0
2
102
7
102
0
23
0
0
0
0
0
0
1662
22
43
1607
0
22
0
0
0
17
0
0
0
0
26
0
0
0
25
0
0
0
0
0
7
10
10
0
22
23
6
21
635
1
0
125
0
0
21
0
0
0
26
0
0
0
26
0
2
3
0
0
0
0
3
0
0
0
0
2
27
2
21
27
219
185
2488
0
0
0
0
21
0
0
0
0
0
0
1
916
21
26
4232
102
916
4232
0
0
0
25
0
0
0
0
0
0
0
352
8
26
0
0
0
352
0
0
0
0
0
0
23
0
0
0
0
0
1471
0
22
0
39
0
0
1455
0
0
0
1662
0
17
0
33
0
0
1234
0
0
0
0
0
0
0
0
26
0
0
0
0
0
0
0
0
0
0
24
0
0
0
0
0
0
0
0
0
0
25
0
0
0
0
0
3
90
15
9
1
40
127
21
563
57
796
0
0
0
215
5
26
0
0
0
215
0
0
0
0
448
10
25
0
0
0
428
0
0
20
895
25
0
0
874
0
0
0
0
24
0
0
0
0
0
46
0
0
0
0
0
0
180
5
215
22
926
26
179
7542
214
919
7490
0
43
1849
0
0
26
0
0
1815
0
0
0
0
299
0
0
0
0
0
6
0
0
0
0
99
15
0
0
0
0
0
45
0
0
0
0
0
622
0
0
0
0
0
0
0
0
0
0
0
189
0
23
0
0
0
0
5
0
0
0
0
0
189
0
0
0
0
0
0
0
0
0
0
0
2
969
0
18
3
0
0
0
20
0
110
0
2
0
758
0
0
2
0
0
0
86
0
0
0
0
0
0
0
0
0
909
21
0
0
25
0
0
0
0
0
0
0
0
896
0
0
0
0
0
0
0
0
0
0
0
0
0
0
0
0
23
0
0
0
0
0
0
0
0
0
0
0
0
0
0
0
0
0
262
925
22
0
0
0
287
7
25
0
0
0
10478
258
914
0
0
0
283
0
0
0
10346
0
0
0
1662
960
22
0
0
0
1879
43
25
0
0
0
68734
1592
919
0
0
0
1800
0
0
0
65840
0
0
27
0
0
0
0
26
0
0
0
0
0
0
0
0
0
0
0
0
0
0
0
0
25
0
0
0
0
0
0
0
0
0
0
0
0
21
1587
918
44
25
1881
0
0
0
1558
901
65730
1847
0
0
0
64513
0
0
22
0
926
0
26
0
0
0
0
0
926
0
0
0
0
0
0
0
0
22
0
926
0
26
0
0
0
0
0
919
0
0
0
0
0
0
0
2
373
0
919
20
0
448
9
0
0
24
3122
0
7694
171
0
15569
341
0
0
840
0
0
409
0
0
130241
2853
0
0
7030
0
0
14225
0
0
0
0
119001
0
0
0
0
0
0
0
0
0
300
6
0
0
24
0
0
0
0
0
0
0
0
0
0
0
0
280
0
0
0
0
0
0
0
0
0
0
0
0
0
0
0
0
0
0
2
28
15
2
1
926
21
12
25
28
15
9440
224
175
12
7748
184
4277
101
905
175
108476
2538
59877
1401
9227
49146
1150
7573
4180
677436
15855
106026
58524
48036
662132
0
0
0
0
0
0
0
0
24
0
0
0
0
0
0
0
0
0
0
0
0
0
0
0
0
0
0
0
0
0
0
0
0
0
0
0
0
0
0
0
0
0
0
12
26
0
0
0
0
0
0
0
0
0
0
0
0
0
0
0
0
0
0
0
0
0
0
0
0
0
0
0
0
0
0
0
0
0
0
0
24
0
0
0
0
0
0
0
0
0
0
0
0
0
0
0
0
0
0
0
0
0
0
0
0
0
0
0
0
3
95
0
23
0
0
9
0
0
0
0
0
131
0
664
0
18669
0
0
0
0
0
0
0
0
0
25655
0
0
0
0
0
0
0
0
0
0
0
0
0
0
0
2
0
0
0
0
0
0
0
0
0
0
0
0
0
0
0
0
0
0
0
0
0
0
0
0
0
0
0
0
2
3
23
0
22
0
1
2
0
3
23
0
462
33
0
665
0
4474
0
2
32
0
654
0
4396
0
0
6328
0
0
0
6217
0
0
0
0
0
0
0
0
0
0
0
1
0
0
0
0
0
0
0
0
0
0
0
0
0
0
0
0
0
0
0
0
0
0
0
0
0
0
0
0
2
28
102
15
969
2
7
1
84
12
46
28
102
15
20220
1162
175
228770
641
836655
126112
84
12
46
526
1162
175
228770
641
836655
126112
7252
9465680
1426801
5218076
526
7252
9465680
1426801
5218076
59035799
59035799
0
0
0
0
0
0
0
0
0
0
46
0
0
0
0
0
0
0
0
0
0
0
0
0
0
0
0
0
0
0
0
0
0
0
0
0
0
0
0
0
0
0
0
28
102
0
959
0
0
0
84
0
0
0
0
0
0
1162
0
226390
0
827953
0
0
0
0
0
0
0
0
0
0
0
0
9367221
0
0
0
0
0
0
0
0
0
2
28
23
0
969
2
1
0
19
0
0
28
23
0
20220
267
0
228770
0
192139
0
19
0
0
0
267
0
228770
0
192139
0
0
2173808
0
0
0
0
2173808
0
0
0
0
0
0
0
0
0
2
0
1
0
12
0
0
0
0
0
0
0
0
0
0
0
0
12
0
1
0
0
0
0
0
0
0
0
0
0
1
0
0
0
0
0
0
0
28
95
0
969
0
0
0
78
0
0
0
0
0
0
1084
0
228770
0
780521
0
0
0
0
0
0
0
0
0
0
0
0
8830593
0
0
0
0
0
0
0
0
0
0
102
15
0
0
0
0
46
26
0
0
0
0
641
0
0
0
0
0
0
0
0
0
0
0
0
0
0
0
0
0
0
0
0
0
0
0
0
0
0
0
0
0
46
25
0
0
0
0
0
0
0
0
0
0
0
0
0
0
0
0
0
0
0
0
0
0
0
0
0
0
0
0
23
0
0
0
0
0
0
24
0
0
0
0
0
0
0
0
0
0
0
0
0
0
0
0
0
0
0
0
0
0
0
0
0
0
0
0
102
0
0
0
0
0
0
25
0
0
0
0
0
0
0
0
0
0
0
0
0
0
0
0
0
0
0
0
0
0
0
0
0
0
0
0
102
0
0
0
0
0
0
26
0
0
0
0
0
0
0
0
0
0
0
0
0
0
0
0
0
0
0
0
0
0
0
0
0
0
0
0
0
0
0
0
0
0
46
25
0
0
0
0
0
0
0
0
0
0
0
0
0
0
0
0
0
0
0
0
0
0
0
0
0
0
0
0
22
0
0
0
0
0
0
1650
22
44
1629
1662
23
45
1647
0
22
0
0
0
21
0
0
0
0
0
1
0
0
0
0
964
22
26
957
0
0
26
0
1581
44
21
1551
0
37
0
0
1549
44
21
1542
7
20
632
0
0
0
0
0
0
21
0
102
15
2
46
7
1
641
102
15
46
641
0
0
0
0
7
0
0
0
0
0
0
0
0
23
0
0
0
0
0
0
0
0
0
0
22
0
0
0
0
0
0
0
0
0
0
0
0
0
0
0
0
0
0
0
0
15
0
0
0
0
0
0
0
0
1
21
0
0
101
0
0
0
0
26
0
0
0
0
0
0
0
0
0
26
0
0
0
0
0
1642
0
22
0
44
0
0
1611
0
0
0
0
0
0
0
45
0
0
0
0
0
0
257
0
21
0
6
0
0
238
0
0
0
0
0
0
0
0
26
0
0
0
0
0
0
0
0
0
0
26
0
0
0
0
0
0
0
0
0
7
1
0
46
7
1
0
0
0
0
0
0
48
7
1
46
0
0
0
0
48
0
0
0
0
0
9
1
0
46
7
1
0
0
0
0
0
0
59
9
1
46
0
0
0
0
59
0
0
90
15
2
0
0
0
40
6
1
0
0
0
563
90
15
0
0
0
40
0
0
0
563
0
0
0
102
15
2
0
0
0
46
7
1
0
0
0
641
102
15
0
0
0
46
0
0
0
641
0
0
1657
966
22
1898
44
26
69215
1626
948
1863
67933
262
965
21
298
6
24
10925
244
899
278
10180
1627
919
22
1837
45
25
65794
1616
912
1825
65359
0
0
0
1863
44
26
0
0
0
1851
0
0
0
0
0
0
0
0
0
0
42
0
0
0
0
0
0
0
10
448
0
0
26
0
0
444
0
0
1568
45
1898
21
915
26
1559
65512
1887
909
65140
0
7
299
0
0
25
0
0
292
0
0
0
45
1887
0
0
26
0
0
1887
0
0
0
45
1898
0
0
26
0
0
1898
0
0
0
44
1898
0
0
26
0
0
1878
0
0
0
4
215
0
0
24
0
0
196
0
0
0
45
1898
0
0
26
0
0
1898
0
0
0
0
0
0
0
0
0
0
0
0
0
0
0
0
0
0
0
0
0
0
0
0
0
0
0
0
0
0
99
15
0
0
0
0
0
45
0
0
0
0
0
622
0
0
0
0
0
0
0
0
0
0
0
3
102
0
0
0
0
10
0
0
0
0
0
144
0
0
0
0
0
0
0
0
0
0
0
0
2
0
101
22
0
7
0
0
101
472
0
0
19464
0
0
0
19381
0
0
0
0
0
0
0
0
0
0
42
0
0
0
0
0
0
0
0
0
0
0
0
0
0
0
0
0
0
262
0
21
0
0
0
0
6
0
0
0
0
0
245
0
0
0
0
0
0
0
0
0
0
0
1662
937
0
21
1834
0
42
0
23
0
67080
0
1556
0
877
0
0
1717
0
0
0
62809
0
0
0
0
0
0
0
0
0
0
0
1827
21
13
0
0
0
0
0
0
0
0
0
915
0
0
0
0
0
0
0
0
0
0
0
0
0
1898
45
26
0
0
0
0
0
0
0
0
0
1898
0
0
0
0
0
0
0
1619
944
22
0
0
0
1898
44
26
0
0
0
67619
1589
927
0
0
0
1863
0
0
0
66366
0
0
0
0
0
0
0
26
0
0
0
0
0
0
0
0
0
0
0
0
22
0
918
0
26
0
0
0
0
0
918
0
0
0
0
0
0
0
2
22
15
1
1
884
21
10
26
22
15
9012
222
142
10
6004
148
4083
100
884
138
84061
2047
57160
1392
9012
38084
927
6004
4083
524961
12784
84061
57160
38084
524961
0
0
0
0
0
0
0
0
0
0
0
45
26
0
0
0
0
0
0
0
0
0
0
0
0
0
0
0
0
0
0
0
0
0
0
0
0
0
0
0
0
0
0
0
0
0
0
0
0
0
0
0
0
0
0
0
0
0
0
0
0
0
0
0
0
0
0
0
0
0
0
0
0
0
0
2
0
102
15
969
23
0
7
1
0
0
46
26
0
101
15
19947
477
0
0
0
0
641
836655
20034
126277
3023
969
0
0
45
0
0
0
0
0
633
825358
19763
124572
2982
19947
0
0
0
0
0
0
5224913
125113
836655
126277
0
0
0
0
0
0
0
5154360
123424
825358
124572
0
0
0
0
5224913
0
0
0
0
5154360
0
0
0
0
0
0
0
0
0
0
0
81
12
46
26
0
0
0
0
0
0
0
0
0
0
0
0
0
0
0
0
0
0
506
0
0
0
0
0
0
0
0
0
0
0
0
0
0
0
0
0
0
0
0
0
0
0
0
0
0
0
0
0
0
0
0
0
0
0
0
0
0
0
0
0
0
0
0
0
102
0
948
23
0
0
0
0
0
0
26
0
0
0
0
0
0
0
0
0
0
817861
19933
0
0
948
0
0
0
0
0
0
0
0
0
0
0
0
0
0
0
0
0
0
0
0
0
0
817861
0
0
0
0
0
0
0
0
0
0
0
0
0
0
0
0
0
0
0
0
0
0
0
0
0
102
15
0
0
0
0
46
26
0
0
0
0
641
0
0
0
0
0
0
0
0
0
0
0
0
0
0
0
0
0
0
0
0
0
0
0
3
22
15
0
0
0
0
2
1
10
0
0
0
0
30
20
140
0
0
0
0
0
0
13
0
0
0
0
0
0
190
0
0
0
0
0
0
0
0
0
0
2
3
97
15
0
7
1
22
9
1
44
3
97
15
228
127
20
609
9
1
21
44
651
103
57
126
20
297
606
8976
1426
794
57
848
134
4066
790
11520
1830
55194
5219
73070
