788
57219
728
926
0
0
3167
38
666597
2395
34
462508
11
625
21
625
0
59
0
0
0
44
0
0
6649
58
69
6483
0
58
0
0
0
45
0
0
57219
46
788
57219
57219
44
763
55392
9
0
0
38
21
2119
2119
38
34
7171
20
33
3824
10
0
1538
0
0
36
0
0
0
774
0
0
0
774
0
11
1112
250
36
8
791
1146
255
24805
790
24782
11
950
30
36
950
2052
5969
167701
2698
0
44
0
35
0
0
2590
0
0
0
10
45678
36
788
2499791
1988
45678
2499791
0
0
0
754
0
0
0
0
0
0
0
38538
31
788
0
0
0
38538
0
0
0
0
0
0
721
0
0
0
0
0
6097
0
59
0
63
0
0
6023
0
0
0
6816
0
57
0
68
0
0
6481
0
0
0
0
10721
8
0
0
788
0
0
10721
0
0
0
57838
43
0
0
738
0
0
54169
0
0
0
57838
45
0
0
764
0
0
56061
0
0
1150
571
321
1762
991
492
55386
31156
15472
47739
1500558
737
56815
46
12561
10
783
910681
737
56815
12561
910681
1150
57838
45
19500
15
766
1429712
1118
56222
18955
1389755
27
34
44455
770
5237
6659648
43431
6506225
0
0
0
737
0
0
0
0
0
536
0
0
0
0
0
0
595
10
12652
36
46094
783
591
739307
12565
45776
734210
0
68
87286
0
0
774
0
0
85717
0
0
0
0
27006
0
0
18
0
0
619
0
0
0
1055
611
320
0
0
0
1730
907
525
0
0
0
54380
28520
16519
0
0
0
46765
0
0
0
1469953
0
0
0
964
0
60
0
0
0
0
10
0
0
0
0
0
964
0
0
0
0
0
0
0
0
0
0
0
10
74740
0
47
137
0
0
0
616
0
13043
0
8
0
58437
0
0
107
0
0
0
10197
0
0
0
0
499
0
10559
8
0
45010
36
0
0
766
0
611694
493
0
0
10420
0
0
44417
0
0
0
603639
0
0
0
0
0
10721
7
0
0
0
0
0
707
0
0
0
0
0
9617
0
0
0
0
0
0
0
0
0
0
1631
2064
72671
59
592
20874
17
26409
21
758
56076
1974221
1611
2497727
2038
71759
717447
585
20612
26078
67853874
55372
1949448
2466385
708444
67002443
0
6816
73720
57
0
0
0
88158
68
744
0
0
0
8352246
6524
70570
0
0
0
84391
0
0
0
7995373
0
0
968
5
14
17
21513
788
452
990
1231056
2827
3512602
21513
80966
100585641
1231056
3512602
100585641
888
0
0
0
0
752
0
0
0
0
0
0
0
0
0
0
0
9
36
4204
45098
70
757
87433
1752
205108
2200124
4126
44262
5109458
85814
201309
2159368
246064406
5014808
241506196
9
37
0
46101
0
788
0
1785
0
2249047
0
46101
0
0
0
2249047
0
0
0
9
36
0
46101
0
785
0
1777
0
2249047
0
45903
0
0
0
2239398
0
0
0
30
929
0
45842
33
0
19879
14
0
0
720
151830
0
7484940
5503
0
1155220
849
0
0
41872
0
0
18158
0
0
186197527
138682
0
0
6836770
0
0
1055182
0
0
0
0
170073480
0
0
0
0
0
0
0
0
0
27114
20
0
0
749
0
0
0
0
0
0
0
0
0
0
0
0
25758
0
0
0
0
0
0
0
0
0
0
0
0
0
0
0
0
0
0
11
968
321
30
10
46101
36
835
772
968
321
2638046
2079
26246
835
7527205
5933
2522935
1965
45146
26246
215546351
169912
72245889
56950
2583421
206141001
162498
7371340
2470693
5902979937
4653235
211083071
70749906
201872476
5780747990
0
886
255
0
0
0
0
610
739
0
0
0
0
19149
0
0
0
0
0
0
0
0
0
0
0
0
0
0
0
0
0
0
0
0
0
0
0
46
15
0
0
0
0
835
788
0
0
0
0
1259
0
0
0
0
0
0
0
0
0
0
0
0
0
0
0
0
0
0
0
0
0
0
0
687
0
0
0
0
0
0
715
0
0
0
0
0
0
0
0
0
0
0
0
0
0
0
0
0
0
0
0
0
0
0
0
0
0
0
0
1129
592
0
60
0
0
1797
0
0
0
0
0
56484
0
471761
0
247596
0
0
0
0
0
0
0
0
0
23589074
0
0
0
0
0
0
0
0
0
889
110
0
45
0
0
439
0
0
0
0
0
10692
0
364735
0
45185
0
0
0
0
0
0
0
0
0
4382271
0
0
0
0
0
0
0
0
11
1149
181
0
58
36
5
559
0
1132
178
0
4747
17600
0
467692
0
73811
0
551
17328
0
460465
0
72671
0
0
7158602
0
0
0
7047986
0
0
0
0
0
807
68
0
45
0
0
246
0
0
0
0
0
6000
0
327939
0
27654
0
0
0
0
0
0
0
0
0
2435881
0
0
0
0
0
0
0
0
11
968
622
320
74740
30
19
10
1617
832
534
968
622
320
6595053
50830
26177
538860665
16811
322928670
177733309
1617
832
534
43696
50830
26177
538860665
16811
322928670
180136490
1373485
26383489811
14522018669
8725811968
43696
1373485
26383489811
14522018669
8725811968
712904711969
712904711969
4
687
481
247
57838
12
9
4
1483
764
534
313
219
112
2322510
36090
18585
382594904
13009
249900345
137540017
675
347
243
40091
16423
8457
174107829
5920
113722390
63436770
975184
18732465398
10310736477
6752523465
18244
443778
8524601016
4692116714
3072877337
506167415484
230342091814
0
968
622
255
74269
0
0
0
1617
664
426
0
0
0
0
50829
20885
535449779
13412
320885505
140906095
0
0
0
34862
0
0
0
0
0
0
1095816
26216561821
11512985177
6917804256
0
0
0
0
0
565189264766
0
11
968
188
32
74740
30
6
1
490
85
16
968
188
32
6595053
15420
2695
538860665
525
97964908
18300856
490
85
16
1364
15420
2695
538860665
525
97964908
18548307
42903
8003798977
1495304268
272567387
1364
42903
8003798977
1495304268
272567387
22268939038
22268939038
9
749
1
248
56662
30
0
10
5
835
1
749
1
248
4995647
135
20310
408519762
44
842203
135099165
5
834
1
150
135
20293
408178335
44
841499
136811441
3666
68808573
11038519511
22817336
150
3663
68751066
11029293893
22798266
1864191766
1862633756
5
968
583
2
74740
14
8
0
1516
5
3
441
265
0
3004830
47678
173
538860665
104
302900401
1176565
691
2
1
271
21723
78
245515071
47
138007136
543313
8528
24747166744
96133357
54181091
123
3885
11275275966
43800168
24685927
4426631630
2016856869
0
622
321
0
0
0
0
536
788
0
0
0
0
16855
0
0
0
0
0
0
0
0
0
0
0
0
0
0
0
0
0
0
0
0
0
0
0
481
248
0
0
0
0
536
765
0
0
0
0
13043
0
0
0
0
0
0
0
0
0
0
0
0
0
0
0
0
0
0
0
0
0
0
0
188
256
0
0
0
0
129
737
0
0
0
0
4085
0
0
0
0
0
0
0
0
0
0
0
0
0
0
0
0
0
0
0
0
0
0
0
622
32
0
0
0
0
55
770
0
0
0
0
1731
0
0
0
0
0
0
0
0
0
0
0
0
0
0
0
0
0
0
0
0
0
0
0
622
0
0
0
0
0
0
788
0
0
0
0
0
0
0
0
0
0
0
0
0
0
0
0
0
0
0
0
0
0
0
0
0
0
0
0
481
248
0
0
0
0
536
764
0
0
0
0
13043
0
0
0
0
0
0
0
0
0
0
0
0
0
0
0
0
0
0
0
0
0
0
0
59
0
0
0
46
0
0
6787
59
71
6708
6816
59
71
6755
0
59
0
0
0
54
0
0
248
45
9
10
111064
248
3784
111064
74289
59
782
73690
57838
46
788
57838
4185
70
36
4105
0
61
0
0
4117
70
36
4099
19
34
3564
0
0
0
0
0
0
35
0
622
320
11
535
19
10
16836
622
320
535
16836
476
197
9
427
19
8
10322
476
197
427
10322
0
0
59
0
0
0
0
0
0
0
0
0
0
58
0
0
0
0
0
0
0
0
1269
0
45
0
16
0
0
1238
0
0
0
5
321
4
16
145
945
893
25881
8
248
9
36
241
1596
1947
43668
0
0
0
788
0
0
0
0
0
0
0
0
0
780
0
0
0
0
0
6747
0
58
0
69
0
0
6603
0
0
0
5270
0
46
0
71
0
0
5257
0
0
0
2037
0
56
0
20
0
0
1934
0
0
0
0
10439
8
0
0
772
0
0
10439
0
0
0
10721
8
0
0
788
0
0
10721
0
0
788
481
248
9
1701
876
32
535
19
10
41390
21324
788
13014
481
248
45997
1701
876
535
1118863
41390
21324
13014
45997
1118863
840
481
248
9
1812
935
34
536
19
10
44086
22764
840
13043
481
248
49103
1812
935
536
1194408
44086
22764
13043
49103
1194408
1055
564
321
11
1598
909
33
486
17
10
50234
28585
1055
15294
564
321
43298
1598
909
486
1360976
50234
28585
15294
43298
1360976
1055
622
320
11
1761
907
33
534
19
10
55361
28510
1055
16811
622
320
47591
1761
907
534
1495903
55361
28510
16811
47591
1495903
6816
74740
58
89378
70
769
8467836
6651
72929
87212
8262676
1975
74132
56
25697
19
729
2434619
1842
69120
23960
2270036
6713
72209
58
87670
71
768
8181037
6665
71688
87037
8121999
321
3585
2
87908
70
783
399552
319
3562
87348
397006
9
428
3
16
199
1764
728
38204
0
503
0
0
0
0
0
0
425
16
20466
16
20362
781
421
528291
20262
20159
523025
4155
71
89378
36
45567
785
4138
5162596
89019
45384
5141856
0
20
25386
0
0
769
0
0
24838
0
0
0
71
89121
0
0
788
0
0
89121
0
0
0
71
89378
0
0
788
0
0
89378
0
0
0
71
89378
0
0
780
0
0
88451
0
0
0
9
12578
0
0
715
0
0
11470
0
0
0
71
89378
0
0
788
0
0
89378
0
0
0
815
481
198
0
0
0
1758
725
428
0
0
0
42774
17646
10421
0
0
0
38065
0
0
0
925901
0
0
0
1055
611
320
0
0
0
1730
907
525
0
0
0
54380
28520
16519
0
0
0
46765
0
0
0
1469953
0
0
0
1150
622
256
0
0
0
1919
791
428
0
0
0
60339
24893
13467
0
0
0
41553
0
0
0
1306125
0
0
11
888
619
58
28
19
1478
885
617
5159
46462
383155
252721
1472
46274
381602
251697
18943943
18867146
0
324
0
2
0
0
0
0
67
0
0
0
0
0
305
0
0
0
0
0
0
0
0
0
0
0
0
2009
0
56
0
0
0
0
19
0
0
0
0
0
1879
0
0
0
0
0
0
0
0
0
0
0
6816
73275
0
57
87626
0
68
0
739
0
8301874
0
6518
0
70077
0
0
83801
0
0
0
7939535
0
0
0
0
0
5152
57838
23
0
0
0
87307
35
395
0
0
0
6401051
2580
28970
0
0
0
43730
0
0
0
3206161
0
0
0
5274
57838
46
0
0
0
89378
71
788
0
0
0
6552887
5274
57838
0
0
0
89378
0
0
0
6552887
0
0
0
6653
72961
57
0
0
0
89378
70
773
0
0
0
8266248
6523
71526
0
0
0
87620
0
0
0
8103690
0
0
844
0
0
0
0
788
0
0
0
0
0
0
0
0
0
0
0
9
36
0
45703
0
786
0
1775
0
2229641
0
45703
0
0
0
2229641
0
0
0
11
876
321
27
9
43948
36
755
771
853
312
2514894
2068
23745
735
6491968
5340
2405156
1954
43948
23133
185901681
152928
68873211
56657
2514894
177789874
146255
6491968
2405156
5091127210
4188125
185901681
68873211
177789874
5091127210
0
687
481
244
57059
46
0
0
0
1483
752
526
778
0
0
0
0
0
36090
18295
377439398
303862
12805
246532902
201158
133564119
110455
57059
0
0
0
39463
0
0
0
0
0
0
0
0
0
0
959930
18480042702
15078771
10012681855
8169836
377439398
6557328285
5243672
246532902
133564119
0
0
0
0
0
0
0
0
0
0
0
491535635152
401067988
18480042702
10012681855
6557328285
0
0
0
0
0
491535635152
0
11
888
622
321
74740
60
27
19
10
1483
766
536
788
877
614
317
6510758
4890
46636
24080
494400533
392660
16855
322928670
259942
178203439
145385
74740
1464
756
529
40197
46040
23773
488081316
387641
16640
318801127
256620
175925718
143526
6510758
1263500
24206649795
19485237
13359084349
10753447
494400533
8748923823
6901941
322928670
178203439
39683
1247350
23897250207
19236185
13188334218
10616001
488081316
8637098624
6813723
318801127
175925718
655817070864
527902525
24206649795
13359084349
8748923823
647434682822
521155089
23897250207
13188334218
8637098624
655817070864
647434682822
0
730
481
248
57838
46
0
0
0
1576
813
535
788
0
0
0
0
0
38346
19777
406596283
322924
13023
249849723
201117
137718987
112356
57838
0
0
0
42653
0
0
0
0
0
0
0
0
0
0
1037502
19903579121
16021464
10971819538
8831809
406596283
6759958754
5332866
249849723
137718987
0
0
0
0
0
0
0
0
0
0
0
538513198929
433478313
19903579121
10971819538
6759958754
0
0
0
0
0
538513198929
0
0
883
618
254
71033
59
0
0
0
1483
610
427
753
0
0
0
0
0
46369
19079
469870582
390571
13354
306918822
258570
134959396
115236
71033
0
0
0
32031
0
0
0
0
0
0
0
0
0
0
1001065
23006555670
19382372
10117279288
8523520
469870582
6626095901
5470921
306918822
134959396
0
0
0
0
0
0
0
0
0
0
0
496690437895
418447646
23006555670
10117279288
6626095901
0
0
0
0
0
496690437895
0
0
622
321
0
0
0
0
536
779
0
0
0
0
16855
0
0
0
0
0
0
0
0
0
0
0
0
0
0
0
0
0
0
0
0
0
0
0
1102
142
320
0
0
0
0
421
948
122
0
0
0
0
13242
29819
3854
0
0
0
0
0
0
11398
0
0
0
0
0
0
358282
0
0
0
0
0
0
0
0
0
0
11
1103
602
321
34
19
10
36
1782
950
518
1097
599
319
2112
56016
29890
16310
1773
946
6867
516
3741
1996
48282
55740
29742
212859
16230
117615
57865
1517626
48044
343835
183470
101376
1510139
10807492
5766872
3146888
9315327
296485846
