788
58743
789
1005
1059
0
3912
38
673035
2965
33
467932
12
650
21
650
0
61
0
0
0
46
0
0
7206
59
73
7035
1365
60
14
1351
0
46
0
0
58743
47
788
58743
58743
45
763
56867
9
917
39990
37
21
2036
2036
37
40
7120
20
39
3783
15
13
2826
910
14
40
906
17675
13
774
17347
0
0
774
0
12
1162
405
37
13
1272
1160
405
39084
1270
39046
11
964
31
40
964
2207
5941
179508
3031
0
45
0
39
0
0
2909
0
0
0
16
50409
40
788
3788222
3087
50409
3788222
0
0
0
755
0
0
0
0
349
17675
14
19382
15
788
434273
349
17675
19382
434273
0
16598
13
0
0
723
0
0
16121
0
0
6470
1361
60
1502
66
14
144379
6399
1346
1485
142793
7206
0
47
0
58
0
0
5632
0
0
0
196
10888
8
17675
14
788
243967
196
10888
17674
243955
0
58743
44
0
0
740
8
0
55156
0
7
0
58743
45
0
0
764
8
0
56938
0
7
1163
596
508
1866
1592
815
57446
48998
25098
78581
2418212
781
57823
46
13092
10
784
965037
781
57823
13092
965037
1218
58743
45
20332
15
766
1513999
1183
57052
19746
1470409
28
38
49196
770
5218
6553804
48062
6402819
0
0
0
738
0
0
0
0
0
889
0
0
0
0
0
0
683
10
13170
40
50868
783
678
849261
13079
50517
843406
0
72
91166
0
0
774
0
0
89477
0
0
509
0
28151
0
17630
18
11
630744
645
404
14468
0
1067
640
508
0
0
0
1840
1460
876
0
0
0
56623
44954
26963
0
0
0
77453
0
0
0
2383501
0
0
0
1020
0
61
0
0
0
0
10
0
0
0
0
0
1020
0
0
0
0
0
0
0
0
0
0
0
11
75909
1369
47
143
2
0
17675
616
11
13789
248
8
1700787
59351
1070
3210
112
2
13819
308950
10781
194
1329798
2510
241559
560
0
10719
8
0
49650
40
0
0
766
0
685309
553
1
0
10582
6
0
49013
0
94
0
676522
1
6
92
0
196
10888
7
0
0
0
17675
12
707
0
0
0
243967
176
9770
0
0
0
15860
0
0
0
218914
0
0
1831
2186
73923
60
680
23027
18
27485
22
758
65524
2215760
1808
2644731
2158
72996
823828
672
22738
27140
79271861
64702
2187956
2611545
813491
78277156
0
7206
74961
58
0
0
0
91872
71
747
0
0
0
8840329
6917
71962
0
0
0
88197
0
0
0
8486716
0
0
982
5
14
19
23741
788
458
1062
1304264
2809
3447198
23741
86454
107403506
1304264
3447198
107403506
901
0
0
0
0
752
0
0
0
0
0
0
0
0
0
0
0
9
40
4829
49853
73
758
91165
1773
210490
2172755
4740
48929
5879288
89476
206591
2132506
256237856
5770377
251491187
9
40
917
50875
14
788
17675
1807
39990
2217324
917
50875
1139888
17675
39990
2217324
50300108
1139888
50300108
9
40
0
50875
0
785
0
1799
0
2217324
0
50648
6
0
0
2207426
308
6
306
31
1068
912
50590
37
373
20691
15
17675
12
720
155085
132479
7345570
5469
23931
1326904
975
1133488
833
46220
463598
340
18904
16148
3518120
192663709
141690
166634642
121036
6711109
29729763
21864
1212295
1035585
423556
4370586194
3214249
176022720
152241867
27161907
3993084484
0
0
0
0
0
509
28223
21
17675
13
749
0
0
0
0
0
0
0
0
0
0
632359
483
26827
16800
0
0
0
0
0
0
0
0
0
0
601075
0
0
0
0
0
0
12
982
508
31
16
50875
40
1344
772
982
508
2794994
2231
41361
1344
7387048
5897
3823295
3052
49837
41361
230162119
181488
119124415
93932
2737951
314840589
248259
7236285
3745265
9688704418
7639791
225464723
116693196
308414984
9490966923
0
901
406
0
0
0
0
985
742
0
0
0
0
30319
0
0
0
0
0
0
0
0
0
0
0
0
0
0
0
0
0
0
0
0
0
0
0
47
24
0
0
0
0
1344
788
0
0
0
0
1984
0
0
0
0
0
0
0
0
0
0
0
0
0
0
0
0
0
0
0
0
0
0
0
697
0
0
0
0
0
0
714
0
0
0
0
2
0
0
0
0
0
0
0
0
0
0
0
0
0
0
0
0
0
0
0
0
0
0
0
1148
620
1363
61
0
0
1916
14
0
0
0
0
58975
10789986
483365
5832869
261298
1363
0
0
0
0
0
0
0
554292912
24830996
10789986
5832869
0
0
0
0
554292912
0
0
900
115
1059
46
0
0
466
13
0
0
0
0
11103
8499247
372312
1087435
47635
1039
0
0
0
0
0
0
0
104772548
4589603
8341803
1067290
0
0
0
0
102831693
0
11
1163
189
0
59
37
6
593
0
1145
186
0
4882
18276
67
477846
10
77873
0
584
17993
66
470463
10
76670
0
1056
7502971
65
10
1040
7387035
64
10
1030
1014
0
819
71
1058
45
0
0
262
13
0
0
0
0
6243
7731319
335336
671932
29144
1029
0
0
0
0
0
0
0
58919912
2555576
7513326
652986
0
0
0
0
57258602
0
12
982
650
507
75909
31
21
16
1718
1342
888
982
650
507
6320525
52895
41314
514065066
27345
340253309
265757856
1718
1342
888
72273
52895
41314
514065066
27345
340253309
265757856
2224085
27673703462
21614790798
14306562708
72273
2224085
27673703462
21614790798
14306562708
1163590661380
1163590661380
4
697
503
393
58743
13
9
7
1577
1231
888
317
229
178
2225991
37556
29333
364989847
21161
263307127
205658359
717
560
404
66309
17091
13349
166108132
9630
119831977
93595825
1579116
19648525948
15346654937
11071221982
30177
718661
8942111630
6984315360
5038551141
826157631362
375987174983
0
982
650
406
75595
0
0
0
1718
1073
710
0
0
0
0
52895
33041
511934169
21869
338842895
211658014
0
0
0
57800
0
0
0
0
0
0
1778705
27558990694
17214707298
11394201858
0
0
0
0
0
926720634849
0
12
982
197
52
75909
31
6
1
521
138
27
982
197
52
6320525
16046
4247
514065066
852
103220575
27323752
521
138
27
2254
16046
4247
514065066
852
103220575
27323752
69369
8395202968
2222313190
446224537
2254
69369
8395202968
2222313190
446224537
36292624232
36292624232
9
760
1
393
57470
31
0
16
5
1344
3
759
1
393
4781208
140
32008
389193686
72
886183
201433974
5
1342
3
248
140
31981
388868398
72
885443
201265615
5927
72075678
16383158972
37304023
248
5922
72015437
16369465917
37272844
3034035079
3031499230
5
982
611
3
75909
14
9
0
1616
8
5
448
279
1
2883942
49744
273
514065066
169
319984513
1756648
737
4
2
449
22697
124
234558671
77
146003195
801527
13825
26025188558
142872885
88932537
204
6308
11874826861
65190335
40578322
7233118983
3300342489
0
650
508
0
0
0
0
889
788
0
0
0
0
27376
0
0
0
0
0
0
0
0
0
0
0
0
0
0
0
0
0
0
0
0
0
0
0
503
393
0
0
0
0
889
769
0
0
0
0
21185
0
0
0
0
0
0
0
0
0
0
0
0
0
0
0
0
0
0
0
0
0
0
0
197
406
0
0
0
0
215
738
0
0
0
0
6635
0
0
0
0
0
0
0
0
0
0
0
0
0
0
0
0
0
0
0
0
0
0
0
650
52
0
0
0
0
91
773
0
0
0
0
2811
0
0
0
0
0
0
0
0
0
0
0
0
0
0
0
0
0
0
0
0
0
0
0
650
0
0
0
0
0
0
788
0
0
0
0
2
0
0
0
0
0
0
0
0
0
0
0
0
0
0
0
0
0
0
0
0
0
0
0
503
393
0
0
0
0
889
764
0
0
0
0
21185
0
0
0
0
0
0
0
0
0
0
0
0
0
0
0
0
0
0
0
0
0
0
0
60
0
0
0
47
0
0
7184
60
74
7101
7206
60
74
7141
1367
60
14
1355
1368
55
12
1243
393
46
9
16
163610
393
3886
163610
75733
60
782
75122
58743
47
788
58743
4809
73
40
4720
0
64
0
0
4736
73
40
4715
20
37
3661
0
14
0
0
917
13
39
885
650
508
12
889
21
16
27376
650
508
889
27376
499
313
9
707
21
13
16784
499
313
707
16784
0
1369
60
0
0
14
0
0
1361
0
0
0
1369
59
0
0
13
0
0
1330
0
0
1423
1059
46
428
18
13
31883
1387
1033
417
31090
5
508
7
18
230
1014
1387
42694
9
393
16
40
384
1722
3045
72524
0
0
0
788
0
0
0
0
0
17675
14
0
0
780
0
0
17481
0
0
7133
1369
59
1660
72
13
159821
7001
1343
1630
156861
5575
1059
47
1677
74
14
124919
5561
1056
1673
124615
2154
1349
57
509
21
13
48263
2048
1283
484
45901
20
10613
8
1777
1
772
24422
20
10613
1777
24422
196
10888
8
17675
14
788
243967
196
10888
17674
243955
801
503
393
9
1812
1417
33
889
21
16
43170
33753
801
21183
503
393
76302
1812
1417
889
1817080
43170
33753
21183
76302
1817080
851
503
393
9
1925
1505
35
889
21
16
45843
35847
851
21185
503
393
81035
1925
1505
889
1929801
45843
35847
21185
81035
1929801
1067
591
508
12
1698
1460
34
808
19
16
52256
44955
1067
24884
591
508
71482
1698
1460
808
2199755
52256
44955
24884
71482
2199755
1067
650
507
12
1868
1459
34
888
21
16
57491
44903
1067
27345
650
507
78552
1868
1459
888
2417314
57491
44903
27345
78552
2417314
7206
75909
59
93035
73
774
8952215
7072
74503
91312
8786380
2085
75381
57
26734
20
731
2572512
1946
70349
24949
2400777
7096
73284
59
91206
74
768
8642625
7049
72799
90602
8585400
341
3641
2
91946
73
783
424440
339
3618
91360
421735
9
710
6
18
331
1809
1130
60870
0
838
0
0
0
0
0
0
488
16
21304
17
22473
781
483
606892
21091
22248
600842
4773
74
93035
40
50286
785
4754
5930410
92654
50080
5906145
0
20
26432
0
0
769
0
0
25892
0
0
0
74
92953
0
0
788
0
0
92953
0
0
0
74
93035
0
0
788
0
0
93035
0
0
1676
74
93035
14
17655
780
1658
2082175
92071
17472
2060592
237
9
13116
13
17603
719
217
293888
12018
16128
269269
1677
74
93035
14
17675
788
1677
2084492
93035
17675
2084492
0
824
503
314
0
0
0
1864
1164
710
0
0
0
44398
27738
16927
0
0
0
62704
0
0
0
1493245
0
0
0
1067
640
508
0
0
0
1840
1460
876
0
0
0
56623
44954
26963
0
0
0
77453
0
0
0
2383501
0
0
0
1163
650
406
0
0
0
2036
1272
710
0
0
0
62661
39148
21873
0
0
0
68484
0
0
0
2107485
0
0
12
901
649
59
29
21
1574
897
646
4970
48442
372430
268187
1567
48246
370920
267100
20012702
19931572
0
344
0
2
0
0
0
0
70
0
0
0
0
0
323
0
0
0
0
0
0
0
0
0
0
0
0
2126
0
57
0
0
0
0
20
0
0
0
0
0
1989
0
0
0
0
0
0
0
0
0
0
0
7206
74444
0
58
91240
0
71
0
738
0
8779452
0
6882
10
71105
0
12
87146
0
0
1205
8385602
0
9
11
1151
0
5448
58743
23
0
0
0
90898
36
395
0
0
0
6768581
2728
29423
0
0
0
45529
0
0
0
3390249
0
0
0
5576
58743
47
0
0
0
93035
74
788
0
0
0
6927727
5576
58743
0
0
0
93035
0
0
0
6927727
0
0
0
7052
74292
58
0
0
0
93035
73
774
0
0
0
8761452
6921
72916
0
0
0
91312
0
0
0
8599151
0
0
858
0
0
0
0
788
0
0
0
0
0
0
0
0
0
0
0
9
40
912
50461
14
786
17630
1796
39765
2199268
912
50461
1130606
17630
39765
2199268
49890518
1130606
49890518
11
890
508
28
16
48579
39
1218
773
867
495
2668846
2219
37483
1186
6392244
5315
3650735
3035
48579
36518
199166485
163574
113747875
93420
2668846
272441416
223755
6392244
3650735
8383939185
6885707
199166485
113747875
272441416
8383939185
0
697
503
387
58189
47
0
0
0
1577
1214
875
781
0
0
0
0
0
37556
28912
361547981
293800
20857
260824132
211950
200792004
163166
58189
0
0
0
65357
0
0
0
0
0
0
0
0
0
0
1556428
19463239751
15816158
14983517330
12175859
361547981
10809251079
8783780
260824132
200792004
0
0
0
0
0
0
0
0
0
0
0
806608817240
655463979
19463239751
14983517330
10809251079
0
0
0
0
0
806608817240
0
11
901
650
508
75909
61
28
20
16
1577
1233
889
788
889
642
502
6239738
5022
48531
37949
471650748
379657
27376
340253309
273888
266063332
214168
75909
1556
1217
878
66386
47910
37464
465622301
374804
27027
335904331
270387
262662620
211431
6239738
2042927
25390410296
20438110
19854199758
15981716
471650748
14323007438
11529361
340253309
266063332
65537
2016815
25065880459
20176878
19600431499
15777444
465622301
14139936616
11381997
335904331
262662620
1068812631330
860344923
25390410296
19854199758
14323007438
1055151505520
849348346
25065880459
19600431499
14139936616
1068812631330
1055151505520
0
742
503
393
58743
47
0
0
0
1679
1313
889
788
0
0
0
0
0
39987
31274
388710968
312894
21180
263245852
211900
205888698
165730
58743
0
0
0
70682
0
0
0
0
0
0
0
0
0
0
1683237
20920637281
16840149
16362357576
13170943
388710968
11081042520
8919728
263245852
205888698
0
0
0
0
0
0
0
0
0
0
0
880631048335
708867419
20920637281
16362357576
11081042520
0
0
0
0
0
880631048335
0
0
898
647
404
72277
60
0
0
0
1577
984
709
753
0
0
0
0
0
48351
30173
449063084
378317
21767
323958355
272922
202165909
170316
72277
0
0
0
52980
0
0
0
0
0
0
0
0
0
0
1624334
24174446869
20366020
15086040984
12709395
449063084
10883212612
9168678
323958355
202165909
0
0
0
0
0
0
0
0
0
0
0
812127980806
684185871
24174446869
15086040984
10883212612
0
0
0
0
0
812127980806
0
0
650
508
0
0
0
0
889
779
0
0
0
0
27376
0
0
0
0
0
0
0
0
0
0
0
0
0
0
0
0
0
0
0
0
0
0
0
1116
148
508
0
0
0
0
447
1527
203
0
0
0
0
13768
47015
6268
0
0
0
0
0
0
18833
0
0
0
0
0
0
579569
0
0
0
0
0
0
0
0
0
0
12
1118
630
508
36
20
16
40
1895
1529
862
1111
626
505
2265
58326
47065
26529
1884
1520
6812
857
3840
3098
79784
58001
46803
209642
26382
118171
95356
2455243
79340
355385
286771
161647
2441579
10801564
8716122
4913097
14775545
460369353
