788
22213
287
365
272
0
1358
38
288267
1027
34
199988
2
125
23
125
0
23
0
0
0
17
0
0
2620
22
70
2556
351
22
9
348
0
17
0
0
22213
17
788
22213
22213
17
763
21504
9
574
27294
38
23
2305
2304
38
37
7156
22
36
9124
10
9
1687
570
9
37
568
12041
9
774
11818
0
0
774
0
2
205
45
38
8
837
205
45
4428
836
4423
2
169
32
37
169
787
5973
30814
1052
0
17
0
38
0
0
1215
0
0
0
10
49479
39
788
2425391
1975
49479
2425391
0
0
0
754
0
0
0
0
383
16641
13
22605
18
788
476862
383
16641
22605
476862
0
15583
12
0
0
723
0
0
15139
0
0
2982
546
25
1529
71
13
62631
2945
539
1510
61871
3322
0
24
0
76
0
0
3158
0
0
0
78
4647
3
16641
13
788
98047
78
4647
16641
98047
0
25074
18
0
0
739
0
0
23506
0
0
0
25074
19
0
0
764
0
0
24304
0
0
206
115
57
2109
1048
586
11160
5549
3104
56790
300505
360
24676
19
14133
11
783
445013
360
24676
14133
445013
561
25074
19
21941
17
766
697407
545
24366
21321
677708
29
37
48152
770
5224
6566165
47043
6414896
0
0
0
738
0
0
0
0
0
641
0
0
0
0
0
0
724
11
14227
39
49930
783
719
900472
14129
49586
894264
0
77
98288
0
0
774
0
0
96521
0
0
517
0
30356
0
16569
18
11
640370
696
380
14689
0
189
124
57
0
0
0
2083
960
630
0
0
0
11022
5082
3335
0
0
0
55982
0
0
0
296231
0
0
0
470
0
26
0
0
0
0
11
0
0
0
0
0
470
0
0
0
0
0
0
0
0
0
0
0
5
32402
550
20
154
2
0
16641
616
10
6358
107
4
683523
25334
430
3265
121
2
13011
134123
4971
84
534428
2553
104867
234
0
4572
3
0
48701
39
0
0
764
0
286931
231
0
0
4501
0
0
47942
0
0
0
282463
0
0
0
0
78
4647
3
0
0
0
16641
12
707
0
0
0
98047
70
4170
0
0
0
14932
0
0
0
87978
0
0
766
1006
31517
25
722
22611
18
29699
24
758
29613
927325
756
1218032
993
31121
873836
713
22327
29326
35837847
29242
915689
1202748
862871
35388153
0
3322
31972
24
0
0
0
99164
77
745
0
0
0
4073013
3183
30636
0
0
0
95021
0
0
0
3902820
0
0
173
0
15
18
23303
788
80
182
223765
2821
3463463
23303
14879
18484847
223765
3463463
18484847
159
0
0
0
0
752
0
0
0
0
0
0
0
0
0
0
0
9
39
5120
48848
79
757
98307
1774
230291
2171024
5025
47943
6222974
96486
226025
2130806
279854967
6107696
274670790
9
40
847
49937
13
788
16641
1807
38133
2219414
847
49937
1053430
16641
38133
2219414
47374086
1053430
47374086
9
40
0
49937
0
786
0
1803
0
2219414
0
49809
0
0
0
2213744
0
0
0
32
1131
843
49656
36
379
22329
16
16641
12
721
170145
126807
7380229
5497
23866
1405517
1034
1047515
771
45413
471033
346
20420
15219
3589213
211372412
155605
157533302
115970
6749546
29649430
21826
1285408
957999
430781
4458905918
3282495
193309441
144071188
27115718
4077867126
0
0
0
0
0
517
30487
23
16641
12
750
0
0
0
0
0
0
0
0
0
0
643140
492
29012
15836
0
0
0
0
0
0
0
0
0
0
612024
0
0
0
0
0
0
2
173
57
32
10
49937
39
884
773
173
57
481054
383
4680
884
7421903
5923
2447846
1953
48933
4680
39738988
31344
13106469
10337
471379
202211939
159497
7272637
2398616
1070005006
843982
38939776
12842878
198145150
1048485580
0
159
45
0
0
0
0
647
741
0
0
0
0
3420
0
0
0
0
0
0
0
0
0
0
0
0
0
0
0
0
0
0
0
0
0
0
0
8
2
0
0
0
0
884
788
0
0
0
0
224
0
0
0
0
0
0
0
0
0
0
0
0
0
0
0
0
0
0
0
0
0
0
0
123
0
0
0
0
0
0
715
0
0
0
0
0
0
0
0
0
0
0
0
0
0
0
0
0
0
0
0
0
0
0
0
0
0
0
0
202
119
546
26
0
0
2157
13
0
0
0
0
11405
1105623
52654
653758
31134
546
0
0
0
0
0
0
0
62257933
2964970
1105623
653758
0
0
0
0
62257933
0
0
159
22
425
19
0
0
527
13
0
0
0
0
2159
874042
40666
122346
5692
417
0
0
0
0
0
0
0
11844273
551071
857851
120080
0
0
0
0
11624864
0
2
205
36
0
25
38
6
672
0
202
36
0
530
3557
0
52162
0
9307
0
662
3502
0
51356
0
9163
0
0
901022
0
0
0
887099
0
0
0
0
0
144
13
424
19
0
0
296
13
0
0
0
0
1210
792457
36506
75454
3476
412
0
0
0
0
0
0
0
6638860
305838
770113
73327
0
0
0
0
6451670
0
2
173
125
57
32402
32
23
10
1943
882
639
173
125
57
688158
10286
4667
56180887
3383
40723639
18478266
1943
882
639
52198
10286
4667
56180887
3383
40723639
18478266
276206
3324655620
1508555529
1093501278
52198
276206
3324655620
1508555529
1093501278
89272844306
89272844306
0
123
97
44
25074
13
10
4
1783
809
639
56
44
20
242324
7303
3313
39888828
2618
31514239
14299520
811
368
290
47891
3323
1507
18150951
1191
14340191
6506831
196108
2360529038
1071085110
846212684
21792
89236
1074131516
487384927
385059323
63384351764
28842318298
0
173
125
45
32193
0
0
0
1943
705
511
0
0
0
0
10280
3731
55810480
2705
40455144
14685028
0
0
0
41758
0
0
0
0
0
0
220842
3302735809
1198877690
869026204
0
0
0
0
0
70946822481
0
2
173
38
5
32402
32
7
1
589
90
19
173
38
5
688158
3120
480
56180887
105
12354083
1902886
589
90
19
1630
3120
480
56180887
105
12354083
1902886
8628
1008580570
155350593
34161335
1630
8628
1008580570
155350593
34161335
2788912693
2788912693
1
134
0
44
24546
32
0
10
6
884
2
134
0
44
520882
27
3621
42560137
9
106129
14036924
6
883
2
180
27
3618
42524567
9
106040
14025192
737
8664327
1145966776
2857615
179
736
8657085
1145009017
2855227
233294152
233099173
0
173
118
0
32402
14
10
0
1826
5
3
79
53
0
313538
9666
30
56180887
21
38269146
122336
832
2
1
324
4404
14
25597071
9
17436144
55738
1718
3124272091
9987515
6803269
147
782
1423477256
4550500
3099697
555415150
253057611
0
125
57
0
0
0
0
641
788
0
0
0
0
3392
0
0
0
0
0
0
0
0
0
0
0
0
0
0
0
0
0
0
0
0
0
0
0
97
44
0
0
0
0
641
765
0
0
0
0
2620
0
0
0
0
0
0
0
0
0
0
0
0
0
0
0
0
0
0
0
0
0
0
0
38
45
0
0
0
0
155
737
0
0
0
0
822
0
0
0
0
0
0
0
0
0
0
0
0
0
0
0
0
0
0
0
0
0
0
0
125
5
0
0
0
0
65
772
0
0
0
0
348
0
0
0
0
0
0
0
0
0
0
0
0
0
0
0
0
0
0
0
0
0
0
0
125
0
0
0
0
0
0
788
0
0
0
0
0
0
0
0
0
0
0
0
0
0
0
0
0
0
0
0
0
0
0
0
0
0
0
0
97
44
0
0
0
0
641
764
0
0
0
0
2625
0
0
0
0
0
0
0
0
0
0
0
0
0
0
0
0
0
0
0
0
0
0
0
25
0
0
0
20
0
0
3301
25
79
3263
3322
25
80
3293
548
25
13
543
549
23
12
499
44
19
1
10
11394
44
423
11394
32257
25
782
31997
25074
20
788
25074
5097
79
39
5001
0
69
0
0
5029
80
39
5007
22
36
4020
0
13
0
0
847
12
38
818
125
57
2
640
23
10
3390
125
57
640
3390
96
35
1
510
23
8
2084
96
35
510
2084
0
550
25
0
0
13
0
0
547
0
0
0
550
25
0
0
13
0
0
534
0
0
596
425
19
395
18
13
12577
581
415
385
12264
0
57
4
17
26
174
887
4696
1
44
10
39
42
293
1935
7911
0
0
0
788
0
0
0
0
0
16641
13
0
0
780
0
0
16458
0
0
3290
550
25
1689
78
13
69412
3220
538
1653
67926
2567
425
20
1706
80
13
54159
2561
424
1702
54027
988
539
24
517
23
12
20849
939
512
492
19824
8
4534
3
1673
1
772
9823
8
4534
1673
9823
78
4647
3
16641
13
788
98047
78
4647
16641
98047
141
97
44
1
2046
930
34
640
23
10
8380
3811
141
2624
97
44
55081
2046
930
640
225551
8380
3811
2624
55081
225551
150
97
44
1
2173
989
36
641
23
10
8901
4050
150
2625
97
44
58534
2173
989
641
239690
8901
4050
2625
58534
239690
189
114
57
2
1920
962
35
582
21
10
10161
5092
189
3080
114
57
51705
1920
962
582
273600
10161
5092
3080
51705
273600
189
125
57
2
2114
959
35
639
23
10
11191
5078
189
3383
125
57
56790
2114
959
639
300505
11191
5078
3383
56790
300505
3314
32318
25
100499
78
769
4117191
3233
31535
98064
4017439
962
32161
24
28892
21
730
1186722
897
30005
26956
1107175
3256
31187
25
98705
80
769
3973034
3232
30962
97993
3944364
157
1554
1
99286
79
783
195634
156
1544
98653
194387
11
512
4
18
239
1990
723
42815
0
603
0
0
0
0
0
0
518
18
23013
17
22063
781
512
643646
22783
21844
637229
5061
80
100499
39
49359
784
5035
6288014
99980
49104
6255579
0
22
28525
0
0
768
0
0
27918
0
0
0
80
100100
0
0
788
0
0
100100
0
0
0
80
100499
0
0
788
0
0
100499
0
0
1701
80
100499
13
16595
780
1684
2114198
99457
16423
2092283
241
10
14162
12
16556
719
221
298589
12976
15169
273576
1706
80
100499
13
16641
788
1706
2120030
100499
16641
2120030
0
145
97
35
0
0
0
2109
766
512
0
0
0
8637
3140
2097
0
0
0
45378
0
0
0
185819
0
0
0
189
124
57
0
0
0
2083
960
630
0
0
0
11022
5082
3335
0
0
0
55982
0
0
0
296231
0
0
0
205
125
45
0
0
0
2305
837
512
0
0
0
12176
4426
2705
0
0
0
49590
0
0
0
261954
0
0
2
159
125
25
30
23
1783
158
125
537
9425
40433
31937
1775
9387
40269
31807
2392199
2382501
0
158
0
1
0
0
0
0
75
0
0
0
0
0
149
0
0
0
0
0
0
0
0
0
0
0
0
980
0
24
0
0
0
0
22
0
0
0
0
0
917
0
0
0
0
0
0
0
0
0
0
0
3322
31776
0
24
98559
0
77
0
740
0
4048148
0
3178
0
30395
0
0
94275
0
0
0
3872168
0
0
0
0
0
2509
25074
10
0
0
0
98086
39
395
0
0
0
3117662
1256
12559
0
0
0
49129
0
0
0
1561576
0
0
0
2571
25074
20
0
0
0
100499
80
788
0
0
0
3194330
2571
25074
0
0
0
100499
0
0
0
3194330
0
0
0
3241
31606
24
0
0
0
100499
79
773
0
0
0
4026505
3177
30985
0
0
0
98522
0
0
0
3947322
0
0
151
0
0
0
0
788
0
0
0
0
0
0
0
0
0
0
0
9
39
843
49487
13
786
16584
1797
37919
2199434
843
49487
1043947
16584
37919
2199434
46947617
1043947
46947617
2
157
57
28
10
47606
39
800
771
153
55
458603
381
4235
779
6403142
5329
2333602
1942
47606
4126
34284255
28202
12494776
10278
458603
174455519
143510
6403142
2333602
923131837
759388
34284255
12494776
174455519
923131837
0
123
97
43
24794
20
0
0
0
1783
797
629
780
0
0
0
0
0
7303
3264
39443736
32108
2578
31162594
25367
13927819
11337
24794
0
0
0
47172
0
0
0
0
0
0
0
0
0
0
193166
2334189570
1900117
1043243407
849238
39443736
824216298
670942
31162594
13927819
0
0
0
0
0
0
0
0
0
0
0
61736743854
50256005
2334189570
1043243407
824216298
0
0
0
0
0
61736743854
0
2
159
125
57
32402
26
29
23
10
1783
811
641
788
157
124
56
679587
547
9437
4294
51545533
41491
3392
40723639
32780
18529236
14915
32402
1761
801
633
48023
9320
4240
50903515
40974
3350
40216412
32372
18298448
14729
679587
254116
3050346050
2455388
1387905969
1117200
51545533
1096517563
882646
40723639
18529236
47425
250950
3012352886
2424805
1370619098
1103285
50903515
1082860040
871652
40216412
18298448
82133081010
66113346
3050346050
1387905969
1096517563
81110083755
65289880
3012352886
1370619098
1082860040
82133081010
81110083755
0
131
97
44
25074
20
0
0
0
1898
863
641
788
0
0
0
0
0
7773
3537
42465585
34182
2624
31508926
25363
14338620
11541
25074
0
0
0
51115
0
0
0
0
0
0
0
0
0
0
209312
2512591948
2022520
1143393538
920379
42465585
848383519
682909
31508926
14338620
0
0
0
0
0
0
0
0
0
0
0
67651991138
54456735
2512591948
1143393538
848383519
0
0
0
0
0
67651991138
0
0
158
125
45
30813
25
0
0
0
1783
646
510
752
0
0
0
0
0
9404
3409
48995849
41331
2693
38709257
32654
14033449
11838
30813
0
0
0
38264
0
0
0
0
0
0
0
0
0
0
201771
2899461623
2445920
1051155488
886730
48995849
830467251
700563
38709257
14033449
0
0
0
0
0
0
0
0
0
0
0
62204962586
52474696
2899461623
1051155488
830467251
0
0
0
0
0
62204962586
0
0
125
57
0
0
0
0
641
779
0
0
0
0
3392
0
0
0
0
0
0
0
0
0
0
0
0
0
0
0
0
0
0
0
0
0
0
0
197
28
57
0
0
0
0
506
1006
146
0
0
0
0
2679
5323
776
0
0
0
0
0
0
13633
0
0
0
0
0
0
72144
0
0
0
0
0
0
0
0
0
0
2
197
122
57
37
22
10
39
2143
1006
621
196
121
57
389
11341
5327
3286
2132
1001
6846
617
4223
1983
57709
11284
5300
36229
3269
22347
10497
305369
57421
392457
184355
113713
303847
2076688
975519
601714
10567236
55916559
