788
197663
12960
16748
12386
53714
30403
87
4857286
23180
78
3397803
441
389141
788
389023
4257
205
13
4257
10623
154
41
10339
118307
200
356
115443
15975
203
48
15802
78
157
0
61
197663
159
788
197663
197663
154
763
191350
21
7329
294756
86
788
76475
76475
86
94
15088
749
91
130242
1571
48
310176
7276
49
93
7258
61411
48
774
60274
243
0
774
239
441
42874
640491
86
1296
125871
42840
639989
62117734
125772
62069127
433
35426
73
93
35426
74488
12576
6086688
23581
49
152
29
90
0
7279
22631
47
27
6986
1611
116018
93
788
346563949
280246
116018
346563949
231
16414
13
755
49033869
39118
15953
47654963
3072
61411
49
49034
39
788
3817121
3072
61411
49034
3817121
3398
57737
47
51401
42
724
3985438
3305
56151
49989
3875931
106355
15946
203
25476
324
48
8248888
105187
15771
25196
8158269
118307
85
160
151
285
0
48959
92501
66
118
38279
2295
36639
29
61411
49
788
2852238
2295
36639
61411
2852238
65
197663
149
326
0
742
81799
61
185938
307
76947
65
197663
154
324
0
764
81424
63
191590
314
78922
42874
356639
801637
70087
157540
1310461
34588539
77746461
646714924
127094469
62721346177
12960
196505
159
63884
51
784
16006888
12960
196505
63884
16006888
20964
197663
154
103945
81
765
26044638
20354
191909
100919
25286389
65
89
113527
770
11076
14020586
110911
13697582
9
11
15775
740
1562
2060155
14798
1932536
367
1429889
758
43
667264
64002
131846
116059454
7668
51
64261
93
116955
783
7615
9526956
63818
116149
9461277
7397
350
443801
12
16336
774
7260
9190220
435580
16033
9019976
8628
2
137231
1
61200
18
197
10682949
3147
1403
245052
54
39336
382701
801002
9
95
199
69004
144427
1405109
4824
46938
98244
34053744
71275253
693423846
8463
17714
172338
125030218
4176744
8742020
85049510
61702634754
15335150
7567923837
3409
16748
63
205
857
3
10
15
51
0
277706
1052
3409
5170
16748
63
264
857
3
15
85731
277706
1052
5170
264
85731
182
255427
16005
160
699
43
0
61411
616
38
226384
14185
142
19883990
199711
12514
54429
546
34
48016
17623123
177003
11091
15546741
42556
13779032
4336
9
36093
29
28
114260
92
239
0
766
1338
5306781
4278
11142
8
35615
35273
28
112747
236
1638272
1320
5236505
10995
34806
1616577
629
2295
36639
26
1055
16844
12
61411
44
707
49024
782353
565
2852238
2060
32877
1311312
947
15115
55106
60903121
43991
702032
2559410
1176685
54650443
14200
35890
248837
203
7656
53081
43
134153
109
758
2478874
17186817
14022
43436336
35439
245715
9265766
7559
52415
132470
3000077189
2447769
16971157
42891296
9149499
2962432163
4390
118307
252295
197
7802
16638
13
448365
350
748
2526184
5387205
4216
145171978
113613
242285
9573824
7492
15978
430574
3099820470
2425951
5173453
139411900
9193957
2976826980
36123
206
34
43
54583
788
16857
35882
44373775
5941
7347309
54583
2932066
3642526933
44373775
7347309
3642526933
33142
63
9
12
16844
753
4773
10574
13694032
1606
2080346
16085
792789
1031359722
13076996
1986609
984887936
21
92
54175
114569
358
758
444630
3733
2178710
4607497
53172
112447
65923820
436393
2138350
4522146
2651173594
64702617
2602062028
21
94
7329
116966
49
788
61411
3803
294756
4703871
7329
116966
9105335
61411
294756
4703871
367855674
9105335
367855674
21
93
38
116966
0
786
322
3793
1549
4703871
38
116652
47876
322
1545
4691273
1934229
47748
1929049
72
12340
7290
116346
85
6513
103945
76
61411
45
720
1661036
981351
15660924
11566
960621
15330093
11270
9057123
6658
106265
8091765
5949
94939
56090
129897642
2063517850
1517114
1224727325
896321
14303966
1193386485
877387
14001800
8272358
7390646
161372766756
118642518
1884722090
1118609487
1089984209
147390447013
9
2366
1055
16844
12
8628
137706
105
61411
47
750
292310
130359
2080346
1600
184252
2940403
2251
1311312
1004
16023
10719867
8208
130992
58417
22859447
363138848
278058
162688839
124004
1978921
228898620
175269
2797047
1247381
10197232
28398454975
21744961
345434429
154757131
217738929
27013920792
442
36123
801637
73
1624
116966
92
132733
772
36123
801637
95086974
75278
65504152
132733
15744287
12464
349394006
276607
114512
65504152
7805440602
6151204
173216746040
136506279
93092085
28680838676
22602402
15413977
342063851
14154044739365
11154325606
7641685397
169582723906
28079125476
13857098208242
63
33142
640491
9
186
16844
12
97301
746
4773
92240
13694032
10471
48018241
14012
2080346
1590
40203211
30742
15929
6915388
1031359722
785068
19931278049
15171648
12949647
3027886320
2304821
1967262
38017832
1494267267524
1137433251
975296759
18847847614
2863295560
1413041435898
2
1732
38457
9
209
15072
12
132733
788
223
4955
587811
475
3142455
17103
2028803
1640
45022801
36407
15072
404935
48251944
38840
1070797305
861942
587811
3695803902
2974951
2028803
45022801
87497966077
70431831
48251944
1070797305
3695803902
87497966077
157
25647
3123
30
3
53714
39
613
715
11778
1434
33791703
24767
234197
281
6633675
4862
807970
592
48685
107550
2545006723
1856833
309977686
226159
30628317
60851961
44397
6012669
732333
23239328125
16955384
2306757769
280959350
55155349
21063795317
62
42287
371024
15939
205
12
105
71916
49
5947
52186
1123939
14497
35490930
764361905
9859409
6706418968
86505265
15939
10115
4992022
107512315
1386788
943300061
12167510
1123939
641513867753
8274807711
764361905
6706418968
90232965454
1163903815
107512315
943300061
641513867753
90232965454
38
33178
68958
12386
156
9
20
17512
48
3710
7711
694390
8754
6687882
602191457
7592376
1251592604
15779969
12156
1958
747929
67345175
849082
139969975
1764729
681527
121385126521
1530412988
591036184
1228407523
13574922921
171151433
66097642
137377106
119136532282
13323454769
435
42874
118051
63
200
85
235
23199
0
42249
116330
31355
98832
11449180
3085979
9727060
8497036
26782803
61
22861
11282252
3040986
9585241
8373150
26392313
30510
824081134
2597517698
3002870
8268201
812066141
2559646237
2959089
8147652
801887723
790196307
23
30100
42631
12386
154
5
7
9821
48
2068
2929
426652
5326
3750977
546322515
6820111
773756576
9659323
12036
674
257743
37539764
468634
53167568
663726
414622
68080282618
849891906
530918373
751939689
4678038504
58399097
36481290
51668452
66160686903
4546136251
442
36123
389141
801637
255427
73
788
1624
64433
132733
1429889
36123
389141
801637
128045554
31797920
65504152
10462975138
705652955
112713913120
232192210482
64433
132733
1429889
116840427
31797920
65504152
10462975138
705652955
112713913120
232192210482
57660957940
9210182072587
18973101679965
204390482255639
116840427
57660957940
9210182072587
18973101679965
204390482255639
16701341505801242
16701341505801244
156
25647
301139
620352
197663
30
360
742
59117
121781
1429889
11718
137591
283440
45273874
22576750
46508415
7428786951
546073913
87224359772
179683380186
27010
55642
653319
107200196
10315358
21249780
3394226336
249502169
39852969412
82097664840
40939691520
6539294942159
13471037475160
158168840605224
48979965
18705419887
2987815811895
6154941645380
72267632380784
11858071553354254
5417974567454309
63
36123
389141
640491
254464
10
113
186
64433
106051
1142450
5202
56042
92240
18371078
31797920
52336395
10423534827
563801387
112289036665
184817226970
9279
15273
164531
93352963
4579404
7537271
1501154341
81196342
16171402277
26616612038
46069853202
9175464180199
15101953817676
162687981957991
13444307
6634789567
1321412372450
2174920879307
23429649768809
13293708765614874
1914504911538800
442
36123
118051
82325
255427
73
239
166
19546
13631
44547
36123
118051
82325
128045554
9646340
6727042
10462975138
21984185
34193331172
23845310034
19546
13631
44547
3640091
9646340
6727042
10462975138
21984185
34193331172
23845310034
1796391806
2794036663682
1948469722312
6367660212567
3640091
1796391806
2794036663682
1948469722312
6367660212567
520320059081670
520320059081670
341
27954
1035
620352
193351
73
2
1623
221
132733
4918
27933
1035
619893
96855510
84651
50690794
7920200285
1878560
293516329
175763469510
221
132635
4915
401945
84588
50653324
7914345818
1877171
293299368
175633548382
153502654
23984074061
14362144930348
532249680328
401648
153389187
23966345474
14351528696600
531856251140
43491671331328
43459523086675
206
36123
365802
5292
255427
34
345
5
60568
876
8874
16857
170707
2469
59754397
29890801
432482
10462975138
4379554
105953760150
1533018971
28265
408
4141
725156
13948995
201824
4882705818
2043785
49444926925
715406521
357866118
8657790287352
125267444437
1268526072841
338405
167003644
4040288966517
58457950219
591976904699
103654959456668
48372156764917
198
389141
801637
354
730
52611
42
1429889
788
175036
360578
42770328
34585
705652955
643167
76289872
61691
157158185
127084
52611
317404231
37821722609
30444744
77913268503
62716591
42770328
138974694681
111868226
76289872
157158185
68584258233692
54955323389
37821722609
77913268503
138974694681
68584258233692
157
301139
620352
362
745
53714
42
1429889
769
138292
284883
33791703
26659
546073913
656645
77888641
61450
160451671
126588
52406
250772704
29881942173
23467830
61557211658
48344053
32968803
141887121771
111431275
75991886
156544330
54186607513810
42361406518
29154253067
60058162096
138431867350
52867047903161
201
118051
640491
109
592
53438
40
346578
738
53934
292620
43442304
32876
171036982
158340
23507207
17789
127538779
96519
50011
78141515
11654011899
8779352
63229051342
47632534
40656394
34214079162
25774596
21999714
119359848
16884708729948
12661784177
10906652090
59174237243
32019965418
15801909706883
62
389141
82325
111
23
16538
13
146844
773
55264
11691
13444616
10757
72468036
20854
23981299
19187
5073389
4059
16292
10291570
11889050328
9469246
2515200504
2003276
13244571
4486388888
3573264
23624477
4997901
2214040871250
1755367981
11712151036
2477776389
4419635111
2181097763903
63
389141
3179
113
0
16844
13
5670
788
56042
457
13694032
11073
2798400
816
24426185
19752
199546
161
16844
403014
12109607141
9747675
98927926
79632
13694032
176458754
142041
24426185
199546
87082708461
69777798
12109607141
98927926
176458754
87082708461
49
301139
620352
113
233
16844
13
1429889
764
43368
89340
10597211
8300
546073913
205926
24426185
19132
50318277
39414
16316
78643304
9371094545
7306851
19304583585
15052215
10265038
44496359211
34694805
23660537
48741032
16993133148987
13189482521
9077354199
18699474435
43101604747
16460477247887
13999
203
42
13848
3373
159
13
3373
117897
202
361
116526
118307
203
362
117251
16005
203
48
15860
15993
186
44
14529
620352
157
342
1624
142782485
620352
78739
142782485
255365
203
782
253307
197663
159
788
197663
53968
358
92
52968
6573
312
11
6140
53278
361
92
53044
766
86
126723
3805
49
48
3805
7329
47
90
7078
389141
801637
442
1429889
788
1624
705652955
389141
801637
1429889
705652955
300239
495648
342
1139036
786
1297
434997385
300239
495648
1139036
434997385
4203
16005
204
1010
12
49
327213
4186
15942
1006
325915
14225
16005
199
3420
42
48
1107422
13823
15553
3323
1076142
11008
12386
155
3420
42
48
857005
10734
12077
3335
835668
206
801637
758
43
374113
35203
129353
63836421
334
620352
1588
92
606802
58203
276363
105543092
755
54374
43
788
162423240
131342
54374
162423240
3420
61411
48
54582
43
780
4249044
3382
60737
53983
4202365
117202
16005
201
28178
355
48
9123748
115031
15709
27656
8954736
91552
12386
158
28444
364
49
7127018
91330
12356
28375
7109698
35398
15786
192
8628
105
47
2755643
33671
15016
8207
2621158
235
35816
29
6165
5
771
286333
235
35816
6165
286333
2295
36639
29
61411
49
788
2852238
2295
36639
61411
2852238
29407
301139
618667
342
67782
139253
77
1426005
788
1619
25885982
53180650
29407
544590804
301139
618667
122579454
67782
139253
1426005
46813020835
25885982
53180650
544590804
122579454
46813020835
31319
301139
620352
342
72190
148714
82
1429889
788
1624
27569623
56793803
31319
546073913
301139
620352
130907639
72190
148714
1429889
49993549806
27569623
56793803
546073913
130907639
49993549806
39336
354080
801637
442
63843
144542
79
1301056
717
1624
31506981
71331782
39336
642073874
354080
801637
115771382
63843
144542
1301056
57133382355
31506981
71331782
642073874
115771382
57133382355
39336
389141
801637
442
70165
144542
79
1429889
788
1624
34626848
71331782
39336
705652955
389141
801637
127235231
70165
144542
1429889
62790812341
34626848
71331782
705652955
127235231
62790812341
118307
255427
201
453930
358
774
146973919
116115
250695
445521
144251306
35890
253293
191
136555
103
730
44214148
33506
236472
127487
41277868
116601
247053
201
445471
363
769
142155633
115838
245436
442555
141224964
5613
12253
9
448947
359
783
6973440
5577
12175
446086
6928996
367
1142450
605
42
533141
62293
102528
90252165
344
1352878
740
41
621280
57231
122898
103066260
5478
82
103945
41
51656
781
5424
6806374
102912
51142
6738690
53574
364
453930
92
115668
786
53384
66556354
452320
115258
66320330
2365
108
137069
13
16756
768
2314
2925047
134088
16392
2861432
28097
364
453433
48
60730
788
28097
34906086
453433
60730
34906086
7802
365
453930
13
16844
788
7802
9692659
453930
16844
9692659
28444
361
453930
48
61411
780
28149
35336660
449224
60775
34970368
4026
47
63890
45
61058
722
3709
4973655
58852
56243
4581436
28444
365
453930
49
61411
788
28444
35336660
453930
61411
35336660
49
30351
301139
495648
11
113
186
69958
115145
1142450
4371
43368
71381
26717280
43974139
436301198
10075
16582
164531
101358783
3847712
6332973
62834292
38708859331
14597272
5574689698
54
39336
382701
801002
9
95
199
69004
144427
1405109
4824
46938
98244
34053744
71275253
693423846
8463
17714
172338
125030218
4176744
8742020
85049510
61702634754
15335150
7567923837
203
42874
389141
640491
40
363
598
76475
125871
1142450
19757
179322
295148
37740748
62117734
563801387
35241
58003
526459
110800038
17391535
28624836
259808619
54680015310
51058414
25197418139
440
33142
389093
201
66
785
59109
33013
387578
100767
29170693
7584171
89037636
58879
29057153
7554651
88691078
6675238040
6649256279
681
5637
4
9
25063
18
41
150
341
0
389309
281
640
2333
5300
3
10372
23564
17
141
161108
366023
265
2193
9751
151472
14097
35890
80
192
7600
17
40
43
103
0
2460765
5526
13184
14068
33566
75
2979
7107
15
40
964623
2301433
5168
13158
2786
902165
118307
250670
85
196
445477
151
349
320
739
0
144236945
48959
113032
103735
239493
81
184352
425614
144
306
59689882
137805739
46776
99110
176132
57028443
3181
89429
197663
79
7137
15775
6
443402
178
395
1788322
3952694
1593
111098714
44793
99006
8866728
3574
7901
222091
2221645469
895735
1979827
55647167
4441170
1112778661
226
91552
197663
159
521
1125
0
453930
365
788
130612
281993
226
113736675
91552
197663
647591
521
1125
453930
162260491
130612
281993
113736675
647591
162260491
4305
116018
250485
197
7802
16844
13
453930
358
774
2477314
5348562
4225
144130652
113869
245845
9692659
7657
16532
445521
3077585294
2431423
5249483
141460709
9513107
3020574680
31483
61
8
13
16234
788
4369
10672
13197795
1540
1904574
16234
760052
944218296
13197795
1904574
944218296
21
93
7290
116042
49
786
61251
3783
293195
4666718
7290
116042
9033417
61251
293195
4666718
364950247
9033417
364950247
431
32706
801637
64
1586
111723
91
120179
771
31935
782724
90825119
75077
59308928
117344
13616302
11255
333733959
275869
111723
57909644
6750463608
5554571
165453060270
136141885
90825119
24804359881
20410092
13616302
333733959
12240995580639
10072417004
6750463608
165453060270
24804359881
12240995580639
49
25647
301139
614630
195908
159
9
113
231
59117
120658
1416700
781
3693
43368
88516
14143657
11486
22576750
46079429
7362826096
5979831
541037017
86449886988
70211590
176445301451
143302735
195908
8513
17376
204027
106211399
3251410
6636168
1060363738
861190
77917911
12450154893
10111582
25410921978
20637866
14143657
40562070506
6481231965548
5263831137
13228275568404
10743545240
7362826096
155318475931714
126144263033
86449886988
176445301451
15296126
5841581501
933400200774
758075172
1905081493315
1547240916
1060363738
22368324014523
18166774629
12450154893
25410921978
11644376946235008
9457157878723
6481231965548
13228275568404
155318475931714
1676974969772100
1361980732934
933400200774
1905081493315
22368324014523
11644376946235008
1676974969772100
438
33142
389141
801637
255427
205
66
781
1610
59117
121781
1429889
788
32851
385723
794595
126920679
102165
29174348
60099558
9599699547
7727315
705652955
112713913120
90729506
232192210482
186904031
255427
58597
120711
1417327
107200196
28918052
59571585
9515366588
7659431
699453824
111723726106
89932451
230152411621
185262087
126920679
52903487252
8450271505597
6802079224
17407675465636
14012376710
9599699547
204390482255639
164524921146
112713913120
232192210482
106258447
52438732328
8376036223724
6742323243
17254749764480
13889278566
9515366588
202594920414519
163079576593
111723726106
230152411621
15323352906538916
12334593082948
8450271505597
17407675465636
204390482255639
15188737891919064
12226234198420
8376036223724
17254749764480
202594920414519
15323352906538916
15188737891919064
159
27309
301139
619650
197663
159
33
367
757
62947
129526
1428272
788
12744
140528
289162
46240235
37221
24039607
49465918
7910134166
6367293
545456373
87224359772
70211590
179480181264
144473276
197663
29374
60443
666509
114017133
11218186
23083483
3691298098
2971324
254539560
40703622291
32764540
83755197813
67419075
46240235
43543075724
6963007645934
5604900341
14327670362917
11533114510
7910134166
157989971875834
127174648143
87224359772
179480181264
53206585
20319563391
3249317438041
2615550828
6686068940899
5381977444
3691298098
73726699259263
59346596026
40703622291
83755197813
12612134786918218
10152187413079
6963007645934
14327670362917
157989971875834
5885506892698170
4737561880294
3249317438041
6686068940899
73726699259263
12612134786918218
5885506892698171
63
33039
387929
638495
243103
204
9
113
186
59117
97301
1142450
753
4758
55868
91953
17550905
14797
29083463
47868655
9136552043
7703243
562045030
107275912978
90446862
176566095374
148867056
243103
8513
14012
164531
85650629
4188480
6893845
1315808407
1109389
80943398
15449432954
13025782
25428318219
21439217
17550905
42137061645
8042579354962
6780889105
13237331606148
11160707741
9136552043
155424806494088
131042334865
107275912978
176566095374
12335049
6068405205
1158258989119
976555581
1906385706386
1607318932
1315808407
22383637301996
18872174661
15449432954
25428318219
11652348651737282
9824371079705
8042579354962
13237331606148
155424806494088
1678123021802314
1414865258183
1158258989119
1906385706386
22383637301996
11652348651737282
1678123021802314
206
389141
801637
367
758
54582
43
1429889
779
181594
374087
44372750
35464
705652955
667264
79148128
63258
163046233
130312
53947
329295984
39238742173
31218025
80832348284
64309560
43856671
144181487170
114709622
78227594
161149920
71153819559225
56351159719
38782375119
79892225879
142504581212
70326263495620
206
41163
89109
800731
38
84
757
43
16813
151083
327061
19209
41583
373664
35881
8297430
74559751
161405235
7846
70503
6770
152624
14655
131697
30454159
3872031
34793628
3341110
75320446
7232758
64992734
15029181739
14211564
1364686
12262917
26546482
7013432239
670403036
6024164451
13040972712
2460588481
1219869610172
440
41155
377675
801637
83
762
1617
93
71246
151225
1387754
40992
376172
798447
76585
35160462
74630156
684859544
70963
150623
14447
1382232
132580
281410
129195981
35020553
74333191
7129882
682134383
65428886
138876671
63758445771
128681890
12342894
26198522
240416324
63504741086
6063453353
12870037474
118104643436
22279962950
11045588986669
