28
1139
0
0
0
0
227
0
165
166
0
0
0
0
0
0
0
32
0
0
0
24
0
0
613
31
11
593
0
32
0
0
0
24
0
0
1139
25
28
1139
1139
24
27
1095
0
0
0
0
0
0
0
0
4
3
0
4
18
0
0
0
0
0
4
0
0
0
30
0
0
0
30
0
0
0
0
0
0
0
0
0
0
0
0
0
0
0
4
0
9
35
101
186
0
24
0
4
0
0
178
0
0
0
0
224
4
31
5828
121
224
5828
0
0
0
29
0
0
0
0
0
0
0
86
1
31
0
0
0
86
0
0
0
0
0
0
28
0
0
0
0
0
803
0
32
0
15
0
0
794
0
0
0
897
0
24
0
12
0
0
666
0
0
0
0
230
4
0
0
31
0
0
229
0
0
0
1273
24
0
0
29
0
0
1195
0
0
0
1273
25
0
0
30
0
0
1233
0
0
0
0
0
0
0
0
0
0
0
0
0
0
1243
25
0
0
30
0
0
1243
0
0
0
1273
24
0
0
29
0
0
1214
0
0
0
4
217
30
0
0
212
0
0
0
0
28
0
0
0
0
0
0
0
0
0
0
0
0
0
0
0
4
226
30
0
0
0
225
0
0
16
814
0
0
30
0
0
799
0
0
0
0
0
0
0
0
0
0
0
0
0
0
0
0
0
0
0
0
0
0
0
0
0
0
0
0
0
0
0
0
0
0
0
0
0
0
0
0
0
0
33
0
0
0
0
0
0
0
0
0
0
0
0
0
0
0
0
0
0
0
0
0
0
0
1640
0
26
0
0
0
0
24
0
0
0
0
0
1282
0
0
0
0
0
0
0
0
0
0
0
33
0
225
4
0
219
4
0
0
30
0
1623
33
0
0
222
0
0
216
0
0
0
1603
0
0
0
0
0
230
4
0
0
0
0
0
27
0
0
0
0
0
206
0
0
0
0
0
0
0
0
0
0
0
0
1605
32
0
0
0
0
0
30
0
0
0
0
0
1585
0
0
0
0
0
0
0
0
0
0
0
897
1624
31
0
0
0
826
16
29
0
0
0
43560
857
1550
0
0
0
788
0
0
0
41584
0
0
0
0
0
0
0
31
0
0
0
0
0
0
0
0
0
0
0
0
0
0
0
0
29
0
0
0
0
0
0
0
0
0
0
0
0
4
123
221
16
29
814
0
0
0
121
217
5931
799
0
0
0
5821
0
0
4
0
226
0
31
0
0
0
0
0
226
0
0
0
0
0
0
0
0
4
0
226
0
30
0
0
0
0
0
225
0
0
0
0
0
0
0
0
0
0
225
4
0
0
0
0
0
28
0
0
1716
32
0
0
0
0
0
206
0
0
0
0
0
0
0
0
0
1569
0
0
0
0
0
0
0
0
0
0
0
0
0
0
0
0
0
0
0
0
0
29
0
0
0
0
0
0
0
0
0
0
0
0
0
0
0
0
0
0
0
0
0
0
0
0
0
0
0
0
0
0
0
0
0
0
0
0
226
4
0
30
0
0
467
9
0
0
1726
35
5882
119
221
0
5282
105
17998
358
455
66536
1323
1684
5738
199608
3971
5152
17557
64907
194722
0
0
0
0
0
0
0
0
29
0
0
0
0
0
0
0
0
0
0
0
0
0
0
0
0
0
0
0
0
0
0
0
0
0
0
0
0
0
0
0
0
0
0
0
31
0
0
0
0
0
0
0
0
0
0
0
0
0
0
0
0
0
0
0
0
0
0
0
0
0
0
0
0
0
0
0
0
0
0
0
28
0
0
0
0
0
0
0
0
0
0
0
0
0
0
0
0
0
0
0
0
0
0
0
0
0
0
0
0
0
0
0
33
0
0
0
0
0
0
0
0
0
0
0
0
0
0
0
0
0
0
0
0
0
0
0
0
0
0
0
0
0
0
0
0
0
0
0
25
0
0
0
0
0
0
0
0
0
0
0
0
0
0
0
0
0
0
0
0
0
0
0
0
0
0
0
0
0
0
0
0
0
0
0
32
0
0
0
0
0
0
0
0
0
0
0
0
0
0
0
0
0
0
0
0
0
0
0
0
0
0
0
0
0
0
0
0
0
0
0
25
0
0
0
0
0
0
0
0
0
0
0
0
0
0
0
0
0
0
0
0
0
0
0
0
0
0
0
0
0
0
0
0
0
0
0
1641
0
0
0
0
0
0
0
0
0
0
0
0
0
0
0
0
0
0
0
0
0
0
0
0
0
0
0
0
0
0
0
0
0
0
0
0
0
0
0
0
0
1273
0
0
0
0
0
0
0
0
0
0
0
0
0
0
0
0
0
0
0
0
0
0
0
0
0
0
0
0
0
0
0
0
0
0
0
0
0
0
0
0
0
1637
0
0
0
0
0
0
0
0
0
0
0
0
0
0
0
0
0
0
0
0
0
0
0
0
0
0
0
0
0
0
0
0
0
0
0
0
0
0
0
0
0
1641
0
0
0
0
0
0
0
0
0
0
0
0
0
0
0
0
0
0
0
0
0
0
0
0
0
0
0
0
0
0
0
0
0
0
0
0
0
0
0
0
0
1243
0
0
0
0
0
0
0
0
0
0
0
0
0
0
0
0
0
0
0
0
0
0
0
0
0
0
0
0
0
0
0
0
0
0
0
0
0
0
0
0
0
1641
0
0
0
0
0
0
0
0
0
0
0
0
0
0
0
0
0
0
0
0
0
0
0
0
0
0
0
0
0
0
0
0
0
0
0
0
0
0
0
0
0
0
0
0
0
31
0
0
0
0
0
0
0
0
0
0
0
0
0
0
0
0
0
0
0
0
0
0
0
0
0
0
0
0
0
0
0
0
0
0
0
30
0
0
0
0
0
0
0
0
0
0
0
0
0
0
0
0
0
0
0
0
0
0
0
0
0
0
0
0
0
0
0
0
0
0
0
29
0
0
0
0
0
0
0
0
0
0
0
0
0
0
0
0
0
0
0
0
0
0
0
0
0
0
0
0
0
0
0
0
0
0
0
30
0
0
0
0
0
0
0
0
0
0
0
0
0
0
0
0
0
0
0
0
0
0
0
0
0
0
0
0
0
0
0
0
0
0
0
31
0
0
0
0
0
0
0
0
0
0
0
0
0
0
0
0
0
0
0
0
0
0
0
0
0
0
0
0
0
0
0
0
0
0
0
30
0
0
0
0
0
0
0
0
0
0
0
0
0
0
0
0
0
0
0
0
0
0
0
0
0
0
0
0
32
0
0
0
25
0
0
888
32
16
878
897
33
16
889
0
32
0
0
0
30
0
0
0
25
0
0
0
0
0
0
1630
32
30
1616
1273
25
31
1273
123
16
4
121
0
14
0
0
121
16
4
121
0
4
18
0
0
0
0
0
0
4
0
0
0
0
0
0
0
0
0
0
0
0
0
0
0
0
0
0
0
0
0
0
0
0
0
33
0
0
0
0
0
0
0
0
0
0
32
0
0
0
0
0
0
0
0
0
0
25
0
0
0
0
0
0
0
0
0
0
0
0
0
0
0
0
0
0
0
4
0
6
114
263
0
0
0
31
0
0
0
0
0
0
0
0
0
30
0
0
0
0
0
889
0
32
0
16
0
0
872
0
0
0
694
0
25
0
16
0
0
692
0
0
0
0
0
30
0
0
0
0
0
0
0
0
0
222
4
0
0
30
0
0
222
0
0
0
230
4
0
0
31
0
0
229
0
0
0
0
0
0
0
0
0
0
0
0
0
0
0
0
0
0
0
0
0
0
0
0
0
0
0
0
0
0
0
0
0
0
0
0
0
0
0
0
0
0
0
0
0
0
0
0
0
0
0
0
0
0
0
0
0
0
0
0
0
0
0
0
0
0
0
0
0
0
0
0
0
0
0
0
0
0
0
0
0
0
0
0
0
0
0
0
0
0
0
0
0
0
0
0
0
0
0
0
0
0
0
0
0
0
893
1633
32
834
16
30
43809
876
1603
819
42998
0
1621
31
0
0
28
0
0
1510
0
0
875
1580
32
824
16
30
42392
869
1570
818
42111
40
76
1
820
16
30
2003
40
75
815
1991
0
0
0
0
0
0
0
0
0
0
0
0
0
0
0
0
0
0
0
0
0
30
0
0
0
0
0
122
16
834
4
224
31
122
6007
831
223
5982
0
0
0
0
0
30
0
0
0
0
0
0
16
832
0
0
31
0
0
832
0
0
0
17
834
0
0
31
0
0
834
0
0
0
16
834
0
0
30
0
0
826
0
0
0
0
0
0
0
28
0
0
0
0
0
0
17
834
0
0
31
0
0
834
0
0
0
0
0
0
0
0
0
0
0
0
0
0
0
0
0
0
0
0
0
0
0
0
0
0
0
0
0
0
0
0
0
0
0
0
0
0
0
0
0
0
0
0
0
0
0
0
0
0
0
0
0
0
0
0
0
0
0
0
0
0
0
0
0
0
0
0
0
0
0
0
0
0
0
0
0
0
0
0
0
0
0
32
0
0
0
0
0
0
0
0
0
0
0
0
0
0
0
0
41
0
1
0
0
0
0
15
0
0
0
0
0
38
0
0
0
0
0
0
0
0
0
0
0
0
0
0
31
0
0
0
0
0
0
0
0
0
0
0
0
0
0
0
0
0
0
0
0
0
0
897
1624
0
31
825
0
15
0
28
0
43556
0
841
0
1521
0
0
773
0
0
0
40799
0
0
0
0
0
679
1273
13
0
0
0
815
8
15
0
0
0
33335
340
637
0
0
0
408
0
0
0
16697
0
0
0
696
1273
25
0
0
0
834
17
31
0
0
0
34134
696
1273
0
0
0
834
0
0
0
34134
0
0
0
872
1595
31
0
0
0
834
16
30
0
0
0
42788
856
1566
0
0
0
819
0
0
0
41995
0
0
0
0
0
0
0
31
0
0
0
0
0
0
0
0
0
0
0
0
4
0
224
0
31
0
0
0
0
0
224
0
0
0
0
0
0
0
0
0
0
0
0
216
4
0
30
0
0
445
9
0
0
1337
28
5611
119
216
0
4093
85
17166
357
445
51562
1074
1337
5611
154687
3222
4093
17166
51562
154687
0
0
0
0
1262
25
0
0
0
0
0
0
30
0
0
0
0
0
0
0
0
0
0
0
0
0
0
1262
0
0
0
0
0
0
0
0
0
0
0
0
0
0
0
0
0
0
0
0
0
0
0
0
0
0
0
0
0
0
0
0
0
0
0
0
0
0
0
0
0
0
0
0
0
0
0
0
0
0
0
1641
33
0
0
0
0
0
0
31
0
0
0
0
0
0
0
0
0
0
0
0
0
0
1641
0
0
0
0
0
0
0
0
0
0
0
0
0
0
0
0
0
0
0
0
0
0
0
0
0
0
0
0
0
0
0
0
0
0
0
0
0
0
0
0
0
0
0
0
0
0
0
0
0
0
0
1270
25
0
0
0
0
0
0
31
0
0
0
0
0
0
0
0
0
0
0
0
0
0
1270
0
0
0
0
0
0
0
0
0
0
0
0
0
0
0
0
0
0
0
0
0
0
0
0
0
0
0
0
0
0
0
0
0
0
0
0
0
0
0
0
0
0
0
0
0
0
0
0
0
0
0
1550
33
0
0
0
0
0
0
29
0
0
0
0
0
0
0
0
0
0
0
0
0
0
1550
0
0
0
0
0
0
0
0
0
0
0
0
0
0
0
0
0
0
0
0
0
0
0
0
0
0
0
0
0
0
0
0
0
0
0
0
0
0
0
0
0
0
0
0
0
0
0
0
0
0
0
0
0
0
0
30
0
0
0
0
0
0
0
0
0
0
0
0
0
0
0
0
0
0
0
0
0
0
0
0
0
0
0
0
0
0
0
0
0
0
0
0
0
0
0
0
0
0
0
0
0
0
0
0
0
0
0
0
0
0
0
0
0
0
0
0
0
0
0
0
0
0
0
0
0
0
0
0
0
0
0
0
4
0
0
0
0
0
0
9
0
0
0
0
0
2
0
19
121
0
0
0
8
0
57
363
0
0
17
111
725
0
53
335
2173
668
2003
