788
57680
746
950
976
7007
2716
9
171319
2071
8
112995
3
204
6
204
0
59
0
0
179
44
2
171
6812
56
67
6390
1258
59
13
1244
0
45
0
0
57680
46
788
57680
57680
44
751
54929
2
611
9897
9
6
614
614
9
29
1897
6
28
1041
3
13
492
606
13
28
603
16585
13
774
16278
0
0
774
0
3
305
106
6
2
217
197
68
6638
217
6625
2
163
5
28
163
580
1581
47411
2114
0
44
0
27
0
0
2029
0
0
0
2
35341
28
788
1000743
805
35341
1000743
0
0
0
748
0
0
0
0
208
16585
13
12323
9
788
259092
208
16585
12323
259092
117
15562
12
6611
5
722
138212
114
15105
6417
134154
6107
1254
58
1356
63
13
127930
5994
1231
1331
125560
6812
0
44
0
53
0
0
5061
0
0
0
180
10691
8
16585
13
788
224782
180
10691
16585
224782
0
57680
43
0
0
739
7
0
54048
0
6
0
57680
45
0
0
764
7
0
55908
0
7
197
105
85
333
272
144
10196
8317
4423
14051
428969
738
56754
45
12599
10
784
912089
738
56754
12599
912089
1153
57680
44
19593
14
747
1432569
1093
54676
18572
1357950
4
26
34422
768
1361
1736555
33518
1690911
0
0
0
717
0
0
0
0
1
158
1
13
72
506
378
21304
468
10
12681
28
36195
783
465
581843
12594
35945
577831
0
68
87619
0
0
761
0
0
84555
0
0
459
0
27049
0
16508
17
10
568680
611
373
12849
0
175
113
85
0
0
0
318
241
155
0
0
0
9714
7362
4755
0
0
0
13379
0
0
0
408467
0
0
0
964
0
59
0
0
0
0
10
0
0
0
0
0
964
0
0
0
0
0
0
0
0
0
0
0
10
74536
1261
46
137
2
0
16585
616
10
13036
220
8
1567039
58278
986
2900
107
1
12967
274081
10193
172
1225225
2268
214296
389
0
10520
8
0
35109
28
0
0
763
0
475836
382
1
0
10343
4
0
34518
0
61
0
467830
1
4
60
0
180
10691
7
0
0
0
16585
11
698
0
0
0
224782
160
9469
0
0
0
14688
0
0
0
199077
0
0
1277
2066
72578
59
465
16359
13
26464
21
758
44006
1545532
1261
2500146
2040
71667
563555
459
16154
26132
53239729
43454
1526138
2468774
556484
52571676
0
6812
73561
56
0
0
0
88407
68
738
0
0
0
8352984
6458
69739
0
0
0
83814
0
0
0
7919004
0
0
166
0
2
13
16894
788
77
279
347058
747
928920
16894
22822
28352789
347058
928920
28352789
147
0
0
0
0
753
0
0
0
0
0
0
0
0
0
0
0
1
28
3309
35446
70
758
87707
462
54372
582424
3247
34789
4024997
86082
53365
571635
65122399
3950436
63916038
1
29
612
36203
13
788
16585
471
9912
594858
612
36203
761125
16585
9912
594858
12314627
761125
12314627
1
28
0
36203
0
784
0
468
0
594858
0
35995
4
0
0
591455
75
4
75
5
728
607
35907
26
336
19889
14
16585
12
721
40067
32900
1974332
1452
15320
905284
666
754906
555
32820
418148
307
18179
15159
829473
49013996
36622
40872211
30071
1804586
19032526
14003
827451
690002
382197
1046488786
758157
44799945
37358162
17396177
956515373
0
0
0
0
0
459
27175
20
16585
12
735
0
0
0
0
0
0
0
0
0
0
571327
428
25326
15457
0
0
0
0
0
0
0
0
0
0
532458
0
0
0
0
0
0
2
166
85
5
2
36203
28
229
767
166
85
743872
582
7007
229
1990597
1559
1025125
803
35242
7007
60770304
47618
31295719
24522
724128
83747159
65623
1937764
997917
2556689824
2003395
59157393
30465097
81524418
2488832488
0
148
68
0
0
0
0
163
742
0
0
0
0
4990
0
0
0
0
0
0
0
0
0
0
0
0
0
0
0
0
0
0
0
0
0
0
0
7
4
0
0
0
0
229
788
0
0
0
0
336
0
0
0
0
0
0
0
0
0
0
0
0
0
0
0
0
0
0
0
0
0
0
0
115
0
0
0
7012
5
0
710
22
0
111507
80
0
0
344090
249
16
0
6314
0
8129069
5891
378
0
100403
1166
0
309827
14
27568
19
7319616
340
1050
24822
0
194
109
1256
59
0
0
341
13
0
0
0
0
10437
1719069
82065
965739
46102
1256
0
0
0
0
0
0
0
92192434
4401088
1719069
965739
0
0
0
0
92192434
0
0
153
20
976
44
0
0
83
12
0
0
0
0
1973
1356283
62278
180432
8285
942
0
0
0
0
0
0
0
17497325
803455
1309338
174187
0
0
0
0
16891695
0
1
197
33
0
58
6
1
106
0
189
32
0
801
3247
10
81082
1
13734
0
101
3111
10
77700
1
13162
0
176
1331932
10
1
168
1276376
10
1
171
164
0
138
12
974
44
0
0
46
12
1
0
187
8
1104
1227703
55793
111330
5059
930
0
14
16492
749
1495
67
179
9791659
444984
1172986
106368
131535
5977
15757
1428
9355260
125673
2
166
114
85
74536
5
3
2
307
229
158
166
114
85
1067951
9383
7003
87245847
4829
60166552
44904403
307
229
158
12924
9383
7003
87245847
4829
60166552
44904403
394556
4915279602
3668445136
2529836116
12924
394556
4915279602
3668445136
2529836116
206673830892
206673830892
0
118
88
66
57680
2
1
1
282
210
158
53
40
30
373844
6662
4972
61945171
3737
46560257
34749549
127
95
71
11857
3013
2249
28021194
1690
21061754
15719124
280137
3489883433
2604622106
1957729276
5363
126721
1578665438
1178213248
885588188
146739888060
66378489161
0
166
114
68
74187
0
0
0
307
183
126
0
0
0
0
9383
5597
86831397
3860
59880738
35721733
0
0
0
10330
0
0
0
0
0
0
315349
4891930183
2918271089
2012500481
0
0
0
0
0
164410327335
0
2
166
34
8
74536
5
1
0
93
23
4
166
34
8
1067951
2846
719
87245847
150
18252361
4614170
93
23
4
402
2846
719
87245847
150
18252361
4614170
12299
1491118505
376952589
78860771
402
12299
1491118505
376952589
78860771
6442495521
6442495521
1
128
0
66
56386
5
0
2
1
229
0
128
0
66
806139
24
5422
66001405
12
156580
33989651
1
229
0
44
24
5410
65857239
12
156238
33915408
1050
12791763
2776769410
6587550
44
1048
12763822
2770704141
6573161
538166975
536991462
0
166
107
0
74536
2
1
0
288
1
0
75
48
0
482098
8820
46
87245847
29
56553087
296645
130
0
0
80
3981
20
39384841
13
25529402
133912
2449
4620079248
24234344
15708793
36
1105
2085613154
10939956
7091321
1283322868
579322325
0
114
85
0
0
1473
1
158
788
4
3
30277
24
4832
6
55874
44
41725
33
1473
196
1705783
1373
1273816
1025
30277
2350728
1892
55874
41725
71764635
56882
1705783
1273816
2350728
71764635
0
88
66
0
0
2975
2
158
756
7
5
47299
36
3739
13
112807
87
84240
65
2853
307
2664788
2057
1989967
1536
45367
4745952
3664
108198
80798
112111294
85231
2555923
1908670
4552065
107531196
0
34
68
0
0
7637
5
38
726
7
14
156935
116
1171
8
87857
65
172796
128
7031
247
2682178
1987
5275236
3909
144486
2953258
2188
80888
159089
90159055
65793
2469423
4856795
2719000
83007479
0
114
8
0
0
0
0
16
772
0
0
0
0
496
0
0
0
0
0
0
0
0
0
0
0
0
0
0
0
0
0
0
0
0
0
0
0
114
0
0
0
0
0
0
788
0
0
0
0
0
0
0
0
0
0
0
0
0
0
0
0
0
0
0
0
0
0
0
0
0
0
0
0
88
66
0
0
0
0
158
764
0
0
0
0
3739
0
0
0
0
0
0
0
0
0
0
0
0
0
0
0
0
0
0
0
0
0
0
524
59
5
519
0
46
0
0
6776
58
70
6650
6812
59
71
6745
1260
59
13
1248
1260
54
12
1145
66
45
1
2
27629
66
656
27629
74292
59
782
73693
57680
46
788
57680
3280
70
28
3209
0
61
0
0
3211
71
28
3197
3
26
1012
311
13
14
311
612
12
28
591
114
85
2
158
3
2
4832
114
85
158
4832
88
52
1
126
3
2
2966
88
52
126
2966
0
1261
59
0
0
13
0
0
1255
0
0
532
1261
58
118
5
12
11205
517
1225
115
10883
994
976
45
285
13
13
20904
969
951
278
20383
0
85
1
12
38
261
359
10981
1
66
2
27
62
433
771
18232
0
7010
5
788
198508
159
7010
198508
284
16585
13
16810
13
780
353429
281
16403
16626
349547
6745
1261
58
1500
69
12
141805
6556
1226
1459
137852
5272
976
46
1515
71
13
110842
5259
973
1512
110572
2037
1243
54
459
20
12
42844
1866
1139
421
39240
18
10413
8
1665
1
771
22482
18
10413
1665
22482
180
10691
8
16585
13
788
224782
180
10691
16585
224782
135
88
66
1
323
241
5
158
3
2
7649
5711
135
3739
88
66
13620
323
241
158
321778
7649
5711
3739
13620
321778
144
88
66
1
344
257
6
158
3
2
8140
6079
144
3739
88
66
14497
344
257
158
342491
8140
6079
3739
14497
342491
179
104
85
2
300
247
5
143
3
2
9173
7556
179
4380
104
85
12642
300
247
143
385959
9173
7556
4380
12642
385959
171
114
85
2
317
236
5
158
3
2
9682
7226
171
4829
114
85
13335
317
236
158
407105
9682
7226
4829
13335
407105
6809
74501
58
89579
69
763
8459810
6590
72100
86692
8187133
1973
73962
55
25752
19
721
2433160
1819
68174
23737
2242752
6709
72062
58
87946
71
765
8182841
6632
71235
86936
8088899
322
3575
2
88339
70
783
400414
320
3552
87776
397862
1
126
1
13
59
501
299
16869
0
149
0
2
13
88
69
3704
334
16
20512
12
15990
781
331
415791
20308
15831
411646
3234
71
89579
28
35383
785
3219
4017815
89173
35222
3999581
0
19
25408
0
0
760
0
0
24604
0
0
1712
71
89300
15
18797
788
1712
2127780
89300
18797
2127780
0
72
89579
0
0
788
0
0
89579
0
0
1515
70
89579
13
16576
775
1489
1882262
88092
16301
1851013
214
8
12623
11
16509
673
184
265387
10823
14156
227558
1515
72
89579
13
16585
788
1515
1883307
89579
16585
1883307
0
128
88
53
0
0
0
306
182
126
0
0
0
7234
4316
2987
0
0
0
10293
0
0
0
243187
0
0
0
175
113
85
0
0
0
318
241
155
0
0
0
9714
7362
4755
0
0
0
13379
0
0
0
408467
0
0
0
197
114
68
0
0
0
364
217
126
17
10
6
11138
6645
3861
32
19
11
12264
981
585
340
374418
1080
32982
2
152
114
58
4
3
281
151
114
820
8600
62351
46817
280
8549
61978
46537
3509200
3488192
24
324
0
2
621
0
5
0
67
0
2816
0
23
0
304
0
0
581
0
0
0
2637
0
0
0
0
249
2004
0
56
88
0
2
0
19
0
8321
0
232
0
1874
0
0
82
0
0
1
7782
0
0
0
1
6812
73194
0
55
87966
0
66
0
711
0
8311329
0
6256
9
67219
0
11
80786
0
0
1068
7632891
0
8
10
981
0
5146
57680
23
0
0
0
87444
35
395
0
0
0
6393584
2576
28881
0
0
0
43785
0
0
0
3201407
0
0
0
5272
57680
46
0
0
0
89579
72
788
0
0
0
6549724
5272
57680
0
0
0
89579
0
0
0
6549724
0
0
0
6663
72901
57
0
0
0
89579
70
769
0
0
0
8278065
6500
71114
0
0
0
87383
0
0
0
8075121
0
0
133
0
0
0
0
788
0
0
0
0
0
0
0
0
0
0
0
1
28
607
35803
13
786
16537
467
9831
588290
607
35803
752722
16537
9831
588290
12178672
752722
12178672
1
150
85
4
2
33357
27
207
772
141
80
685411
563
6341
195
1659860
1363
944560
776
33357
5964
50673345
41636
28836195
23693
685411
69832607
57378
1659860
944560
2131896983
1751704
50673345
28836195
69832607
2131896983
0
113
88
65
57086
46
0
0
0
271
199
155
780
0
0
0
0
0
6405
4712
58943250
47940
3683
46080375
37478
33897550
27570
57086
0
0
0
11236
0
0
0
0
0
0
0
0
0
0
265470
3320760395
2700896
2442810876
1970563
58943250
1909729127
1540537
46080375
33897550
0
0
0
0
0
0
0
0
0
0
0
137623724275
111934430
3320760395
2442810876
1909729127
0
0
0
0
0
137623724275
0
2
152
114
85
74536
59
4
3
2
282
210
158
788
150
113
84
1051870
846
8609
6429
80047396
64434
4832
60166552
48431
44930194
36166
74536
277
207
155
11864
8479
6332
78842044
63464
4759
59260565
47702
44253636
35622
1051870
362210
4509731380
3630125
3367703483
2688654
80047396
2531289160
2020890
60166552
44930194
11685
356756
4441823904
3575463
3316992648
2648168
78842044
2493173041
1990460
59260565
44253636
189730568212
152724365
4509731380
3367703483
2531289160
186873607807
150424644
4441823904
3316992648
2493173041
189730568212
186873607807
0
125
88
66
57680
46
0
0
0
300
224
158
788
11
8
5
74492
59
7089
5296
65952817
53088
3737
46533425
37457
34767800
27986
57680
27
20
14
12624
639
477
5944783
4785
336
4194379
3376
3133862
2522
74492
298246
3713525944
2989217
2774588991
2215132
65952817
1957628724
1562900
46533425
34767800
1137
26883
334725755
269438
250092879
199665
5944783
176454604
140875
4194379
3133862
156225444472
125754284
3713525944
2774588991
1957628724
14081678895
11335102
334725755
250092879
176454604
156225444472
14081678895
0
152
114
68
70968
59
0
0
0
282
168
126
753
0
0
0
0
0
8579
5115
76212586
64228
3845
57284168
48276
34158860
28787
70968
0
0
0
9474
0
0
0
0
0
0
0
0
0
0
288224
4293684825
3618541
2560347580
2140065
76212586
1924450923
1608551
57284168
34158860
0
0
0
0
0
0
0
0
0
0
0
144245538147
121564208
4293684825
2560347580
1924450923
0
0
0
0
0
144245538147
0
0
114
85
0
0
7017
5
158
779
22
16
144190
114
4832
30
266091
211
198707
158
6935
936
8123424
6462
6066277
4826
142513
11194837
8906
262996
196396
341763568
267739
8028944
5995723
11064635
337788662
0
189
26
85
0
0
0
2
80
261
36
17
2
7
53
2449
7988
1106
7
23
161
3
22
74
3375
220
718
5014
99
694
2264
103061
303
2118
6909
957
9266
63698
210947
28771
87777
2721421
2
189
111
85
6
3
2
28
339
261
153
188
110
85
593
10349
7980
4680
336
259
1780
151
1060
817
14262
10258
7909
55215
4638
32383
24968
435427
14136
98686
76091
44627
431577
2966625
2322975
1341540
4088287
126751382
