718
178469
11436
14778
0
18712
12829
30
1604701
9703
27
1113575
153
131636
270
131567
0
185
0
0
1682
140
6
1637
104395
181
316
101788
0
183
0
0
0
142
0
0
178469
144
718
178469
178469
139
695
172769
7
0
0
30
270
26087
26087
30
40
4626
256
38
39941
58
0
11031
0
0
42
0
0
0
774
0
0
0
774
0
153
14811
23858
30
48
4734
14798
23838
2303691
4730
2301701
150
12255
25
42
12255
24609
4193
2002931
10668
0
152
0
40
0
0
10238
0
0
0
60
51948
41
788
12193632
9949
51948
12193632
0
0
0
754
0
0
0
0
0
0
0
18579
14
788
0
0
0
18579
0
0
0
0
18872
15
721
0
0
0
18327
0
106231
0
203
0
324
0
0
105056
0
0
0
118307
0
160
0
285
0
0
92501
0
0
0
0
36639
29
0
0
788
0
0
36639
0
0
0
197663
149
0
0
741
0
0
185816
0
0
0
197663
154
0
0
764
0
0
191590
0
0
14830
120713
29899
23922
5925
48230
11655540
2886957
23498790
4656946
2268941804
12960
196498
159
63882
51
784
16006283
12960
196498
63882
16006283
20964
197663
154
103945
81
766
26044639
20366
192026
100981
25301894
22
39
50736
770
3641
4568331
49568
4463087
0
0
0
739
0
0
0
0
124
52595
28
19
24199
20614
4682
4012875
3483
51
64261
42
53123
783
3459
4327323
63818
52757
4297491
0
350
443912
0
0
773
0
0
435238
0
0
0
2
137197
0
0
18
0
0
3147
0
0
0
13606
129511
29899
0
0
0
23548
5436
51746
0
0
0
11473327
2648761
25211581
0
0
0
4584144
0
0
0
2233471235
0
0
0
16748
0
205
0
0
0
0
51
0
0
0
0
0
16748
0
0
0
0
0
0
0
0
0
0
0
182
255427
0
160
699
0
0
0
616
0
226384
0
142
0
199711
0
0
546
0
0
0
177003
0
0
0
0
1958
0
36037
29
0
51532
41
0
0
766
0
2393403
1933
0
0
35577
0
0
50874
0
0
0
2362837
0
0
0
0
0
36639
26
0
0
0
0
0
707
0
0
0
0
0
32876
0
0
0
0
0
0
0
0
0
0
6436
35890
248869
203
3470
24062
19
134170
109
758
1123556
7790973
6355
43441920
35439
245746
4200273
3426
23760
132487
1359967894
1109457
7693211
42896810
4147568
1342902991
0
118307
252202
197
0
0
0
448200
350
746
0
0
0
145118591
113381
241701
0
0
0
429538
0
0
0
139076328
0
0
12500
71
11
19
24794
788
5833
11885
14566020
1985
2433206
24794
967349
1201745313
14566020
2433206
1201745313
11469
0
0
0
0
752
0
0
0
0
0
0
0
0
0
0
0
7
41
24609
52007
358
757
444323
1235
724420
1530933
24153
51043
29925089
436092
711001
1502574
880905790
29370743
864587483
7
42
0
53131
0
788
0
1258
0
1564035
0
53131
0
0
0
1564035
0
0
0
7
42
0
53131
0
786
0
1255
0
1564035
0
52976
0
0
0
1559458
0
0
0
25
5588
0
52686
38
0
103945
76
0
0
721
548391
0
5170458
3856
0
6942068
5108
0
0
48164
0
0
95024
0
0
681271031
501324
0
0
4726690
0
0
6346247
0
0
0
0
622799187
0
0
0
0
0
0
0
0
0
137706
105
0
0
751
0
0
0
0
0
0
0
0
0
0
0
0
131098
0
0
0
0
0
0
0
0
0
0
0
0
0
0
0
0
0
0
153
12500
29899
25
61
53131
41
4994
772
12500
29899
31213727
24930
2433451
4994
5214152
4164
12471380
9960
52006
2433451
2575236579
2029045
6159534986
4853138
30552681
1028930463
810701
5103727
12207260
501311985816
394987016
2520698145
6029088178
1007139744
490695186308
0
11468
23887
0
0
0
0
3661
740
0
0
0
0
1783724
0
0
0
0
0
0
0
0
0
0
0
0
0
0
0
0
0
0
0
0
0
0
0
599
1434
0
0
0
0
4994
788
0
0
0
0
116740
0
0
0
0
0
0
0
0
0
0
0
0
0
0
0
0
0
0
0
0
0
0
44
8875
0
8
0
19992
14
0
714
3339
0
9089164
6720
58
0
1800131
1331
159
0
18116
22
688015045
501851
61089
44
8236260
12098
8
1631211
144
4561715
3327
623453465
55356
10963
4133655
0
14601
125238
0
205
0
0
24437
0
0
0
0
0
11906238
0
3447467
0
29568555
0
0
0
0
0
0
0
0
0
2811037473
0
0
0
0
0
0
0
0
0
11476
23326
0
156
0
0
5973
0
0
0
0
0
2252332
0
2659384
0
5405380
0
0
0
0
0
0
0
0
0
521920228
0
0
0
0
0
0
0
0
148
14830
39933
0
200
29
79
7914
0
14354
38652
0
34201
3855834
0
3411789
0
9186991
0
7660
3732118
0
3302321
0
8892224
0
0
887056250
0
0
0
858594807
0
0
0
0
3
10433
14421
0
154
0
1
3357
0
299
413
0
782
1265881
0
2393863
0
3308772
0
96
36310
0
68665
0
94909
0
0
290444886
0
0
0
8331164
0
0
0
0
153
12500
131636
29899
255427
25
270
61
21989
4994
52595
12500
131636
29899
45049772
10713633
2433451
3666509064
25625218
38609810122
8769676169
21989
4994
52595
4280610
10713633
2433451
3666509064
25625218
38609810122
8769676169
2085584263
3142373674048
713746051529
7516032018413
4280610
2085584263
3142373674048
713746051529
7516032018413
611714511751391
611714511751391
53
8875
101867
23137
197663
10
122
27
20175
4582
52595
4017
46108
10472
15779711
7606756
1727767
2603247617
19830233
29878440496
6786468174
9131
2074
23806
3927427
3443068
782044
1178315740
8975817
13523967716
3071779348
1480779679
2231107747508
506764793274
5816327889750
1777683
670249726
1009872960121
229378461188
2632661855806
434321671449580
196588314697773
0
12500
131636
23888
254246
0
0
0
21989
3990
42022
0
0
0
0
10713633
1944274
3649565795
20473993
38431390702
6974401814
0
0
0
3420114
0
0
0
0
0
0
1666336527
3127852481463
567632334470
5977396010000
0
0
0
0
0
486488066155650
0
153
12500
39933
3070
255427
25
81
6
6670
512
1638
12500
39933
3070
45049772
3250129
249906
3666509064
798337
11712821700
900614407
6670
512
1638
133359
3250129
249906
3666509064
798337
11712821700
900614407
64975097
953282661649
73299169190
234157364504
133359
64975097
953282661649
73299169190
234157364504
19057590168595
19057590168595
118
9673
350
23137
193557
25
0
61
75
4994
180
9653
349
23090
34068158
28521
1883141
2778401258
68218
100649967
6645470902
75
4984
180
14725
28463
1879302
2772737945
68079
100444808
6631925206
5552157
8191695481
540861318658
19593164884
14695
5540840
8174998061
539758862094
19553227450
1594647715947
1591397289672
69
12500
123703
197
255427
11
114
0
20664
32
326
5650
55913
89
20362440
10067961
16066
3666509064
158990
36282937131
57900647
9340
14
147
26558
4550705
7262
1657257470
71863
16399841803
26171019
12939943
2952994228601
4712415556
46632989134
12004
5848838
1334749665351
2130005885
21078052249
3795363844918
1715499669056
26
131636
29899
45
10
9005
7
52595
788
22310
5067
5290270
4316
25625218
8914
9305952
7593
2113716
1724
9005
4343099
4596150791
3699689
1043951108
840332
5290270
1836382568
1478203
9305952
2113716
894716042418
720205191
4596150791
1043951108
1836382568
894716042418
20
101867
23137
46
10
9214
7
52595
769
17666
4012
4189024
3334
19830233
9121
9522163
7580
2162825
1721
8989
3439021
3639395787
2858205
826637644
649201
4087012
1879048253
1475713
9290278
2110156
708468008037
556396468
3550768728
806507252
1833289415
691215299079
69
39933
23888
37
22
24015
18
12748
738
18050
10797
14108720
10774
6211069
5762
7528951
5749
4503928
3439
22475
2807426
3718501159
2801269
2224461630
1675760
13203943
1187057584
894249
7046127
4215096
578354141893
435693294
3480037500
2081809191
1110932801
541264884989
0
131636
3070
0
0
0
0
5401
774
0
0
0
0
2631618
0
0
0
0
0
0
0
0
0
0
0
0
0
0
0
0
0
0
0
0
0
0
0
131636
1
0
0
0
0
1
788
0
0
0
0
874
0
0
0
0
0
0
0
0
0
0
0
0
0
0
0
0
0
0
0
0
0
0
0
101867
23137
0
0
0
0
52595
764
0
0
0
0
19830233
0
0
0
0
0
0
0
0
0
0
0
0
0
0
0
0
0
0
0
0
0
0
5210
203
15
5154
0
159
0
0
117764
202
361
116394
118307
203
362
117251
0
203
0
0
0
187
0
0
23137
157
118
61
5392756
23137
27702
5392756
254633
203
782
252580
197663
159
788
197663
24506
358
41
24052
0
312
0
0
24128
361
42
24022
262
39
41370
0
0
21
0
0
0
41
0
131636
29899
153
52595
270
61
25625218
131636
29899
52595
25625218
101612
18486
118
41917
269
49
15804261
101612
18486
41917
15804261
0
0
204
0
0
0
0
0
0
0
0
5219
0
199
0
15
0
0
5065
0
0
0
5000
0
155
0
19
0
0
4876
0
0
0
68
29899
27
18
13314
11125
4445
2165791
114
23137
59
41
22346
19036
9828
3705670
23
20025
16
788
4700409
3835
20025
4700409
0
0
0
24672
19
780
0
0
0
24401
0
117184
0
201
0
355
0
0
114975
0
0
0
91552
0
158
0
364
0
0
91330
0
0
0
35408
0
192
0
105
0
0
33682
0
0
0
0
35880
29
0
0
772
0
0
35880
0
0
0
36639
29
0
0
788
0
0
36639
0
0
10174
101867
23091
118
23126
5242
26
52489
270
61
8719605
1976575
10174
19790580
101867
23091
4492997
23126
5242
52489
1694019913
8719605
1976575
19790580
4492997
1694019913
10808
101867
23137
118
24569
5580
28
52595
270
61
9263584
2104093
10808
19830233
101867
23137
4782860
24569
5580
52595
1803308449
9263584
2104093
19830233
4782860
1803308449
13606
119662
29899
153
21757
5436
27
47810
245
61
10600787
2648761
13606
23294254
119662
29899
4235522
21757
5436
47810
2063616975
10600787
2648761
23294254
4235522
2063616975
13606
131636
29899
153
23935
5436
27
52595
270
61
11661566
2648761
13606
25625218
131636
29899
4659354
23935
5436
52595
2270115009
11661566
2648761
25625218
4659354
2270115009
118307
255427
201
453930
358
773
146973919
116045
250543
445251
144163808
35890
253453
191
136642
103
730
44242067
33490
236508
127506
41284182
116594
246993
201
445391
362
768
142121132
115822
245358
442442
141180115
5607
12253
9
448508
358
783
6966627
5572
12175
445650
6922226
126
42022
22
19
19609
20348
3692
3164931
45
49711
10
7
8729
7144
1693
1381114
2489
82
103945
18
23468
781
2464
3092315
102909
23234
3061488
24306
363
453930
42
52478
785
24213
30196240
452185
52276
30080168
0
108
137162
0
0
768
0
0
134152
0
0
12749
364
452927
22
27586
788
12749
15838325
452927
27586
15838325
0
365
453930
0
0
788
0
0
453930
0
0
0
361
453930
0
0
780
0
0
449225
0
0
0
47
63963
0
0
718
0
0
58562
0
0
0
365
453930
0
0
788
0
0
453930
0
0
0
10506
101867
18486
0
0
0
23883
4334
42022
0
0
0
9004884
1634176
15843925
0
0
0
3714683
0
0
0
1400567605
0
0
0
13606
129511
29899
0
0
0
23548
5436
51746
0
0
0
11473327
2648761
25211581
0
0
0
4584144
0
0
0
2233471235
0
0
26
14830
131636
23888
5
46
8
26087
4734
42022
2576
22866
4149
12710260
2306616
20473993
4531
822
7299
4057498
2207869
400676
3556488
1976880396
704818
343399203
152
11469
131474
201
23
268
20150
11399
130680
35363
9817584
2656758
30455092
20028
9758290
2640712
30271157
2274167969
2260433007
250
5645
0
9
9226
0
15
0
341
0
143309
0
235
0
5310
0
0
8678
0
0
0
134808
0
0
0
0
2434
35890
0
192
1312
0
7
0
103
0
424935
0
2276
0
33566
0
0
1227
0
0
0
397421
0
0
0
0
118307
250849
0
196
445795
0
349
0
740
0
144340024
0
113131
0
239876
0
0
426294
0
0
0
138025951
0
0
0
0
0
89535
197663
79
0
0
0
443926
178
395
0
0
0
111230016
44846
99005
0
0
0
222353
0
0
0
55712931
0
0
0
91552
197663
159
0
0
0
453930
365
788
0
0
0
113736675
91552
197663
0
0
0
453930
0
0
0
113736675
0
0
0
115837
250094
197
0
0
0
453930
358
774
0
0
0
143905516
113682
245443
0
0
0
445487
0
0
0
141229034
0
0
10931
0
0
0
0
788
0
0
0
0
0
0
0
0
0
0
0
7
42
0
52541
0
786
0
1248
0
1546656
0
52541
0
0
0
1546656
0
0
0
144
11316
29899
21
57
49043
40
4521
771
10679
28217
28811822
24037
2202863
4267
4356860
3634
11511704
9604
49043
2078966
2151825592
1770977
5685557104
4679279
28811822
859757476
707590
4356860
11511704
418888101175
344749740
2151825592
5685557104
859757476
418888101175
0
8875
101867
22920
195871
159
0
0
0
20175
4539
52101
781
0
0
0
0
0
7606756
1711562
2579644238
2095494
19644239
29607535745
24050767
6661860775
5411557
195871
0
0
0
3890590
0
0
0
0
0
0
0
0
0
0
1466891003
2210878522715
1795938940
497460006034
404096284
2579644238
5709533388132
4637963253
29607535745
6661860775
0
0
0
0
0
0
0
0
0
0
0
426347023643724
346329847716
2210878522715
497460006034
5709533388132
0
0
0
0
0
426347023643724
0
151
11469
131636
29899
255427
205
23
267
60
20175
4582
52595
788
11339
130145
29560
44539621
35852
9829676
2232673
3363994055
2707860
25625218
38609810122
31079118
8769676169
7059185
255427
19946
4530
51999
3927427
9718364
2207389
3325899631
2677195
25335034
38172586261
30727173
8670366909
6979245
44539621
1913507628
2883103838825
2320765754
654856549399
527129350
3363994055
7516032018413
6050059481
38609810122
8769676169
3882952
1891838752
2850455095181
2294485020
647440845768
521160050
3325899631
7430919231533
5981547609
38172586261
8670366909
561243391153825
451775071200
2883103838825
654856549399
7516032018413
554887778375436
446659095741
2850455095181
647440845768
7430919231533
561243391153825
554887778375436
20
9447
101867
23121
197663
159
4
47
10
21474
4874
52558
788
1661
17917
4066
6131950
4935
8096647
1837761
2770902365
2230448
19816451
29878440496
24050767
6781751533
5458997
197663
3777
857
9244
4177456
1424134
323247
487379213
392317
3485552
5255374928
4230334
1192854994
960193
6131950
1575049645
2374795886774
1911601272
539026648629
433891617
2770902365
5812285503143
4678622035
29878440496
6781751533
734780
277038435
417707301838
336235132
94810408031
76318010
487379213
1022333796581
822931603
5255374928
1192854994
461971624894706
371865873200
2374795886774
539026648629
5812285503143
81257055410628
65408185775
417707301838
94810408031
1022333796581
461971624894706
81257055410628
0
11429
131175
23805
243172
204
0
0
0
20175
3661
42022
753
0
0
0
0
0
9795276
1777614
3202600815
2698383
20402340
36757439919
30970351
6670618756
5620397
243172
0
0
0
3137928
0
0
0
0
0
0
0
0
0
0
1523500566
2744782111069
2312643832
498113989247
419690962
3202600815
5717039396545
4816949165
36757439919
6670618756
0
0
0
0
0
0
0
0
0
0
0
426907518543879
359695232526
2744782111069
498113989247
5717039396545
0
0
0
0
0
426907518543879
0
57
131636
29899
101
23
20026
15
52595
779
49616
11269
11765112
9488
25625218
19824
20695651
16690
4700726
3791
19793
9658685
10221450138
8132102
2321658858
1847092
11628278
4083959319
3249164
20454950
4646054
1989772709806
1583047034
10102569337
2294656754
4036460740
1966630614534
27
14251
30143
29878
5
10
10
7
5740
5690
12035
2506
5302
5255
4479
2797015
2772431
5863858
1009
1000
841
2116
1804
1788
1116764
491972
487648
415694
1031405
879218
871490
544106376
196429
167446
165974
351045
95703890
81582502
80865469
171035284
32573465
15870332794
152
14230
127450
29899
29
260
61
42
24236
5685
50922
14157
126796
29745
25339
11808391
2770199
24810364
24112
5656
4753
50661
43156
10124
4718018
11747771
2755978
2347693
24682997
21026325
4932688
2298696917
4693797
3998433
938015
8401025
2286896224
1948103164
457016908
4093118775
778360600
379230193292
