788
197663
12960
16748
0
18788
12916
26
1608798
9809
24
1120971
137
121619
246
121555
0
205
0
0
1698
154
6
1653
118307
200
356
115511
0
202
0
0
0
156
0
0
197663
159
788
197663
197663
154
763
191350
6
0
0
27
246
23893
23893
27
40
5057
233
38
43711
7
0
1317
0
0
39
0
0
0
774
0
0
0
774
0
137
13356
3020
30
7
756
14916
3840
372829
755
372507
151
12375
25
39
12375
25006
4214
2043971
10021
0
152
0
38
0
0
9617
0
0
0
9
48819
39
788
1984287
1597
48819
1984287
0
0
0
754
0
0
0
0
0
0
0
17460
14
788
0
0
0
17460
0
0
0
0
17740
14
722
0
0
0
17226
0
106054
0
202
0
324
0
0
104768
0
0
0
118307
0
195
0
347
0
0
112483
0
0
0
0
36639
29
0
0
788
0
0
36639
0
0
0
197663
149
0
0
741
0
0
185679
0
0
0
197663
154
0
0
764
0
0
191590
0
0
14958
124524
4820
24443
946
7877
12076948
467555
3892261
764032
377489155
12960
196394
159
63848
51
783
15997814
12960
196394
63848
15997814
20964
197663
154
103945
81
767
26044639
20393
192281
101115
25335476
22
37
47680
770
3656
4649790
46582
4542669
0
0
0
739
0
0
0
0
126
8605
4
18
3959
21208
751
662909
3273
51
64261
39
49923
783
3250
4066664
63818
49579
4038628
0
350
443929
0
0
774
0
0
435947
0
0
0
2
137107
0
0
18
0
0
3145
0
0
0
13724
133801
4820
0
0
0
24097
868
8464
0
0
0
11905991
428978
4182230
0
0
0
753216
0
0
0
372145572
0
0
0
16748
0
205
0
0
0
0
51
0
0
0
0
0
16748
0
0
0
0
0
0
0
0
0
0
0
182
255427
0
160
699
0
0
0
616
0
226384
0
142
0
199711
0
0
546
0
0
0
177003
0
0
0
0
1840
0
35983
29
0
48356
39
0
0
764
0
2245884
1815
0
0
35493
0
0
47698
0
0
0
2215308
0
0
0
0
0
36639
26
0
0
0
0
0
707
0
0
0
0
0
32866
0
0
0
0
0
0
0
0
0
0
6047
35876
248792
202
3261
22616
18
134179
109
759
1055558
7319930
5971
43428508
35426
245671
3947796
3220
22332
132495
1277744149
1042313
7228079
42883567
3898259
1261710992
0
118307
251732
197
0
0
0
447364
350
745
0
0
0
144848021
113381
241251
0
0
0
428737
0
0
0
138817024
0
0
12606
71
11
18
23300
788
5883
12050
14970173
1993
2476593
23300
984960
1223622865
14970173
2476593
1223622865
11566
0
0
0
0
753
0
0
0
0
0
0
0
0
0
0
0
7
39
23126
48817
358
757
443805
1235
734185
1549764
22698
47913
28089788
435584
720585
1521055
879479819
27569440
863187928
7
40
0
49931
0
788
0
1258
0
1585119
0
49931
0
0
0
1585119
0
0
0
7
40
0
49931
0
785
0
1253
0
1585119
0
49724
0
0
0
1578554
0
0
0
25
5251
0
49512
36
0
103945
76
0
0
720
558170
0
5262654
3870
0
6523908
4797
0
0
45236
0
0
94967
0
0
683884639
509959
0
0
4808101
0
0
5960417
0
0
0
0
624815304
0
0
0
0
0
0
0
0
0
137706
105
0
0
750
0
0
0
0
0
0
0
0
0
0
0
0
131043
0
0
0
0
0
0
0
0
0
0
0
0
0
0
0
0
0
0
154
12606
4820
25
9
49931
39
797
772
12606
4820
32079792
25282
394050
797
5307127
4182
2029485
1599
48887
394050
2622118305
2066560
1002718040
790268
31409157
165884870
130738
5196180
1987059
81959549828
64594467
2567302346
981755998
162417011
80246167425
0
11562
3850
0
0
0
0
584
740
0
0
0
0
288760
0
0
0
0
0
0
0
0
0
0
0
0
0
0
0
0
0
0
0
0
0
0
0
604
231
0
0
0
0
797
788
0
0
0
0
18903
0
0
0
0
0
0
0
0
0
0
0
0
0
0
0
0
0
0
0
0
0
0
44
8950
0
8
0
18788
13
0
715
3368
0
9341355
6816
0
0
1832230
1336
0
0
17031
0
700540229
511183
0
0
8468029
0
0
1660934
0
0
0
635046545
0
0
0
0
14736
129405
0
205
0
0
25024
0
0
0
0
0
12363842
0
3435192
0
30166291
0
0
0
0
0
0
0
0
0
2882182015
0
0
0
0
0
0
0
0
0
11575
24104
0
156
0
0
6114
0
0
0
0
0
2337802
0
2648462
0
5515090
0
0
0
0
0
0
0
0
0
534878521
0
0
0
0
0
0
0
0
149
14956
41261
0
200
29
80
8100
0
14476
39937
0
33911
4001692
0
3397906
0
9373811
0
7840
3873297
0
3288883
0
9073050
0
0
909114752
0
0
0
879945616
0
0
0
0
3
10506
14902
0
154
0
1
3431
0
301
427
0
775
1311834
0
2379585
0
3374981
0
98
37628
0
68256
0
96808
0
0
297100874
0
0
0
8522085
0
0
0
0
154
12606
136027
4820
255427
25
275
9
22503
797
8605
12606
136027
4820
44666365
11118543
394050
3650911869
4251815
39393455245
1396136545
22503
797
8605
703400
11118543
394050
3650911869
4251815
39393455245
1396136545
347532309
3219917992211
114116549433
1231321199741
703400
347532309
3219917992211
114116549433
1231321199741
100644974158718
100644974158718
54
8950
105265
3730
197663
10
124
4
20647
731
8605
4050
47633
1688
15640947
7894244
279778
2592173434
3290293
30484868988
1080408900
9342
331
3894
645364
3572175
126600
1172968224
1488870
13794517826
488889089
246750408
2286164711463
81023563003
952865526081
292029
111655487
1034498126834
36663466869
431175232875
71458648594275
32335307139610
0
12606
136027
3851
254262
0
0
0
22503
637
6875
0
0
0
0
11118543
314837
3634269118
3397108
39213879437
1110397854
0
0
0
562001
0
0
0
0
0
0
277670773
3205239935309
90761016241
979314253390
0
0
0
0
0
80046585526534
0
154
12606
41265
495
255427
25
83
1
6826
81
268
12606
41265
495
44666365
3372964
40467
3650911869
132462
11950551696
143378230
6826
81
268
21913
3372964
40467
3650911869
132462
11950551696
143378230
10827155
976806837188
11719361498
38361056211
21913
10827155
976806837188
11719361498
38361056211
3135532395541
3135532395541
119
9755
362
3730
193505
25
0
9
77
797
29
9735
361
3723
33769141
29599
304938
2765839159
11319
102665236
1057677990
77
795
29
2419
29538
304316
2760201333
11295
102455965
1055522042
925186
8391587890
86451832438
3209007215
2414
923300
8374482661
86275610911
3202466045
262295856127
261761197982
69
12606
127788
31
255427
11
116
0
21140
5
53
5698
57760
14
20189140
10445058
2601
3650911869
26371
37007269715
9217810
9555
2
24
4362
4721153
1175
1650207571
11919
16727239351
4166438
2155549
3024877428421
753439701
7637200585
1971
974305
1367240791936
340553797
3452005056
624244799605
282157864036
26
136027
4820
46
1
8462
6
8605
788
23055
817
5437187
4376
4251815
1458
9705657
7812
343976
276
8462
720638
4795321625
3860012
169950153
136802
5437187
303369724
244198
9705657
343976
149887364291
118993489
4795321625
169950153
303369724
149887364291
20
105265
3730
47
1
8660
6
8605
765
18258
647
4305863
3361
3290293
1492
9932319
7754
352009
274
8399
570693
3797551836
2964826
134588369
105075
4176233
310454501
242378
9633302
341412
118700074782
91397377
3683224991
130536531
301108142
115126560673
69
41265
3851
37
3
22571
16
2085
738
18654
1741
14501566
10921
1030560
942
7852889
5913
733000
552
21117
465861
3879915396
2921938
362157247
272738
13567279
196115417
147693
7346954
685775
96895703881
71968187
3629945629
338824686
183480367
90653042885
0
136027
495
0
0
0
0
883
774
0
0
0
0
436646
0
0
0
0
0
0
0
0
0
0
0
0
0
0
0
0
0
0
0
0
0
0
0
136027
0
0
0
0
0
0
788
0
0
0
0
0
0
0
0
0
0
0
0
0
0
0
0
0
0
0
0
0
0
0
0
0
0
0
0
105265
3730
0
0
0
0
8605
764
0
0
0
0
3290293
0
0
0
0
0
0
0
0
0
0
0
0
0
0
0
0
0
0
0
0
0
0
4896
203
14
4840
0
159
0
0
117563
201
361
116196
118307
203
362
117251
0
203
0
0
0
186
0
0
3730
157
119
9
858529
3730
27466
858529
254586
203
782
252534
197663
159
788
197663
23030
358
39
22595
0
311
0
0
22671
361
39
22571
267
37
42574
0
0
20
0
0
0
38
0
136027
4820
154
8605
275
9
4251815
136027
4820
8605
4251815
105098
2980
119
6864
274
7
2624702
105098
2980
6864
2624702
0
0
204
0
0
0
0
0
0
0
0
4905
0
199
0
14
0
0
4765
0
0
0
4699
0
155
0
18
0
0
4582
0
0
0
68
4820
4
17
2146
11279
713
352569
115
3730
9
38
3603
19299
1577
603250
3
18812
15
788
764655
615
18812
764655
0
0
0
23186
18
780
0
0
0
22931
0
117086
0
201
0
353
0
0
114580
0
0
0
91552
0
158
0
364
0
0
91330
0
0
0
35467
0
193
0
105
0
0
33735
0
0
0
0
35824
29
0
0
771
0
0
35824
0
0
0
36639
29
0
0
788
0
0
36639
0
0
10285
105265
3721
119
23726
838
26
8585
275
9
9071639
320743
10285
3282490
105265
3721
739858
23726
838
8585
282879778
9071639
320743
3282490
739858
282879778
10929
105265
3730
119
25210
893
28
8605
275
9
9639018
341614
10929
3290293
105265
3730
788001
25210
893
8605
301286802
9639018
341614
3290293
788001
301286802
13724
123759
4820
154
22289
868
27
7829
250
9
11012438
428978
13724
3868350
123759
4820
696687
22289
868
7829
344215769
11012438
428978
3868350
696687
344215769
13724
136027
4820
154
24498
868
27
8605
275
9
12104088
428978
13724
4251815
136027
4820
765749
24498
868
8605
378337497
12104088
428978
4251815
765749
378337497
118307
255427
200
453930
356
769
146973919
115440
249238
442932
143413015
35890
253383
191
136604
103
730
44229784
33479
236361
127427
41258466
116800
247724
201
445920
362
769
142541635
115957
245936
442702
141513005
5607
12253
9
448514
358
783
6966719
5572
12175
445656
6922318
128
6875
3
18
3208
20935
592
522832
46
8150
1
6
1431
7372
272
228961
2339
82
103945
17
22053
781
2315
2905761
102909
21833
2876794
22842
363
453930
39
49317
785
22742
28377349
451937
49100
28252793
0
108
136819
0
0
766
0
0
133874
0
0
11974
364
452678
20
25924
788
11974
14876125
452678
25924
14876125
0
365
453930
0
0
788
0
0
453930
0
0
0
361
453930
0
0
780
0
0
449224
0
0
0
47
63929
0
0
715
0
0
58299
0
0
0
365
453930
0
0
788
0
0
453930
0
0
0
10583
105265
2980
0
0
0
24411
691
6875
0
0
0
9333718
264297
2628873
0
0
0
609654
0
0
0
233097159
0
0
0
13724
133801
4820
0
0
0
24097
868
8464
0
0
0
11905991
428978
4182230
0
0
0
753216
0
0
0
372145572
0
0
26
14958
136027
3851
5
47
1
26701
756
6875
2598
23627
669
13192577
373566
3397108
4638
131
1194
666836
2291543
64888
590075
329467000
115829
57228226
153
11566
135766
200
23
273
20607
11496
134946
34635
10181596
2632417
30898730
20482
10120104
2616519
30712115
2317201605
2303206738
235
5653
0
9
8683
0
14
0
342
0
134882
0
221
0
5319
0
0
8169
0
0
0
126894
0
0
0
0
2287
35890
0
192
1233
0
6
0
103
0
399339
0
2139
0
33566
0
0
1153
0
0
0
373482
0
0
0
0
118307
250433
0
196
445056
0
349
0
739
0
144100747
0
113093
0
239398
0
0
425444
0
0
0
137750676
0
0
0
0
0
89588
197663
79
0
0
0
444191
179
395
0
0
0
111296406
44873
99006
0
0
0
222486
0
0
0
55746188
0
0
0
91552
197663
159
0
0
0
453930
365
788
0
0
0
113736675
91552
197663
0
0
0
453930
0
0
0
113736675
0
0
0
115798
250011
197
0
0
0
453930
358
773
0
0
0
143857446
113521
245094
0
0
0
445003
0
0
0
141028428
0
0
10999
0
0
0
0
788
0
0
0
0
0
0
0
0
0
0
0
7
39
0
49280
0
785
0
1247
0
1564473
0
49280
0
0
0
1564473
0
0
0
145
11396
4820
21
9
46153
37
720
772
10755
4549
29652572
24370
356214
680
4434552
3644
1875931
1541
46153
336179
2191000945
1800705
926850446
761745
29652572
138610797
113919
4434552
1875931
68484114821
56284659
2191000945
926850446
138610797
68484114821
0
8950
105265
3693
195557
159
0
0
0
20647
724
8520
780
0
0
0
0
0
7894244
276998
2564547745
2086580
3257597
30159981192
24538914
1058272863
861037
195557
0
0
0
638951
0
0
0
0
0
0
0
0
0
0
244298416
2261800263185
1840257260
79363505769
64101284
2564547745
933342670619
753853588
30159981192
1058272863
0
0
0
0
0
0
0
0
0
0
0
69994562813236
56949326820
2261800263185
79363505769
933342670619
0
0
0
0
0
69994562813236
0
152
11566
136027
4820
255427
205
23
272
9
20647
731
8605
788
11432
134446
4764
44147069
35536
10201178
361538
3349683681
2696341
4251815
39393455245
31709916
1396136545
1123825
255427
20406
723
8505
645364
10082578
357334
3310739941
2664993
4202383
38935463207
31341253
1379904930
1110759
44147069
318858232
2954250099595
2378035216
104701060195
83664976
3349683681
1231321199741
983929476
39393455245
1396136545
637861
315151156
2919903708423
2350387953
103483795763
82692279
3310739941
1217005742972
972490219
38935463207
1379904930
92340993047455
74330244892
2954250099595
104701060195
1231321199741
91267427925494
73466074432
2919903708423
103483795763
1217005742972
92340993047455
91267427925494
20
9517
105265
3725
197663
159
4
48
1
21954
776
8593
788
1674
18515
655
6079763
4893
8394126
297060
2756315630
2218707
3285489
30484868988
24538914
1078831396
868409
197663
3861
136
1511
685228
1476458
52250
484813538
390252
577890
5362040918
4316195
189757682
152746
6079763
261992099
2430929753800
1956786449
86028361841
68743916
2756315630
951474247318
760308169
30484868988
1078831396
120526
46082282
427580804597
344182847
15131690299
12091496
484813538
167356594153
133732033
5362040918
189757682
75872625814726
61073968032
2430929753800
86028361841
951474247318
13345378796764
10742415057
427580804597
15131690299
167356594153
75872625814726
13345378796764
0
11527
135568
3838
242942
204
0
0
0
20647
584
6875
752
0
0
0
0
0
10166765
287886
3185953233
2687245
3385648
37467927744
31602947
1060958701
894883
242942
0
0
0
515631
0
0
0
0
0
0
0
0
0
0
253901396
2809848198930
2370013212
79564925922
66621001
3185953233
935711442285
783486352
37467927744
1060958701
0
0
0
0
0
0
0
0
0
0
0
70172205111559
59187913891
2809848198930
79564925922
935711442285
0
0
0
0
0
70172205111559
0
58
136027
4820
103
3
18820
14
8605
779
51271
1817
12091551
9619
4251815
3243
21584038
17172
764956
608
18601
1602599
10664131384
8484296
377945612
300690
11950919
674652266
536747
21333003
756059
333328746332
261547302
10540101447
373549888
666805675
329451942680
27
14361
31149
4813
5
11
1
7
5870
907
1967
2526
5478
846
4542
2900432
448243
972204
1032
159
844
346
1856
286
183224
510162
78842
422927
171002
917296
141762
90526431
32227
172875
26716
57946
15922864
84239249
13200146
28236411
5321504
2665876607
153
14353
131736
4820
28
265
9
39
24813
908
8334
14280
131070
4796
25692
12259700
448646
4117693
24687
903
4772
8291
44415
1625
775593
12197689
446377
2390966
4096865
21944377
803059
383201458
771670
4133363
151261
1388282
381263168
2014111940
74734429
676484287
127420146
63832773534
