782
195945
12825
16342
12272
52982
29813
77
4794191
22890
66
3179768
394
333576
688
333475
1881
202
5
1881
4536
150
17
4326
117072
190
337
109357
15829
201
48
15659
77
155
0
60
195945
157
782
195945
195945
149
743
186258
19
7236
294661
78
688
66369
66369
78
92
14962
655
90
128575
1400
48
301171
7184
48
91
7119
60870
48
767
59743
241
0
767
236
393
37965
565365
78
1167
112558
37935
564922
54471988
112470
54429359
386
31418
66
91
31418
73575
12459
5932531
23277
48
151
28
89
0
7276
22622
47
27
6983
1450
116018
93
788
343379461
277702
116018
343379461
96
7630
6
749
22584563
17879
7358
21778659
2983
61411
49
47606
38
788
3706011
2983
61411
47606
3706011
3392
57619
47
51214
42
722
3970493
3296
55990
49766
3858245
106105
15868
200
25478
322
48
8219259
104102
15569
24997
8064130
118307
84
151
149
269
0
48513
87139
62
110
35732
2295
36639
29
61411
49
788
2852238
2295
36639
61411
2852238
65
197663
148
326
0
737
81757
61
184771
305
76425
65
197663
154
322
0
764
80887
63
191590
312
78401
37989
304487
708057
60582
140877
1129141
29336863
68220116
546786780
108790910
52681991231
12815
194157
157
63837
51
783
15815591
12815
194157
63837
15815591
20013
197663
151
99230
75
748
24863131
18998
187641
94198
23602449
58
87
112178
768
10852
13782032
109221
13418780
0
0
967
717
92
125700
880
114338
316
1237013
672
43
569190
60690
128823
108985883
7668
51
64261
93
116955
783
7615
9526956
63818
116149
9461277
1562
343
443077
2
3456
760
1506
1941413
427050
3331
1871192
8628
2
137230
1
61199
17
195
10682815
3108
1386
241982
47
33580
328609
707692
8
81
174
57793
124463
1217964
4019
39338
84718
27986356
60271397
589799310
6918
14899
145804
103729307
3350284
7215169
70605667
50230910624
12417574
6013209793
1529
16748
63
205
384
1
4
15
51
0
124602
472
1529
5170
16748
63
118
384
1
15
38466
124602
472
5170
118
38466
182
255427
16005
160
699
43
0
61411
616
38
226384
14185
142
19883990
199711
12514
54429
546
34
48016
17623123
177003
11091
15546741
42556
13779031
4336
9
36020
28
28
114028
91
239
0
761
1338
5295988
4259
11120
8
35378
35202
28
111997
235
1634940
1314
5201652
10921
34575
1605818
116
2295
36639
25
195
3125
2
61411
43
694
9095
145143
102
2852238
2021
32265
243277
172
2752
54080
11298856
8009
127816
2511739
214234
9950003
14134
35793
248163
202
7640
52973
43
134150
109
758
2467245
17105755
13956
43318596
35344
245049
9246891
7544
52308
132466
2985927208
2436286
16891112
42775034
9130861
2948459737
396
118307
252055
194
704
1500
1
447938
345
736
227990
485738
375
145033920
111977
238570
863225
666
1419
423973
279495825
215792
459750
137274388
817041
264542381
32034
184
30
43
54592
788
14952
35237
43571612
5912
7310362
54592
2862949
3556662077
43571612
7310362
3556662077
28277
6
0
1
1984
753
479
1223
1584237
181
234622
1896
87776
114149104
1513403
224131
109045305
19
92
54175
114404
358
757
443987
3732
2178012
4599367
53172
112284
65828577
435763
2137666
4514167
2646495686
64609138
2597470775
19
94
7329
116966
49
788
61411
3802
294661
4702365
7329
116966
9105335
61411
294661
4702365
366060339
9105335
366060339
19
93
38
116966
0
784
322
3779
1549
4702365
38
116244
47876
320
1539
4673368
1924789
47581
1912920
65
12019
7290
116346
85
6344
101244
74
61411
45
719
1609472
976257
15579629
11492
935657
14931708
10962
9057123
6649
106118
7881483
5786
92344
56013
125291029
1999459640
1467983
1212811904
890434
14210015
1162373768
853403
13619052
8260906
7188617
156380665828
114276619
1823685932
1106192875
1060188786
142633146818
4
1104
492
7860
5
8628
137706
103
61411
46
735
135699
60517
965763
727
85982
1372151
1029
611929
459
7326
10719867
8042
128342
57235
10563675
168580652
126472
75180825
56401
900091
106816529
80135
1278845
570318
9990918
13184939476
9845347
157117200
70068544
99553026
12288366143
394
32034
708057
66
1462
116966
91
118796
766
32034
708057
93352822
73381
57527188
118796
15662560
12311
346183512
272125
113688
57527188
7620200835
5962033
168426354351
131776517
90736998
28258255215
22109214
15223682
336483160
13684058264359
10706385867
7406676418
163706906677
27466435209
13300619477712
54
28525
564840
8
162
16271
12
84562
737
3968
78575
12972915
9813
40906490
11763
1942174
1469
38457529
29090
15219
5690573
943926491
710676
18690946743
14072301
12133899
2798220761
2106763
1816565
35970311
1353623295751
1019134869
882878606
17482120859
2617247495
1266078512731
1
1536
33967
3
86
6916
5
118796
788
90
2008
264811
214
2759773
7024
926128
748
20469850
16554
6916
163185
21615984
17399
477769756
384582
264811
1670912157
1345007
926128
20469850
38817138888
31246008
21615984
477769756
1670912157
38817138888
140
22118
2754
27
3
53714
38
532
710
10157
1265
33175426
24173
199679
244
6417349
4676
799228
582
48395
91698
2416125928
1752311
300908970
218236
29890779
58206873
42214
5781977
720098
21812432614
15819612
2176909059
271116441
52443901
19652817595
4
37325
317023
15951
205
0
7
61974
49
412
3501
80300
1035
30010944
688191592
8870218
5845115196
75338686
15951
684
331493
7601584
97978
64563615
832171
80300
553326101943
7131914480
688191592
5845115196
6111895536
78777263
7601584
64563615
553326101943
6111895536
15
29398
59111
12386
153
4
8
15198
47
1534
3084
294584
3652
5695316
543859851
6743689
1093544577
13559605
11955
793
297224
28382736
351936
57069460
707643
284352
105361189847
1306445266
524969249
1055561049
5498546968
68180234
27396881
55087191
101701540577
5307558679
386
37989
97407
63
200
76
197
19380
0
37237
95479
28345
89470
9385078
2786153
8794470
7143892
22549632
61
18996
9199275
2730994
8620359
7002459
22103200
27611
688302060
2172619362
2714090
6959117
674675226
2129606383
2660357
6821342
670499296
657224917
4
26561
36376
12329
151
1
1
8528
47
390
535
82710
1013
3181222
491384772
6020196
672949603
8244635
11758
125
46828
7233259
88618
9905921
121362
78883
58851394581
721017327
468648196
641811947
866301599
10613486
6898573
9447570
56128316213
826217466
394
32034
333576
707031
255427
66
688
1460
55966
118624
1235222
32034
333576
707031
116405962
27101946
57443894
9457581505
598156511
98480682674
208734603918
55966
118624
1235222
100357568
27101946
57443894
9457581505
598156511
98480682674
208734603918
48598146010
8001214565343
16958964010096
176591695481677
100357568
48598146010
8001214565343
16958964010096
176591695481677
14347463965918478
14347463965918478
138
22745
258140
547934
197663
27
313
665
51349
108994
1237013
10355
117531
249475
41014207
19242573
40844711
6714950091
463558300
76209886271
161764785595
23379
49625
563213
92210809
8761167
18596647
3057325081
211058667
34698455475
73651706951
34555060824
5680919212596
12058444427190
136854729504952
41983695
15732961931
2586529543635
5490224661539
62310127605028
10201572265920016
4644788469940236
11
32034
333576
563821
254320
1
20
34
55966
94596
985027
940
9797
16560
3404205
27101946
45808577
9416601022
476999322
98053957736
165733940501
1643
2778
28931
80030044
796025
1345467
276579916
14010196
2879994105
4867858296
38754543752
7966544641319
13465308959106
140212676780104
2350604
1138279985
233989551611
395496635933
4118259904039
11391794626470758
334594361384498
394
32034
101195
72714
255427
66
208
150
16978
12199
38538
32034
101195
72714
116405962
8221751
5907836
9457581505
18662221
29875483135
21467381094
16978
12199
38538
3131112
8221751
5907836
9457581505
18662221
29875483135
21467381094
1516240881
2427279587457
1744150402165
5509583596791
3131112
1516240881
2427279587457
1744150402165
5509583596791
447634595197537
447634595197537
304
24790
888
547934
193260
66
2
1461
192
118796
4255
24772
887
547529
88009428
72149
44517770
7155752068
1594696
256330319
158160822747
192
118708
4252
345742
72096
44484855
7150461388
1593517
256140798
158043884885
129563587
20825951131
12850019356805
460307949995
345487
129467793
20810553246
12840518560340
459967616488
37398427529499
37370776610210
179
32034
313180
4674
255427
30
294
4
52544
784
7667
14593
142670
2129
53029028
25444831
379815
9457581505
3713154
92459205043
1380141411
23936
357
3493
622986
11591456
173026
4308424992
1691537
42120022925
628726884
301680987
7511990351892
112131712169
1096222005775
283802
137431531
3422106059496
51081882923
499386686189
89064243273768
40573439569826
38
333576
708057
66
141
11354
9
1237013
788
32381
68733
9062066
7328
599023839
120081
15831917
12803
33605176
27177
11354
58149224
7702596984
6200235
16349702258
13160757
9062066
28563807715
22992549
15831917
33605176
13832022042868
11134140449
7702596984
16349702258
28563807715
13832022042868
60
258140
547934
135
288
23050
17
1237013
755
50870
107979
14236369
11024
463558300
243773
32139953
24889
68220974
52831
22072
91351540
12100662873
9327231
25685133925
19798188
13632384
57986624912
44696287
30776401
65326668
21729896545018
16749477900
11587286737
24595430415
55526515930
20807995783690
83
101195
565722
44
247
24759
18
299828
722
21421
119752
19761020
14630
145192087
63468
10473202
7754
58549508
43348
22666
30734408
5095457527
3754888
28485702063
20991372
18090570
15097222895
11125280
9587875
53600165
7310829213071
5387416338
4664725189
26077731240
13821015198
6692825718020
12
333576
72714
21
4
3584
2
127036
770
10278
2240
2860552
2284
61517609
3914
4997539
3991
1089392
870
3519
1895586
2431419599
1932788
530014716
421320
2809194
925964168
736069
4907813
1069833
448398088886
356441453
2387765990
520498854
909339445
440347567780
26
333576
2807
45
0
7804
6
4905
788
22256
187
6228541
5037
2375542
327
10881596
8800
91597
74
7804
158497
5294150568
4261547
44564364
35872
6228541
77856337
62670
10881596
91597
37701926338
30348313
5294150568
44564364
77856337
37701926338
19
258140
547934
44
93
7518
5
1237013
764
16592
35219
4643486
3637
463558300
79511
10483111
8212
22251684
17431
7282
29796199
3946881999
3077471
8377738790
6532309
4497934
18913539569
14747308
10154514
21554196
7087656140901
5526403647
3823165359
8115135120
18320686889
6865490642777
13839
203
42
13686
1544
159
6
1544
117359
200
358
115166
118307
203
361
117134
15982
203
48
15848
15997
186
44
14537
547934
157
305
1462
128543765
547934
71581
128543765
254027
202
782
251980
197663
159
788
197663
53943
357
91
52756
6581
312
11
6147
53255
361
92
53021
668
86
121701
3770
49
48
3770
7329
47
90
7078
333576
708057
394
1237013
688
1462
599023839
333576
708057
1237013
599023839
256468
436325
304
985237
686
1168
367974819
256468
436325
985237
367974819
878
16005
204
211
2
49
68413
875
15940
210
68135
14205
16005
199
3415
42
47
1105821
13792
15540
3316
1073681
11010
12386
155
3420
42
48
857145
10736
12077
3335
835804
179
708057
664
41
321822
33658
124817
60442841
290
547934
1391
89
521456
55600
266441
99846056
679
54374
43
788
160930773
130150
54374
160930773
3410
61411
48
54421
43
780
4236524
3372
60737
53824
4189983
117213
16005
199
28181
351
48
9124630
113867
15548
27376
8864100
91552
12386
158
28444
364
49
7127018
91330
12356
28375
7109698
35407
15790
185
8628
101
45
2756348
32418
14457
7900
2523683
234
35692
29
6164
5
771
285347
234
35692
6164
285347
2295
36639
29
61411
49
788
2852238
2295
36639
61411
2852238
26014
258140
546736
305
58729
124388
69
1234310
688
1458
22008334
46613275
26014
462545158
258140
546736
105233889
58729
124388
1234310
39435327303
22008334
46613275
462545158
105233889
39435327303
27740
258140
547934
305
62627
132934
74
1237013
688
1462
23468986
49815787
27740
463558300
258140
547934
112463863
62627
132934
1237013
42144686416
23468986
49815787
463558300
112463863
42144686416
34522
303633
708057
394
54898
128020
71
1125975
627
1462
26584603
61993822
34522
545253621
303633
708057
98584609
54898
128020
1125975
47739590786
26584603
61993822
545253621
98584609
47739590786
33012
333576
707031
394
57674
122243
68
1235222
688
1460
27928670
59196177
33012
598156511
333576
707031
103418900
57674
122243
1235222
50080595915
27928670
59196177
598156511
103418900
50080595915
118307
255427
198
453930
353
762
146973919
114376
246940
438848
142090672
34291
253367
189
130509
97
721
42256534
31601
233496
120274
38942477
116589
247226
200
445829
361
765
142255009
115237
244359
440659
140605249
5589
12253
9
447061
357
783
6944138
5554
12175
444211
6899881
321
988347
545
42
461302
59916
101614
85966757
140
1170976
310
18
250941
25232
55722
44967408
5479
82
103945
41
51665
781
5425
6807548
102909
51150
6739684
53574
363
453930
92
115668
784
53290
66556354
451521
115055
66203142
1011
100
128703
5
7604
758
979
1248795
124602
7361
1209007
28016
363
452114
48
60730
788
28016
34804547
452114
60730
34804547
3630
365
453930
6
7837
788
3630
4509941
453930
7837
4509941
28444
359
453930
48
61411
775
27965
35336660
446284
60377
34741427
4026
43
63903
41
61069
662
3399
4974594
53942
51550
4199182
28444
365
453930
49
61411
788
28444
35336660
453930
61411
35336660
43
24737
258140
437787
9
98
167
55847
94713
988347
3538
36922
62618
20928320
35492942
370372998
7988
13547
141367
80128682
2993463
5076700
52975964
30027406740
11461133
4294942798
47
33580
328609
707692
8
81
174
57793
124463
1217964
4019
39338
84718
27986356
60271397
589799310
6918
14899
145804
103729307
3350284
7215169
70605667
50230910624
12417574
6013209793
84
37989
333576
565722
16
147
249
66369
112558
988347
8118
71285
120895
32139549
54506389
478607017
14183
24053
211211
95225588
6868274
11648105
102279107
46112985121
20349864
9854420809
392
29391
333576
198
60
686
51349
29277
332278
90228
24865827
6752211
76632775
51149
24769045
6725930
76334509
5712442652
5690209014
667
5648
4
9
24622
17
40
150
340
0
382455
276
625
2337
5289
3
10189
23056
16
140
158272
358129
258
2188
9541
148205
6579
34773
80
192
3436
7
19
42
100
0
1112799
2573
6153
13602
32521
75
1344
3214
7
39
435296
1040746
2407
12721
1257
407111
118307
250312
84
188
444840
150
335
319
710
0
144030796
48839
108658
103332
229897
77
183637
408559
138
293
59458137
132283767
44855
94905
168659
54608782
3153
89615
197663
79
7088
15635
6
444325
179
394
1776112
3917546
1578
111330168
44855
98937
8806191
3548
7825
222399
2206477371
889002
1960859
55724380
4407786
1104413895
48
91552
197663
159
111
239
0
453930
365
788
27850
60129
48
113736675
91552
197663
138086
111
239
453930
34598873
27850
60129
113736675
138086
34598873
922
115477
249317
195
1679
3626
2
453930
356
769
530895
1146211
899
143458619
112596
243097
2086894
1637
3536
442604
659535148
517649
1117613
139879322
2034826
643079728
25703
24
3
5
7201
788
1582
4648
5747596
625
773743
7201
303020
376444484
5747596
773743
376444484
19
93
7290
115916
49
785
61185
3782
293101
4660186
7290
115916
9023663
61185
293101
4660186
362776913
9023663
362776913
384
28927
708057
58
1427
111790
91
107272
772
28244
691351
89222342
73716
51946501
104741
13517365
11168
330866309
273364
111790
50720926
6576513755
5408184
160974175590
132376822
89222342
24387914198
20055357
13517365
330866309
11809845876781
9711805398
6576513755
160974175590
24387914198
11809845876781
9
21835
258140
541625
195436
159
1
21
44
49295
103431
1222771
779
673
7966
16714
2748553
2237
18473009
38759776
6373742858
5189055
458221340
75350924518
61345447
158100122925
128714050
195436
1521
3191
37734
87503870
570071
1196114
196691641
160132
14140562
2325305145
1893100
4878918629
3972073
2748553
32791183286
5392254263971
4389995891
11313942959874
9211020229
6373742858
133754385900929
108893456387
75350924518
158100122925
2700341
1011925304
166403221562
135473852
349144618361
284249103
196691641
4127617063755
3360416824
2325305145
4878918629
9571716104392404
7792621102826
5392254263971
11313942959874
133754385900929
295380061414781
240477765411
166403221562
349144618361
4127617063755
9571716104392404
295380061414781
389
29391
333576
708057
255427
205
59
680
1445
51349
108994
1237013
788
29053
329732
699897
115064511
92621
24865827
52780753
8677258312
6984793
599023839
98480682674
79272412
209037269275
168265370
255427
50757
107738
1222758
92210809
24579275
52172512
8577262448
6904301
592120748
97345801061
78358884
206628344532
166326297
115064511
44653078552
7341052842907
5909209307
15582280689185
12543018018
8677258312
176847753594169
142354293575
98480682674
209037269275
91148181
44138500906
7256455278563
5841112165
15402712033102
12398473523
8577262448
174809777634322
140713816825
97345801061
206628344532
13182775230952090
10611526678889
7341052842907
15582280689185
176847753594169
13030858237613254
10489240498661
7256455278563
15402712033102
174809777634322
13182775230952090
13030858237613258
66
24196
258140
547757
197663
159
14
149
317
54625
115912
1236614
788
5248
55995
118818
19540351
15729
20470501
43437097
7143451681
5750149
463408506
76209886271
61345447
161712513154
130171122
197663
11849
25143
268244
98063366
4440433
9422316
1549547873
1247314
100521946
16531345413
13306971
35078459546
28236543
19540351
36748246778
6043436116648
4864687629
12823785604723
10322556569
7143451681
136810506463506
110126154307
76209886271
161712513154
21271772
7971379968
1310933985277
1055241458
2781718221995
2239155004
1549547873
29676749948919
23888416384
16531345413
35078459546
10849059043989394
8732992671818
6043436116648
12823785604723
136810506463506
2353363208368914
1894348954087
1310933985277
2781718221995
29676749948919
10849059043989394
2353363208368914
25
29252
331997
563044
242645
204
4
45
77
51349
87084
988347
752
1934
21957
37237
7313407
6167
24748134
41971074
8243048959
6951733
476341711
93552716720
78897205
158658751391
133804046
242645
3396
5759
65365
73674430
1636747
2775806
545163842
459761
31503425
6187220141
5217960
10493085145
8849289
7313407
35507975568
6973707110806
5881240232
11826911088851
9974164991
8243048959
134226991525887
113199646954
93552716720
158658751391
4872546
2348362178
461214410511
388962814
782186825362
659653259
545163842
8877261661212
7486593229
6187220141
10493085145
10005692598580034
8438249690480
6973707110806
11826911088851
134226991525887
661738375341016
558073675148
461214410511
782186825362
8877261661212
10005692598580034
661738375341016
183
333576
708057
321
682
54582
43
1237013
779
155664
330417
43563498
34821
599023839
577257
76107770
60834
161548033
129129
53947
279537078
37028206063
29459339
78596886938
62531042
43056830
137312981605
109245089
75222594
159669137
66493802481457
52901927482
36597546883
77682760263
135715953223
65720441590486
85
36429
76385
707828
16
34
316
20
14573
135047
283173
7893
16550
153368
16358
7057369
65396922
137126562
3157
29261
3121
61356
6544
60642
26162630
1529153
14169863
1511368
29711866
3169090
29366290
12669252111
5668782
604636
5602848
11748250
2745107322
292795234
2713179170
5689089312
1085431871
525620313704
391
36425
323619
708057
74
662
1450
93
61738
135078
1200089
36136
321045
702426
74897
29896706
65411920
581143283
61247
134004
14288
1190545
126943
277743
110866993
29658943
64891712
6919162
576521567
61472354
134497250
53687334469
109985290
11727323
25658570
227960066
53260369799
5678955545
12425161011
110389647667
21059467937
10198045989947
