788
4316
283
360
71
0
241
33
49783
183
35
32614
0
0
381
0
0
4
0
0
0
3
0
0
2583
4
347
2456
92
4
12
91
0
3
0
0
4316
3
788
4316
4316
3
754
4128
10
712
37036
42
381
36909
36909
42
34
7183
361
33
61356
17
12
3186
707
13
34
702
16301
12
774
15999
0
0
774
0
0
0
0
42
14
1425
0
0
0
1423
0
0
0
35
33
0
0
5985
0
186
0
3
0
33
0
0
180
0
0
0
18
42433
34
788
3807323
3102
42433
3807323
0
0
0
748
0
0
0
0
641
16301
13
38540
31
788
796410
641
16301
38540
796410
0
15272
12
0
0
722
0
0
14832
0
0
2306
91
4
6766
324
12
47473
2276
90
6678
46853
2583
0
4
0
342
0
0
2420
0
0
0
13
800
0
16301
13
788
16534
13
800
16301
16534
0
4316
3
0
0
740
0
0
4049
0
0
0
4316
3
0
0
764
0
0
4184
0
0
0
0
0
33799
1783
14707
0
0
0
1422786
0
277
4204
3
63845
51
783
342508
277
4204
63845
342508
436
4316
3
99120
76
752
542385
416
4118
94577
517528
31
32
40854
768
5178
6523170
39806
6355821
0
0
0
717
0
0
0
0
0
16060
0
0
0
0
0
0
2807
51
64261
34
42819
783
2788
3488010
63818
42524
3463964
0
350
443680
0
0
774
0
0
435703
0
0
2290
2
137088
0
16228
17
52
2832797
3118
369
64432
0
0
0
0
0
0
0
32196
1579
15782
0
0
0
0
0
0
0
0
0
1353769
0
0
0
0
0
0
0
365
0
4
0
0
0
0
51
0
0
0
0
0
365
0
0
0
0
0
0
0
0
0
0
0
3
5578
92
3
699
11
0
16301
616
10
4944
82
3
115269
4361
72
14448
546
9
12745
102163
3865
64
90126
11296
79878
34
0
787
0
0
41692
33
0
0
763
0
42289
34
0
0
774
5
0
40986
0
5
0
41572
0
5
5
0
13
800
0
0
0
0
16301
11
704
0
0
0
16534
11
714
0
0
0
14559
0
0
0
14767
0
0
111
771
5348
4
2797
19395
15
134148
109
758
19471
134995
110
933689
761
5281
3385635
2762
19152
132465
23564436
19227
133301
921973
3343152
23268749
0
2583
5507
4
0
0
0
448143
346
738
0
0
0
3168851
2450
5223
0
0
0
425051
0
0
0
3005570
0
0
0
0
16
16
19985
788
0
0
0
2833
3477989
19985
0
0
0
3477989
0
0
0
0
0
0
753
0
0
0
0
0
0
0
0
0
0
0
10
33
19835
41925
358
758
444391
1780
1031318
2179842
19468
41149
24124353
436159
1012213
2139462
1254290597
23677461
1231055476
10
34
712
42825
13
788
16301
1814
37036
2226633
712
42825
884952
16301
37036
2226633
46572975
884952
46572975
10
34
0
42825
0
784
0
1803
0
2226633
0
42564
5
0
0
2213068
285
5
283
35
4391
708
42585
31
1680
101060
74
16301
11
721
764211
123271
7411011
5521
90742
5455390
4015
879983
647
38940
2088310
1537
92411
14906
15984490
949385314
698810
155011081
112721
6776778
112730068
82976
4988519
804675
1909593
19857647023
14616542
868137193
141745277
103082662
18158235325
0
0
0
0
0
2290
137706
105
16301
12
749
0
0
0
0
0
0
0
0
0
0
2845555
2175
130761
15479
0
0
0
0
0
0
0
0
0
0
2702043
0
0
0
0
0
0
0
0
0
35
18
42825
33
1505
768
0
0
0
0
0
1505
7452858
5915
3842572
3050
41720
0
0
0
0
0
0
317560208
249025
7260564
3743429
0
0
0
0
309366721
0
0
0
0
0
0
0
0
1073
743
0
0
0
0
0
0
0
0
0
0
0
0
0
0
0
0
0
0
0
0
0
0
0
0
0
0
0
0
0
0
0
0
0
0
1505
788
0
0
0
0
0
0
0
0
0
0
0
0
0
0
0
0
0
0
0
0
0
0
0
0
0
0
0
0
0
0
0
0
0
0
0
710
0
0
0
0
0
0
0
0
0
0
0
0
0
0
0
0
0
0
0
0
0
0
0
0
0
0
0
0
0
0
90
4
0
0
34567
13
0
0
0
0
0
0
0
0
0
90
0
0
0
0
0
0
0
0
0
0
0
0
0
0
0
0
0
0
0
0
70
3
0
0
8451
12
0
0
0
0
0
0
0
0
0
67
0
0
0
0
0
0
0
0
0
0
0
0
0
0
0
0
0
0
0
0
0
4
41
109
10786
0
0
0
0
0
0
0
0
0
0
0
10566
0
0
0
0
0
0
0
0
0
0
0
0
0
0
0
0
0
0
0
69
3
0
0
4734
12
0
0
0
0
0
0
0
0
0
67
0
0
0
0
0
0
0
0
0
0
0
0
0
0
0
0
0
0
0
0
0
5578
35
381
18
31149
1503
16041
0
0
0
0
0
0
0
0
0
0
31149
1503
16041
1309750
0
0
0
0
0
0
0
0
0
0
1309750
0
0
0
0
0
0
0
0
0
0
4316
14
173
8
28579
1379
16041
0
0
0
0
0
0
0
0
0
0
13007
627
7301
1201686
0
0
0
0
0
0
0
0
0
0
546943
0
0
0
0
0
0
0
0
0
0
5491
0
0
0
31149
1202
12829
0
0
0
0
0
0
0
0
0
0
0
0
0
1047439
0
0
0
0
0
0
0
0
0
0
0
0
0
0
0
0
0
0
0
0
0
5578
35
115
1
9449
154
500
0
0
0
0
0
0
0
0
0
0
9449
154
500
40851
0
0
0
0
0
0
0
0
0
0
40851
0
0
0
0
0
0
0
0
0
0
4222
35
1
18
107
1505
55
0
0
0
0
0
0
0
0
0
0
107
1504
55
4510
0
0
0
0
0
0
0
0
0
0
4507
0
0
0
0
0
0
0
0
0
0
5578
16
162
0
29264
9
99
0
0
0
0
0
0
0
0
0
0
13296
4
45
8133
0
0
0
0
0
0
0
0
0
0
3695
0
0
0
0
0
0
0
0
0
0
0
0
0
16060
788
0
0
0
0
0
0
0
0
0
0
0
0
0
0
0
0
0
0
0
0
0
0
0
0
0
0
0
0
0
0
0
0
0
0
16060
765
0
0
0
0
0
0
0
0
0
0
0
0
0
0
0
0
0
0
0
0
0
0
0
0
0
0
0
0
0
0
0
0
0
0
3892
737
0
0
0
0
0
0
0
0
0
0
0
0
0
0
0
0
0
0
0
0
0
0
0
0
0
0
0
0
0
0
0
0
0
0
1649
772
0
0
0
0
0
0
0
0
0
0
0
0
0
0
0
0
0
0
0
0
0
0
0
0
0
0
0
0
0
0
0
0
0
0
1
788
0
0
0
0
0
0
0
0
0
0
0
0
0
0
0
0
0
0
0
0
0
0
0
0
0
0
0
0
0
0
0
0
0
0
16060
764
0
0
0
0
0
0
0
0
0
0
0
0
0
0
0
0
0
0
0
0
0
0
0
0
0
0
0
0
4
0
0
0
3
0
0
2508
4
358
2461
2583
4
362
2560
91
4
12
90
92
4
11
84
0
3
0
18
0
0
0
0
5495
4
782
5450
4316
3
788
4316
19742
358
33
19369
0
312
0
0
19472
361
33
19386
368
31
59449
0
13
0
0
712
12
33
687
0
0
0
16060
381
18
0
0
0
16060
0
0
0
0
12802
380
14
0
0
0
12802
0
0
92
4
0
0
13
0
0
92
0
0
0
92
4
0
0
12
0
0
90
0
0
88
71
3
332
15
12
1819
85
70
324
1773
0
0
8
15
0
0
1391
0
0
0
17
32
0
0
2963
0
0
0
0
788
0
0
0
0
0
16301
12
0
0
780
0
0
16122
0
0
2560
92
4
7483
354
12
52913
2505
90
7322
51781
1961
70
3
7550
364
13
40538
1957
70
7532
40439
672
79
3
2290
102
12
13900
620
73
2113
12822
1
779
0
1637
1
771
1654
1
779
1637
1654
13
800
0
16301
13
788
16534
13
800
16301
16534
0
0
0
0
32703
1580
37
16058
381
18
0
0
0
0
0
0
1376530
32703
1580
16058
0
0
0
0
1376530
0
0
0
0
0
34775
1680
39
16060
381
18
0
0
0
0
0
0
1463862
34775
1680
16060
0
0
0
0
1463862
0
0
0
0
0
30485
1621
38
14594
346
18
0
0
0
0
0
0
1283278
30485
1621
14594
0
0
0
0
1283278
0
0
0
0
0
32085
1548
36
16041
381
18
0
0
0
0
0
0
1349107
32085
1548
16041
0
0
0
0
1349107
0
2508
5416
4
453930
356
769
3116616
2447
5285
442932
3041107
750
5531
4
130681
97
721
924059
691
5099
120471
851859
2215
4696
3
445761
362
768
2702660
2196
4657
441969
2679672
122
267
0
447555
357
783
151821
121
265
444702
150853
178
12831
6
15
5988
29591
1142
995266
0
15132
0
0
0
0
0
0
2007
82
103945
15
18923
781
1987
2493432
102909
18735
2468575
19606
363
453930
33
42329
785
19529
24356846
452162
42165
24262014
0
100
128833
0
0
760
0
0
124753
0
0
0
364
452909
0
0
788
0
0
452909
0
0
0
365
453930
0
0
788
0
0
453930
0
0
7542
360
453930
12
16283
779
7448
9369615
448308
16081
9253565
1068
44
63888
11
16207
677
923
1320191
55191
14000
1140472
7550
365
453930
13
16301
788
7550
9380006
453930
16301
9380006
0
0
0
0
0
0
0
31009
1197
12831
0
0
0
0
0
0
0
0
0
1042932
0
0
0
0
0
0
0
0
0
0
0
0
0
32196
1579
15782
0
0
0
0
0
0
0
0
0
1353769
0
0
0
0
0
0
0
0
0
0
0
0
0
36909
1425
12831
0
0
0
0
0
0
0
0
0
1241379
0
0
0
0
0
0
0
0
0
4
32
379
28532
0
0
0
0
0
0
28417
0
0
0
0
0
0
123
0
0
0
0
0
0
340
0
0
0
0
0
115
0
0
0
0
0
0
0
0
0
0
0
0
761
0
4
0
0
0
0
100
0
0
0
0
0
712
0
0
0
0
0
0
0
0
0
0
0
2583
5476
0
4
445607
0
344
0
729
0
3150923
0
2433
0
5158
0
56
419778
0
0
398
2968282
0
0
53
375
0
1954
4316
1
0
0
0
443744
178
395
0
0
0
2428167
979
2162
0
0
0
222262
0
0
0
1216219
0
0
0
1999
4316
3
0
0
0
453930
365
788
0
0
0
2483901
1999
4316
0
0
0
453930
0
0
0
2483901
0
0
0
2217
4787
3
0
0
0
453930
358
773
0
0
0
2754697
2173
4693
0
0
0
445003
0
0
0
2700525
0
0
0
0
0
0
0
788
0
0
0
0
0
0
0
0
0
0
0
10
34
708
42447
13
786
16248
1804
36828
2206949
708
42447
877129
16248
36828
2206949
46161256
877129
46161256
0
0
0
31
17
40877
33
1362
772
0
0
0
0
0
1327
6440395
5356
3667783
3050
40877
0
0
0
0
0
0
274419983
225463
6440395
3667783
0
0
0
0
274419983
0
0
0
0
0
4272
3
0
0
0
27465
1305
15792
780
0
0
0
0
0
0
0
0
0
0
0
0
0
0
4272
0
0
0
1136898
0
0
0
0
0
0
0
0
0
0
0
0
0
0
0
0
0
0
0
0
0
0
0
0
0
0
0
0
0
0
0
0
0
0
0
0
0
0
0
0
0
0
0
0
0
0
0
5578
4
32
375
18
28579
1381
16060
788
0
0
0
0
0
0
0
0
0
0
0
0
0
0
5578
28124
1359
15804
1203067
0
0
0
0
0
0
0
0
0
0
0
0
0
0
0
0
0
0
0
0
1183908
0
0
0
0
0
0
0
0
0
0
0
0
0
0
0
0
0
0
0
0
0
0
0
0
0
0
4316
3
0
0
0
30431
1470
16059
788
0
0
0
0
0
0
0
0
0
0
0
0
0
0
4316
0
0
0
1280954
0
0
0
0
0
0
0
0
0
0
0
0
0
0
0
0
0
0
0
0
0
0
0
0
0
0
0
0
0
0
0
0
0
0
0
0
0
0
0
0
0
0
0
0
0
0
0
5225
4
0
0
0
28579
1102
12817
753
0
0
0
0
0
0
0
0
0
0
0
0
0
0
5225
0
0
0
960121
0
0
0
0
0
0
0
0
0
0
0
0
0
0
0
0
0
0
0
0
0
0
0
0
0
0
0
0
0
0
0
0
0
0
0
0
0
0
0
0
0
0
0
0
0
0
0
0
0
0
16060
779
0
0
0
0
0
0
0
0
0
0
0
0
0
0
0
0
0
0
0
0
0
0
0
0
0
0
0
0
0
0
0
0
0
0
0
8104
1710
3677
0
0
0
0
0
0
0
0
0
0
0
0
0
341154
0
0
0
0
0
0
0
0
0
0
0
0
0
0
0
0
0
0
0
0
0
40
367
18
34
34403
1714
15576
0
0
0
0
0
0
0
34134
1700
6861
15454
62336
3106
1448235
0
0
0
0
0
0
0
1436890
5795898
288819
2624065
0
0
0
0
241035671
0
