788
197663
12960
16748
0
1223
841
0
38309
638
0
26662
0
0
0
0
0
205
0
0
110
155
0
107
118307
200
356
115300
0
203
0
0
0
156
0
0
197663
159
788
197663
197663
154
768
192453
0
0
0
0
0
0
0
0
2
149
0
2
1277
0
0
45
0
0
2
0
0
0
774
0
0
0
774
0
0
0
0
0
0
0
0
0
0
0
0
0
0
0
2
0
591
125
48360
652
0
153
0
6
0
0
1646
0
0
0
0
8262
6
765
2570
2
8262
2570
0
0
0
733
0
0
0
0
0
0
0
5893
4
765
0
0
0
5893
0
0
0
0
3033
2
701
0
0
0
2946
0
102026
0
196
0
312
0
0
100789
0
0
0
113619
0
189
0
334
0
0
108034
0
0
0
0
35441
28
0
0
765
0
0
35441
0
0
0
191199
144
0
0
720
0
0
179881
0
0
0
191199
149
0
0
741
0
0
185325
0
0
0
0
0
0
0
0
0
0
0
0
0
12447
190000
154
61464
49
760
15354183
12447
190000
61464
15354183
20134
191199
149
100049
78
743
24993020
19562
185775
97210
24283982
0
6
7637
747
80
102852
7461
100482
0
0
0
718
0
0
0
0
0
0
0
3
0
490
0
850
554
49
61852
6
8520
760
550
688549
61425
8461
683802
0
338
427904
0
0
751
0
0
420211
0
0
0
2
132061
0
0
17
0
0
3029
0
0
0
0
0
0
0
0
0
0
0
0
0
0
0
0
0
0
0
0
0
0
0
0
0
0
0
0
0
16084
0
199
0
0
0
0
49
0
0
0
0
0
16084
0
0
0
0
0
0
0
0
0
0
0
175
247074
0
155
672
0
0
0
598
0
217243
0
136
0
193180
0
0
526
0
0
0
169856
0
0
0
0
311
0
34889
28
0
8216
6
0
0
743
0
380470
307
0
0
34441
0
0
8111
0
0
0
375592
0
0
0
0
0
35441
25
0
0
0
0
0
688
0
0
0
0
0
31861
0
0
0
0
0
0
0
0
0
0
1030
34455
240441
196
552
3857
3
129031
105
735
178380
1244784
1017
41637661
34023
237424
668008
545
3809
127412
215561661
176142
1229164
41115190
659625
212856784
0
113619
243840
191
0
0
0
431196
337
725
0
0
0
139193701
109080
234099
0
0
0
413970
0
0
0
133632846
0
0
0
0
0
3
3977
765
0
284
352924
47
58381
3977
23235
28842799
352924
58381
28842799
0
0
0
0
0
731
0
0
0
0
0
0
0
0
0
0
0
0
6
3919
8336
345
734
427366
29
17185
36554
3846
8182
4758951
419449
16867
35877
20866688
4670794
20480144
0
6
0
8523
0
765
0
30
0
37371
0
8523
0
0
0
37371
0
0
0
0
6
0
8523
0
762
0
29
0
37371
0
8488
0
0
0
37221
0
0
0
0
881
0
8374
6
0
100049
73
0
0
699
12943
0
122916
90
0
1094625
806
0
0
7657
0
0
91487
0
0
16067212
11835
0
0
112397
0
0
1000947
0
0
0
0
14692184
0
0
0
0
0
0
0
0
0
132544
101
0
0
727
0
0
0
0
0
0
0
0
0
0
0
0
125963
0
0
0
0
0
0
0
0
0
0
0
0
0
0
0
0
0
0
0
0
0
0
0
8523
6
0
749
0
0
756268
596
0
0
125103
98
2651
2
8344
0
61806192
48748
1309896
1033
740440
216685
170
122484
2595
107051466
84434
60512593
1282480
212149
104810887
0
0
0
0
0
0
0
0
719
0
0
0
0
0
0
0
0
0
0
0
0
0
0
0
0
0
0
0
0
0
0
0
0
0
0
0
0
0
0
0
0
0
0
0
765
0
0
0
0
0
0
0
0
0
0
0
0
0
0
0
0
0
0
0
0
0
0
0
0
0
0
0
0
0
0
0
0
3207
2
0
693
0
0
220218
160
0
0
43190
31
0
0
2906
0
16512498
12055
0
0
199575
0
0
39141
0
0
0
14964643
0
0
0
0
0
0
0
199
0
0
0
0
0
0
0
0
0
0
0
0
0
0
0
0
0
0
0
0
0
0
0
0
0
0
0
0
0
0
0
0
0
0
0
151
0
0
0
0
0
0
0
0
0
0
0
0
0
0
0
0
0
0
0
0
0
0
0
0
0
0
0
0
0
0
0
0
0
0
0
193
0
0
0
0
0
0
0
0
0
0
0
0
0
0
0
0
0
0
0
0
0
0
0
0
0
0
0
0
0
0
0
0
0
0
0
149
0
0
0
0
0
0
0
0
0
0
0
0
0
0
0
0
0
0
0
0
0
0
0
0
0
0
0
0
0
0
0
0
0
0
0
247074
0
0
0
0
0
0
0
0
0
0
0
0
0
0
0
0
0
0
0
0
0
0
0
0
0
0
0
0
0
0
0
0
0
0
0
0
0
0
0
0
0
191199
0
0
0
0
0
0
0
0
0
0
0
0
0
0
0
0
0
0
0
0
0
0
0
0
0
0
0
0
0
0
0
0
0
0
0
0
0
0
0
0
0
246025
0
0
0
0
0
0
0
0
0
0
0
0
0
0
0
0
0
0
0
0
0
0
0
0
0
0
0
0
0
0
0
0
0
0
0
0
0
0
0
0
0
247074
0
0
0
0
0
0
0
0
0
0
0
0
0
0
0
0
0
0
0
0
0
0
0
0
0
0
0
0
0
0
0
0
0
0
0
0
0
0
0
0
0
187217
0
0
0
0
0
0
0
0
0
0
0
0
0
0
0
0
0
0
0
0
0
0
0
0
0
0
0
0
0
0
0
0
0
0
0
0
0
0
0
0
0
247074
0
0
0
0
0
0
0
0
0
0
0
0
0
0
0
0
0
0
0
0
0
0
0
0
0
0
0
0
0
0
0
0
0
0
0
0
0
0
0
0
0
0
1444
1
0
765
0
0
128157
103
0
0
228735
184
449
0
1444
0
113004997
91035
221976
178
128157
396182
319
228735
449
195730396
157677
113004997
221976
396182
195730396
0
0
0
0
0
1478
1
0
742
0
0
101521
79
0
0
234144
182
459
0
1433
0
89517588
69943
175839
137
98464
405550
316
227095
446
155049011
121144
86822631
170545
393341
150381208
0
0
0
0
0
3808
2
0
715
0
0
337933
254
0
0
182971
137
946
0
3561
0
90395727
68104
467657
352
316044
253209
190
171120
885
125096024
94247
84540460
437365
236808
116993089
0
0
0
0
0
0
0
0
752
0
0
0
0
0
0
0
0
0
0
0
0
0
0
0
0
0
0
0
0
0
0
0
0
0
0
0
0
0
0
0
0
0
0
0
765
0
0
0
0
0
0
0
0
0
0
0
0
0
0
0
0
0
0
0
0
0
0
0
0
0
0
0
0
0
0
0
0
0
0
0
741
0
0
0
0
0
0
0
0
0
0
0
0
0
0
0
0
0
0
0
0
0
0
0
0
0
0
0
834
196
2
825
0
154
0
0
113024
195
347
111709
113619
197
348
112605
0
197
0
0
0
181
0
0
0
152
0
0
0
0
0
0
246154
196
759
244170
191199
154
765
191199
3903
345
6
3829
0
300
0
0
3847
348
6
3830
0
6
1004
0
0
3
0
0
0
6
0
0
0
0
0
0
0
0
0
0
0
0
0
0
0
0
0
0
0
0
0
0
0
0
0
198
0
0
0
0
0
0
0
0
835
0
193
0
2
0
0
811
0
0
0
800
0
150
0
3
0
0
780
0
0
0
0
0
0
2
0
262
0
454
0
0
0
6
0
429
1
744
0
3212
2
765
999
0
3212
999
0
0
0
3937
3
756
0
0
0
3894
0
112547
0
194
0
341
0
0
110138
0
0
0
87925
0
153
0
351
0
0
87711
0
0
0
34010
0
186
0
101
0
0
32361
0
0
0
0
34687
28
0
0
749
0
0
34687
0
0
0
35441
28
0
0
765
0
0
35441
0
0
0
0
0
0
0
0
0
0
0
0
0
0
0
0
0
0
0
0
0
0
0
0
0
0
0
0
0
0
0
0
0
0
0
0
0
0
0
0
0
0
0
0
0
0
0
0
0
0
0
0
0
0
0
0
0
0
0
0
0
0
0
0
0
0
0
0
0
0
0
0
0
0
0
0
0
0
0
0
0
0
0
0
0
0
0
0
0
0
0
0
0
0
0
0
0
0
0
0
0
0
0
0
0
0
113619
247074
194
436914
343
746
141039465
110866
241087
426328
137622333
34468
245403
185
131647
99
709
42496936
32162
228990
122842
39654679
112061
239242
194
428947
349
746
136569139
111252
237516
425852
135583608
5389
11852
9
432027
345
760
6690464
5355
11777
429274
6647823
0
0
0
3
0
496
0
687
0
0
0
1
0
173
0
299
396
79
100049
3
3765
757
392
492161
99051
3727
487255
3871
350
436914
6
8418
762
3855
4805453
435115
8383
4785671
0
104
131992
0
0
745
0
0
129184
0
0
2030
351
435986
3
4425
765
2030
2520740
435986
4425
2520740
0
351
436914
0
0
765
0
0
436914
0
0
0
348
436914
0
0
757
0
0
432233
0
0
0
45
61610
0
0
695
0
0
56185
0
0
0
351
436914
0
0
765
0
0
436914
0
0
0
0
0
0
0
0
0
0
0
0
0
0
0
0
0
0
0
0
0
0
0
0
0
0
0
0
0
0
0
0
0
0
0
0
0
0
0
0
0
0
0
0
0
0
0
0
0
0
0
0
0
0
0
0
0
0
0
0
0
0
0
0
0
0
0
0
0
0
0
0
0
0
0
0
0
0
0
0
0
0
0
194
0
0
0
0
0
0
0
0
0
0
0
0
0
0
0
40
5431
0
8
1472
0
2
0
330
0
22798
0
37
0
5113
0
0
1385
0
0
0
21461
0
0
0
0
389
34468
0
186
209
0
1
0
99
0
67475
0
364
0
32236
0
0
195
0
0
0
63106
0
0
0
0
113619
242794
0
190
429347
0
336
0
718
0
138596698
0
108604
0
232077
0
0
410395
0
0
0
132478855
0
0
0
0
0
86062
191199
77
0
0
0
427661
172
383
0
0
0
106832767
43107
95768
0
0
0
214207
0
0
0
53510437
0
0
0
87925
191199
154
0
0
0
436914
351
765
0
0
0
109144260
87925
191199
0
0
0
436914
0
0
0
109144260
0
0
0
111280
241988
191
0
0
0
436914
345
750
0
0
0
138136229
109092
237229
0
0
0
428322
0
0
0
135419728
0
0
0
0
0
0
0
765
0
0
0
0
0
0
0
0
0
0
0
0
6
0
8346
0
762
0
29
0
36596
0
8346
0
0
0
36596
0
0
0
0
0
0
0
0
7734
6
0
749
0
0
686327
564
0
0
102805
84
2406
1
7734
0
50790356
41783
1188753
977
686327
178064
146
102805
2406
87971478
72370
50790356
1188753
178064
87971478
0
0
0
0
189456
154
0
0
0
0
0
0
758
0
0
0
0
0
0
0
0
0
0
0
0
0
0
189456
0
0
0
0
0
0
0
0
0
0
0
0
0
0
0
0
0
0
0
0
0
0
0
0
0
0
0
0
0
0
0
0
0
0
0
0
0
0
0
0
0
0
0
0
0
0
0
0
0
0
0
247074
199
0
0
0
0
0
0
765
0
0
0
0
0
0
0
0
0
0
0
0
0
0
247074
0
0
0
0
0
0
0
0
0
0
0
0
0
0
0
0
0
0
0
0
0
0
0
0
0
0
0
0
0
0
0
0
0
0
0
0
0
0
0
0
0
0
0
0
0
0
0
0
0
0
0
191199
154
0
0
0
0
0
0
765
0
0
0
0
0
0
0
0
0
0
0
0
0
0
191199
0
0
0
0
0
0
0
0
0
0
0
0
0
0
0
0
0
0
0
0
0
0
0
0
0
0
0
0
0
0
0
0
0
0
0
0
0
0
0
0
0
0
0
0
0
0
0
0
0
0
0
235251
198
0
0
0
0
0
0
731
0
0
0
0
0
0
0
0
0
0
0
0
0
0
235251
0
0
0
0
0
0
0
0
0
0
0
0
0
0
0
0
0
0
0
0
0
0
0
0
0
0
0
0
0
0
0
0
0
0
0
0
0
0
0
0
0
0
0
0
0
0
0
0
0
0
0
0
3212
2
0
756
0
0
285053
226
0
0
508762
405
999
0
3175
0
251350007
200128
493727
393
281738
881203
701
502845
987
435350983
346633
248426676
487985
870954
430287626
0
0
0
0
0
0
0
1
0
0
0
0
0
0
107
0
0
0
0
0
20
0
43
0
0
0
0
9956
0
21637
185
0
0
4069
34
75
0
2010412
17243
37472
7047
3481722
0
0
0
0
0
0
0
6
0
0
0
0
0
0
602
0
0
0
0
0
113
0
1044
2
0
0
0
56109
0
516254
1044
0
0
97274
196
1809
0
48057427
97185
894178
168483
83237906
