788
197663
2563
3257
0
0
11945
41
2288656
9123
36
1603786
204
11489
23
11485
1673
205
5
1673
0
154
0
0
23397
200
70
22856
0
202
0
0
0
156
0
0
197663
159
788
197663
197663
154
763
191350
10
0
0
40
23
2261
2261
40
37
7183
22
36
3957
1
0
509
0
0
36
0
0
0
774
0
0
0
774
0
203
19759
430
40
0
85
19740
430
41768
85
41728
201
16419
33
36
16419
35320
5954
2882288
9261
0
152
0
35
0
0
8888
0
0
0
1
45658
36
788
238795
194
45658
238795
0
6437
5
751
33668
26
6230
32584
0
0
0
37548
30
788
0
0
0
37548
0
0
0
0
0
0
718
0
0
0
0
0
20951
0
202
0
64
0
0
20697
0
0
0
23397
0
195
0
68
0
0
22251
0
0
0
0
36639
29
0
0
787
0
0
36589
0
0
0
197663
149
0
0
742
0
0
186027
0
0
0
197663
154
0
0
764
0
0
191590
0
0
19837
10569
541
2080
106
56
1024405
52484
27965
5504
2710323
2562
196299
159
12616
10
783
3161185
2562
196299
12616
3161185
3947
197663
154
19570
15
765
4903666
3827
191688
18979
4755432
29
34
44277
770
5217
6553153
43257
6402183
0
0
0
736
0
0
0
0
10
61
0
17
28
1924
90
5090
597
10
12708
36
46074
783
593
742256
12621
45756
737139
0
69
87530
0
0
774
0
0
85956
0
0
0
0
27144
0
0
18
0
0
622
0
0
25
18200
11274
541
4
2
0
2035
97
60
2227
1379
66
1002520
48109
29801
249
11
7
5381
122677
5887
3646
2649953
658
324272
0
3312
0
205
0
0
0
0
10
0
0
0
0
0
3312
0
0
0
0
0
0
0
0
0
0
0
36
255427
0
160
138
0
0
0
616
0
44772
0
28
0
199711
0
0
108
0
0
0
35006
0
0
0
0
1707
0
36097
29
0
45004
36
0
0
767
0
2090190
1685
0
0
35636
0
0
44429
0
0
0
2063496
0
0
0
205
0
36639
26
0
5489
3
0
0
707
0
254940
184
0
0
32877
0
0
4925
0
0
0
228767
0
0
0
5584
7094
248098
202
595
20831
17
26465
21
757
192784
6741674
5514
8564929
7005
244985
719154
588
20570
26133
232737618
190365
6657079
8457456
710130
229817222
0
23397
252081
197
0
0
0
88598
69
746
0
0
0
28686368
22441
241779
0
0
0
84977
0
0
0
27514018
0
0
16702
95
15
17
21503
788
7794
17058
20931479
2826
3468805
21503
1392028
1729326945
20931479
3468805
1729326945
15324
7
1
1
1641
751
546
1241
1598190
188
243002
1564
92929
121145768
1523007
231571
115446738
10
36
4221
45092
70
757
87848
1778
203708
2176131
4142
44257
5131419
86220
199934
2135820
247639579
5036362
243052189
10
37
0
46080
0
788
0
1812
0
2223838
0
46080
0
0
0
2223838
0
0
0
10
36
0
46080
0
786
0
1806
0
2223838
0
45933
0
0
0
2216724
0
0
0
33
934
0
45822
33
0
19978
14
0
0
721
150679
0
7391612
5510
0
1160433
854
0
0
41920
0
0
18277
0
0
187190691
137848
0
0
6762156
0
0
1061613
0
0
0
0
171249891
0
0
0
0
0
0
0
0
0
27234
20
0
0
750
0
0
0
0
0
0
0
0
0
0
0
0
25916
0
0
0
0
0
0
0
0
0
0
0
0
0
0
0
0
0
0
204
16702
541
33
1
46080
36
89
773
16702
541
44854356
35835
44191
89
7433350
5938
241006
192
45173
44191
3705798473
2924262
120150701
94811
43971177
19911605
15712
7286988
236261
9804621170
7736870
3632831549
117784942
19519547
9611568834
28
15298
431
4
0
6394
4
65
739
2122
59
6213108
4743
32338
9
946334
722
26719
20
5990
4487
470964898
355169
13297364
10027
5820831
2025354
1527
886585
25032
995571676
750792
441229601
12457809
1897480
932714297
1
801
25
4
0
5893
4
89
788
102
3
275202
224
2120
11
950673
774
30823
25
5893
271
22736770
18302
737179
593
275202
2546554
2049
950673
30823
60155840
48422
22736770
737179
2546554
60155840
0
11859
0
0
0
0
0
0
714
0
0
0
0
0
0
0
0
0
0
0
0
0
0
0
0
0
0
0
0
0
0
0
0
0
0
0
4
19505
10961
0
205
0
0
2121
0
447
251
0
1098
1044601
0
4560475
0
2562995
0
48
23976
0
104675
0
58827
0
0
244237484
0
0
0
5605929
0
0
0
0
17
15351
2036
0
155
4
0
517
0
1716
227
0
4058
197327
0
3516832
0
466435
0
57
22067
0
393299
0
52163
0
0
45205758
0
0
0
5055519
0
0
0
0
201
19821
3349
0
199
39
6
659
0
19515
3297
0
45714
324581
0
4500095
0
760320
0
649
319566
0
4430559
0
748571
0
0
73688350
0
0
0
72549712
0
0
0
0
4
13928
1258
0
154
1
0
290
0
398
36
0
1030
110684
0
3164948
0
286016
0
8
3169
0
90628
0
8190
0
0
25150702
0
0
0
720189
0
0
0
0
204
16702
11489
541
255427
33
23
1
1904
89
61
16702
11489
541
59453121
937589
44191
4851534971
30398
3337327755
157298173
1904
89
61
5037
937589
44191
4851534971
30398
3337327755
157298173
2480627
272334942419
12835955011
8829739285
5037
2480627
272334942419
12835955011
8829739285
720530530955
720530530955
72
11859
8891
419
197663
14
10
0
1746
82
61
5403
4050
190
20961383
665694
31376
3444624388
23524
2582611748
121726165
795
37
28
4622
303291
14295
1569375562
10717
1176641429
55458606
1761263
193359749055
9113619492
6832948418
2105
802433
88094965013
4152177453
3113100605
511581809569
233077369182
0
16702
11489
432
253693
0
0
0
1904
71
49
0
0
0
0
937589
35307
4818604287
24288
3314675031
124824762
0
0
0
4025
0
0
0
0
0
0
1981967
270486419048
10186037145
7006884354
0
0
0
0
0
571780654131
0
204
16702
3485
55
255427
33
7
0
577
9
1
16702
3485
55
59453121
284430
4538
4851534971
947
1012424812
16153959
577
9
1
156
284430
4538
4851534971
947
1012424812
16153959
77282
82616594246
1318206676
275085133
156
77282
82616594246
1318206676
275085133
22447688572
22447688572
158
12925
30
419
192762
33
0
1
6
89
0
12914
30
418
44829838
2496
34197
3661295760
80
8664195
118707818
6
89
0
17
2493
34169
3658235693
80
8656954
118608604
6603
707021724
9686878058
22923307
17
6598
706430803
9678781881
22904147
1870603653
1869040225
93
16702
10788
3
255427
15
9
0
1787
0
0
7621
4922
1
27127393
880410
291
4851534971
188
3133803006
1038540
815
0
0
31
401715
133
2213668436
85
1429898133
473867
15379
255726774168
84747727
54741991
14
7017
116683542753
38668868
24977789
4467094056
2038254938
0
11489
541
0
0
0
0
61
788
0
0
0
0
30398
0
0
0
0
0
0
0
0
0
0
0
0
0
0
0
0
0
0
0
0
0
0
0
8891
419
0
0
0
0
61
765
0
0
0
0
23524
0
0
0
0
0
0
0
0
0
0
0
0
0
0
0
0
0
0
0
0
0
0
92
3485
432
3
0
20907
15
14
738
1581
196
20350934
15516
7368
6
703797
536
87366
66
19560
3342
350869123
264237
43555301
32801
19039793
1506276
1134
658454
81737
741701478
551703
328263818
40749181
1409231
693916172
0
11489
55
0
0
0
0
6
769
0
0
0
0
3121
0
0
0
0
0
0
0
0
0
0
0
0
0
0
0
0
0
0
0
0
0
0
29
11489
0
3
0
6586
5
0
788
1642
0
6411275
5225
0
0
730876
595
0
0
6586
0
364368950
293300
0
0
6411275
0
0
730876
0
0
0
364368950
0
0
0
0
8891
419
0
0
0
0
61
764
0
0
0
0
23524
0
0
0
0
0
0
0
0
0
0
0
0
0
0
0
0
0
0
0
0
0
0
0
202
0
0
0
159
0
0
23301
202
71
23030
23397
203
71
23188
0
203
0
0
0
187
0
0
419
157
158
1
96727
419
36559
96727
254027
202
782
251980
197663
159
788
197663
4203
70
36
4123
511
61
4
476
4124
71
36
4106
22
34
3845
0
0
19
0
0
0
35
0
11489
541
204
61
23
1
30398
11489
541
61
30398
8864
334
158
49
23
0
18739
8864
334
49
18739
0
0
204
0
0
0
0
0
0
0
0
0
0
199
0
0
0
0
0
0
0
0
4337
0
155
0
16
0
0
4229
0
0
0
92
541
0
16
245
16268
87
43042
152
419
1
35
404
27279
189
72175
0
0
0
788
0
0
0
0
0
0
0
21436
17
780
0
0
0
21200
0
23187
0
201
0
70
0
0
22691
0
0
0
18106
0
158
0
72
0
0
18062
0
0
0
7004
0
191
0
20
0
0
6625
0
0
0
0
35758
29
0
0
769
0
0
35758
0
0
0
36639
29
0
0
787
0
0
36589
0
0
13609
8891
417
158
2004
94
35
61
23
1
763928
35877
13609
23439
8891
417
5285
2004
94
61
2013912
763928
35877
23439
5285
2013912
14481
8891
419
158
2133
100
38
61
23
1
812906
38314
14481
23524
8891
419
5644
2133
100
61
2150747
812906
38314
23524
5644
2150747
18200
10416
541
204
1881
97
36
55
21
1
926282
48122
18200
27542
10416
541
4973
1881
97
55
2449098
926282
48122
27542
4973
2449098
18200
11489
541
204
2074
97
36
61
23
1
1021674
48154
18200
30398
11489
541
5489
2074
97
61
2703097
1021674
48154
30398
5489
2703097
23397
255427
200
89774
70
769
29067128
22830
249238
87599
28362886
6770
252570
191
25685
19
728
8316426
6320
235809
23980
7764541
23068
246873
201
88005
71
767
28093687
22902
245091
87370
27890953
1102
12253
9
88191
70
783
1369868
1095
12175
87631
1361172
10
49
0
16
23
1892
71
4000
0
58
0
0
0
0
0
0
427
16
20531
16
20339
780
422
530015
20327
20137
524744
4172
71
89774
36
45547
785
4155
5183192
89413
45364
5162369
0
20
25578
0
0
767
0
0
24991
0
0
2186
72
89555
19
23925
788
2186
2716074
89555
23925
2716074
0
72
89774
0
0
788
0
0
89774
0
0
0
71
89774
0
0
780
0
0
88843
0
0
0
9
12606
0
0
716
0
0
11535
0
0
0
72
89774
0
0
788
0
0
89774
0
0
22
14040
8891
334
5
3
0
2068
77
49
2014
1275
48
788145
29680
18795
296
11
7
4372
113068
4257
2696
1666059
627
239015
25
18200
11274
541
4
2
0
2035
97
60
2227
1379
66
1002520
48109
29801
249
11
7
5381
122677
5887
3646
2649953
658
324272
0
19837
11489
432
0
0
0
2261
85
49
0
0
0
1113551
41934
24288
0
0
0
4780
0
0
0
2353933
0
0
203
15324
11432
200
30
23
1738
15262
11385
46533
855915
3498103
2609549
1731
852445
3483922
2598970
195376586
194584550
0
1115
0
9
0
0
0
0
67
0
0
0
0
0
1048
0
0
0
0
0
0
0
0
0
0
0
0
6906
0
192
0
0
0
0
19
0
0
0
0
0
6459
0
0
0
0
0
0
0
0
0
0
0
23397
250206
0
196
87939
0
68
0
737
0
28473053
0
22336
0
238858
0
0
83950
0
0
0
27181618
0
0
0
0
1244
17677
197663
79
551
6168
2
87646
35
395
138220
1545552
623
21960620
8854
99006
685313
276
3089
43900
171712107
69231
774137
10999644
343260
86007228
89
18106
197663
159
40
443
0
89774
72
788
10176
111096
89
22493776
18106
197663
50457
40
443
89774
12642578
10176
111096
22493776
50457
12642578
1668
22815
249071
196
601
6566
5
89774
70
773
189905
2073152
1635
28343890
22366
244173
747236
589
6437
88008
235920789
186170
2032383
27786496
732541
231281317
14607
0
0
0
0
788
0
0
0
0
0
0
0
0
0
0
0
10
36
0
45672
0
786
0
1802
0
2204123
0
45672
0
0
0
2204123
0
0
0
199
15150
541
29
1
43874
36
81
770
14760
527
42706227
35613
40083
79
6419473
5353
229464
191
43874
39051
3200343726
2636046
114396541
94225
42706227
17195749
14163
6419473
229464
8467313611
6974322
3200343726
114396541
17195749
8467313611
0
11859
8891
414
195148
159
0
0
0
1746
81
61
778
0
0
0
0
0
665694
31028
3400796085
2772763
23263
2549751418
2078883
118846871
96899
195148
0
0
0
4570
0
0
0
0
0
0
0
0
0
0
1741764
190899501192
155645689
8898047192
7254826
3400796085
6671322797
5439315
2549751418
118846871
0
0
0
0
0
0
0
0
0
0
0
499480923872
407240732
190899501192
8898047192
6671322797
0
0
0
0
0
499480923872
0
201
15324
11489
541
255427
205
30
23
1
1746
82
61
788
15118
11334
534
58652713
47212
860230
40545
4451246142
3583048
30398
3337327755
2686395
157298173
126617
255427
1723
81
60
4622
848649
39999
4391319708
3534810
29989
3292397831
2650228
155180492
124913
58652713
2275956
249865221825
201129991
11776890316
9479854
4451246142
8829739285
7107533
3337327755
157298173
4559
2245315
246501325237
198422209
11618339875
9352228
4391319708
8710865879
7011845
3292397831
155180492
661081238232
532139938
249865221825
11776890316
8829739285
652181204425
524975821
246501325237
11618339875
8710865879
661081238232
652181204425
0
12612
8889
418
197663
159
0
0
0
1857
87
61
788
0
0
0
0
0
707795
33293
3663421934
2948885
23464
2581941720
2078344
121448624
97760
197663
0
0
0
4903
0
0
0
0
0
0
0
0
0
0
1868380
205588328673
165489132
9670404075
7784229
3663421934
6815600327
5486244
2581941720
121448624
0
0
0
0
0
0
0
0
0
0
0
542695394308
436844788
205588328673
9670404075
6815600327
0
0
0
0
0
542695394308
0
0
15267
11446
431
242492
204
0
0
0
1746
65
49
751
0
0
0
0
0
857022
32273
4225829249
3569686
24197
3168321138
2676377
119313335
100787
242492
0
0
0
3692
0
0
0
0
0
0
0
0
0
0
1811658
237211722104
200379955
8932971278
7545952
4225829249
6697507178
5657587
3168321138
119313335
0
0
0
0
0
0
0
0
0
0
0
501441344484
423582753
237211722104
8932971278
6697507178
0
0
0
0
0
501441344484
0
0
11489
541
0
0
0
0
61
779
0
0
0
0
30398
0
0
0
0
0
0
0
0
0
0
0
0
0
0
0
0
0
0
0
0
0
0
0
19029
2631
540
0
0
0
0
496
102
14
0
0
0
0
244611
50233
6945
0
0
0
0
0
0
1311
0
0
0
0
0
0
645704
0
0
0
0
0
0
0
0
0
0
203
19080
11105
541
38
22
1
36
2103
102
59
18978
11045
538
36346
1035578
50482
29381
2092
102
6885
59
4007
195
5566
1030018
50211
3389373
29224
1972677
96164
2739882
5536
373705
18217
10602
2725172
181692438
8857185
5155043
976575
486696838
