713
53718
733
933
1823
0
3621
41
661482
2733
37
458102
32
3568
47
3567
0
55
0
0
0
42
0
0
6691
54
66
6516
2352
55
23
2326
0
42
0
0
53718
43
713
53718
53718
41
690
52003
10
1576
68225
41
47
4574
4574
41
37
7065
45
36
7628
46
23
9171
1564
24
36
1554
30015
23
700
29459
0
0
700
0
32
3133
2927
41
39
3757
3130
2925
280512
3753
280244
32
2594
35
36
2594
5345
5894
267123
2800
0
41
0
35
0
0
2687
0
0
0
48
46008
37
713
10187174
8200
46008
10187174
0
0
0
683
0
0
0
0
713
30015
24
21019
16
713
884324
713
30015
21019
884324
0
28116
23
0
0
653
0
0
27336
0
0
6016
2340
55
2592
61
23
251790
5943
2311
2560
248737
6691
0
53
0
65
0
1
6359
0
0
1
338
9957
8
30015
24
713
418923
338
9957
30015
418923
0
53718
40
0
0
669
15
0
50407
0
14
0
53718
42
0
0
691
15
0
52068
0
14
3136
3278
3668
4202
4702
4914
314060
351456
367287
470860
35188753
724
52801
42
11989
9
709
892857
724
52801
11989
892857
1131
53718
42
18620
14
691
1402045
1097
52096
18058
1359697
31
35
44646
697
5144
5997398
43618
5859232
0
0
0
668
0
0
0
0
0
5349
0
0
0
0
0
0
633
9
12066
37
46427
708
629
785224
11983
46107
779811
0
66
83319
0
0
700
0
0
81821
0
0
877
0
25773
0
29918
16
20
1084346
591
686
24873
0
2877
3513
3663
0
0
0
4132
4308
5259
0
0
0
308811
322011
393080
0
0
0
462349
0
0
0
34552668
0
0
0
947
0
56
0
0
0
0
9
0
0
0
0
0
947
0
0
0
0
0
0
0
0
0
0
0
10
69417
2356
43
131
4
0
30015
557
18
12774
433
8
2920469
54275
1842
5523
102
3
23468
537423
9987
339
2283434
4318
420196
518
0
9805
7
0
45327
36
0
0
691
0
632636
509
2
0
9647
12
0
44596
0
176
0
622422
2
12
174
0
338
9957
7
0
0
0
30015
21
639
0
0
0
418923
303
8932
0
0
0
26925
0
0
0
375789
0
0
1691
2026
67515
55
630
21018
17
25186
20
686
61302
2041984
1670
2446943
2001
66668
761761
623
20754
24870
74007194
60533
2016361
2416238
752203
73078550
0
6691
68447
53
0
0
0
84044
65
671
0
0
0
8177428
6387
65343
0
0
0
80232
0
0
0
7806529
0
0
2645
15
16
17
21668
713
1234
2575
1954820
2785
3172500
21668
128687
159494671
1954820
3172500
159494671
2427
0
0
0
0
681
0
0
0
0
0
0
0
0
0
0
0
10
36
4475
45463
67
685
83453
1769
196082
1991666
4393
44621
5431527
81907
192449
1954772
235100738
5330910
230745613
10
37
1576
46434
24
713
30015
1803
68225
2034184
1576
46434
1953550
30015
68225
2034184
85580905
1953550
85580905
10
37
0
46434
0
710
0
1796
0
2034184
0
46261
12
0
0
2026617
568
12
566
35
988
1567
46173
34
642
18922
13
30015
22
651
144664
226734
6760222
5421
41570
1224628
902
1942580
1431
42175
796083
586
17283
27416
6086249
177154715
132137
284411796
207099
6174810
51521814
37970
1118580
1774360
727145
7543269905
5559201
161813738
259782732
47060206
6890049184
0
0
0
0
0
877
25857
19
30015
23
678
0
0
0
0
0
0
0
0
0
0
1087847
834
24593
28549
0
0
0
0
0
0
0
0
0
0
1034703
0
0
0
0
0
0
32
2645
3668
35
49
46434
36
3966
698
2645
3668
4189436
5406
296458
3966
6798394
5846
10281491
8106
45481
296458
341817997
270138
758678324
605814
4103518
820419415
655115
6658971
10070635
62095132215
48958636
334807880
743119073
803593955
60821662705
0
2426
2925
0
0
0
0
2903
669
0
0
0
0
216892
0
0
0
0
0
0
0
0
0
0
0
0
0
0
0
0
0
0
0
0
0
0
0
126
175
0
0
0
0
3966
713
0
0
0
0
14222
0
0
0
0
0
0
0
0
0
0
0
0
0
0
0
0
0
0
0
0
0
0
0
1878
0
0
0
0
0
0
646
0
0
0
0
17
0
0
0
0
0
0
0
0
0
0
0
0
0
0
0
0
0
0
0
0
0
0
0
3081
3393
2346
55
0
0
4274
24
0
0
0
0
319462
22710246
540913
18367391
438339
2346
0
0
0
0
0
0
0
2354144167
56071138
22710246
18367391
0
0
0
0
2354144167
0
0
2427
632
1823
42
0
0
1047
23
0
0
0
0
60582
17962735
418223
3436629
80172
1789
0
0
0
0
0
0
0
448311880
10437969
17629985
3372967
0
0
0
0
440007143
0
32
3136
1039
0
54
41
13
1333
0
3087
1023
1
5506
99629
154
535814
37
130750
0
1312
98089
151
527535
36
128730
1
4896
17020094
150
36
4821
16757099
147
35
4767
4693
0
2201
389
1819
42
0
0
588
23
0
0
0
0
33973
16296917
375593
2119371
48941
1767
0
0
0
0
0
0
0
251451754
5795191
15832966
2059035
0
0
0
0
244293257
0
32
2645
3568
3668
69417
35
47
49
3858
3966
5349
2645
3568
3668
6718133
288378
296458
548135502
399819
571317940
764953284
3858
3966
5349
432356
288378
296458
548135502
399819
571317940
764953284
32311257
46614082492
62412875537
65052519637
432356
32311257
46614082492
62412875537
65052519637
5307663740427
5307663740427
11
1878
2761
2838
53718
14
21
22
3540
3639
5349
854
1256
1291
2364841
204750
210487
389180089
309402
442117901
591963803
1610
1655
2433
396684
93136
95745
177028714
140739
201108858
269270175
22941222
33096328805
44313583793
50341292406
180442
10435413
15054728372
20157189371
22899049848
3768478857682
1714190897528
0
2645
3568
2928
68998
0
0
0
3858
3166
4270
0
0
0
0
288378
236628
544826838
319129
567869342
606838016
0
0
0
345100
0
0
0
0
0
0
25790318
46332709907
49512181118
51606212768
0
0
0
0
0
4210573638361
0
32
2645
1082
376
69417
35
14
5
1170
407
166
2645
1082
376
6718133
87483
30445
548135502
12456
173317246
78557968
1170
407
166
13469
87483
30445
548135502
12456
173317246
78557968
1006637
14141030516
6409579296
2026671564
13469
1006637
14141030516
6409579296
2026671564
165357025957
165357025957
25
2047
9
2838
52550
35
0
49
13
3966
18
2045
9
2836
5081527
767
229416
414950882
1064
1487854
579086812
13
3963
18
1487
767
229224
414604076
1063
1486610
578602825
86017
121394675
47247948214
169412955
1486
85945
121293216
47208459436
169271363
13822477680
13810925162
14
2645
3350
24
69417
16
20
0
3623
26
33
1205
1526
11
3060908
270800
1957
548135502
2478
536484806
5050504
1650
11
15
2680
123381
891
249740847
1129
244432571
2301104
200327
43772031739
412072889
403314223
1221
91272
19943361189
187748161
183757548
32906585207
14992859326
0
3568
3668
0
0
0
0
5349
713
0
0
0
0
399819
0
0
0
0
0
0
0
0
0
0
0
0
0
0
0
0
0
0
0
0
0
0
0
2761
2838
0
0
0
0
5349
691
0
0
0
0
309402
0
0
0
0
0
0
0
0
0
0
0
0
0
0
0
0
0
0
0
0
0
0
0
1082
2930
0
0
0
0
1296
667
0
0
0
0
96908
0
0
0
0
0
0
0
0
0
0
0
0
0
0
0
0
0
0
0
0
0
0
0
3568
376
0
0
0
0
549
697
0
0
0
0
41060
0
0
0
0
0
0
0
0
0
0
0
0
0
0
0
0
0
0
0
0
0
0
0
3568
0
0
0
0
0
0
713
0
0
0
0
32
0
0
0
0
0
0
0
0
0
0
0
0
0
0
0
0
0
0
0
0
0
0
0
2761
2838
0
0
0
0
5349
691
0
0
0
0
309402
0
0
0
0
0
0
0
0
0
0
0
0
0
0
0
0
0
0
0
0
0
0
0
55
0
0
0
43
0
0
6659
55
67
6582
6691
55
68
6631
2356
55
24
2336
2352
51
22
2143
2838
42
25
49
471499
2838
4390
471499
69131
55
707
68574
53718
43
713
53718
4456
67
36
4372
0
58
0
0
4395
68
36
4375
46
34
7395
0
24
0
0
1576
23
36
1521
3568
3668
32
5349
47
49
399819
3568
3668
5349
399819
2737
2258
25
4257
47
39
245098
2737
2258
4257
245098
0
2356
55
0
0
24
0
0
2346
0
0
0
2356
54
0
0
23
0
0
2285
0
0
1316
1823
42
735
17
23
55382
1283
1778
717
54005
14
3668
22
16
1664
2456
3683
275247
24
2838
47
36
2765
4160
8061
466206
0
0
0
713
0
0
0
0
0
30015
23
0
0
705
0
0
29685
0
0
6621
2356
54
2862
66
23
278558
6479
2305
2801
272596
5177
1823
43
2893
68
24
217816
5164
1818
2886
217287
2001
2322
52
877
19
22
84186
1896
2201
831
79770
34
9708
8
3017
2
698
41947
34
9708
3017
41947
338
9957
8
30015
24
713
418923
338
9957
30015
418923
2155
2761
2838
25
4062
4175
37
5348
47
49
234966
241494
2155
309331
2761
2838
455120
4062
4175
5348
26320734
234966
241494
309331
455120
26320734
2288
2761
2838
25
4312
4433
39
5349
47
49
249384
256371
2288
309402
2761
2838
483156
4312
4433
5349
27942159
249384
256371
309402
483156
27942159
2877
3231
3668
32
3801
4314
38
4845
43
49
284083
322458
2877
362106
3231
3668
425917
3801
4314
4845
31830027
284083
322458
362106
425917
31830027
2877
3568
3668
32
4197
4314
38
5349
47
49
313670
322458
2877
399819
3568
3668
470275
4197
4314
5349
35145049
313670
322458
399819
470275
35145049
6691
69417
54
85234
67
696
8293230
6529
67735
83169
8092300
1938
68910
52
24516
18
660
2385394
1808
64275
22867
2224968
6591
67106
54
83642
68
695
8017213
6544
66622
83038
7959358
317
3330
2
84230
67
708
393164
315
3308
83693
390659
22
4274
18
17
1994
3656
3003
327325
0
5033
0
0
0
0
0
0
452
15
19518
16
20506
706
448
560992
19323
20301
555400
4424
68
85234
36
45896
710
4406
5483241
84886
45708
5460805
0
19
24147
0
0
694
0
0
23613
0
0
0
68
85013
0
0
713
0
0
85013
0
0
0
68
85234
0
0
713
0
0
85234
0
0
2893
68
85234
23
30015
706
2863
3585949
84351
29704
3548778
409
8
12011
22
29878
647
373
505334
10953
27247
460835
2893
68
85234
24
30015
713
2893
3585949
85234
30015
3585949
0
2227
2761
2268
0
0
0
4197
3447
4274
0
0
0
242735
199374
247206
0
0
0
375740
0
0
0
21729981
0
0
0
2877
3513
3663
0
0
0
4132
4308
5259
0
0
0
308811
322011
393080
0
0
0
462349
0
0
0
34552668
0
0
0
3136
3568
2930
0
0
0
4574
3757
4274
0
0
0
341877
280806
319447
0
0
0
409529
0
0
0
30605301
0
0
32
2427
3564
54
32
47
3536
2417
3549
5587
264264
396080
449436
3521
263192
394475
447614
33644215
33507824
0
318
0
2
0
0
0
0
64
0
0
0
0
0
299
0
0
0
0
0
0
0
0
0
0
0
0
1964
0
52
0
0
0
0
18
0
0
0
0
0
1837
0
0
0
0
0
0
0
0
0
0
0
6691
68181
0
53
83718
0
65
0
668
0
8145647
1
6385
19
65067
0
23
79893
0
0
2277
7773562
1
18
22
2173
0
5063
53718
21
0
0
0
83355
33
357
0
0
0
6276279
2536
26906
0
0
0
41751
0
0
0
3143665
0
0
0
5178
53718
43
0
0
0
85234
68
713
0
0
0
6417767
5178
53718
0
0
0
85234
0
0
0
6417767
0
0
0
6537
67824
53
0
0
0
85234
67
699
0
0
0
8102924
6409
66490
0
0
0
83558
0
0
0
7943577
0
0
2311
0
0
0
0
713
0
0
0
0
0
0
0
0
0
0
0
10
37
1567
46039
24
711
29928
1793
67842
2016910
1567
46039
1936961
29928
67842
2016910
84854183
1936961
84854183
31
2391
3668
31
47
44252
36
3585
697
2330
3573
3992633
5377
267966
3493
5856340
5256
9798507
8063
44252
261067
294452240
242869
723038569
602574
3992633
706733827
588986
5856340
9798507
53490604511
44016619
294452240
723038569
706733827
53490604511
0
1878
2761
2806
53137
43
0
0
0
3540
3597
5288
705
0
0
0
0
0
204750
208079
384969115
314008
305862
437334133
356720
578858757
472158
53137
0
0
0
392144
0
0
0
0
0
0
0
0
0
0
22678712
32738222613
26703607
43332558310
35345096
384969115
49226823964
40152875
437334133
578858757
0
0
0
0
0
0
0
0
0
0
0
3685051306230
3005788219
32738222613
43332558310
49226823964
0
0
0
0
0
3685051306230
0
32
2427
3568
3668
69417
56
32
47
48
3540
3639
5349
713
2398
3525
3624
6637469
5678
264585
271998
502910120
405770
399819
571317940
460965
764953284
617198
69417
3497
3595
5285
396684
261408
268732
496871710
400898
395018
564458161
455430
755768538
609788
6637469
29645332
42768063285
34507198
57263334771
46202635
502910120
65052519637
52487300
571317940
764953284
391921
29289384
42254549823
34092872
56575777491
45647883
496871710
64271438101
51857088
564458161
755768538
4869740786767
3929126023
42768063285
57263334771
65052519637
4811270113631
3881949252
42254549823
56575777491
64271438101
4869740786767
4811270113631
0
1997
2760
2838
53718
43
0
0
0
3762
3869
5347
713
0
0
0
0
0
217604
223758
413747436
333830
309279
441987346
356615
591907240
477577
53718
0
0
0
421556
0
0
0
0
0
0
0
0
0
0
24379658
35175174526
28380913
47106417495
38007577
413747436
50321618125
40601746
441987346
591907240
0
0
0
0
0
0
0
0
0
0
0
4004801748588
3231254281
35175174526
47106417495
50321618125
0
0
0
0
0
4004801748588
0
0
2414
3548
2914
65977
55
0
0
0
3540
2907
4274
681
0
0
0
0
0
263140
216134
477956320
403674
317703
542969826
458583
580854949
490580
65977
0
0
0
316941
0
0
0
0
0
0
0
0
0
0
23556678
40645963039
34328918
43481990482
36724180
477956320
49396582490
41719549
542969826
580854949
0
0
0
0
0
0
0
0
0
0
0
3697759192446
3123067186
40645963039
43481990482
49396582490
0
0
0
0
0
3697759192446
0
0
3568
3668
0
0
0
0
5349
705
0
0
0
0
399819
0
0
0
0
0
0
0
0
0
0
0
0
0
0
0
0
0
0
0
0
0
0
0
3010
817
3668
0
0
0
0
1005
4513
1225
0
0
0
0
75141
337313
91548
0
0
0
0
0
0
112649
0
0
0
0
0
0
8418627
0
0
0
0
0
0
0
0
0
0
32
3008
3457
3668
40
46
48
37
4251
4510
5184
2995
3443
3652
5496
317752
337084
387449
4233
4491
6758
5162
7768
8241
476395
316411
335661
505097
385814
277425
615888
35602415
474385
713846
757277
870425
35452179
53347802
56593520
65049371
79982690
5977335052
