79851
167197
14624
18634
7514
33263
28931
9757
140955904
22167
9094
93467856
112879
366066
256856
365954
1826
29823
1381
1826
4390
22048
4084
4188
133491
28016
71930
125206
9700
29518
5646
9595
47
22812
22
37
167197
23115
79851
167197
167197
22057
76196
159544
596
3644
1928813
10685
256935
41144
41144
10668
21949
182144352
244602
21372
3328963072
315438
5601
3745466368
3617
5692
21763
3607
38889
5602
78371
38168
154
22
78371
151
112743
17833
376989
10676
261910
43610
17820
376694
74428
43576
74369
110538
11599
7595
21722
11599
1671851264
131861776
196518512
22535
29
22184
14
21094
21
29
21628
28
13
28
325406
71954
21804
79851
10485209088
5344765952
71954
10485209088
21726
4734
1401
75727
689881728
343415072
4556
663906560
1482
38889
5708
29506
8941
79851
15250
1482
38889
29506
15250
1685
36420
5520
31733
9931
73057
16319
1638
35402
30846
15863
119759
9646
29241
16122
67652
5575
53661
117499
9463
15818
52648
133491
51
22020
95
56536
22
317
98410
37
70
233
1392
30992
4284
38889
5708
79851
27018
1392
30992
38889
27018
39
167197
21647
206
28
74781
773
37
156582
193
724
39
167197
22404
204
29
77397
766
38
162059
198
743
17847
335567
472184
37716
54583
934297
68066
93222
1531964
203162
378665
14481
164579
22889
51283
10856
79377
160330
14481
164579
51283
160330
22578
167197
21985
79649
15942
75949
251472
21475
159027
75757
239185
6698
20584
69732
77785
114646992
230820944
67928
224849024
61
165
600
72762
977784
2104488
546
1917659
118224
1019213
150952
10115
468973
1610869248
2479383808
8656158720
10832
10781
51589
21829
72535
79300
10758
51519
51233
72035
51164
2217
72250
356206
628
2150
76962
2137
10546
343321
2072
10164
5463
526
110114
129
38735
1801
123
81164
2494
877
1838
13496
15825
360486
471471
1132
30242
39153
35928
48328
1002164
1891
43088
56353
64840
82539
1643245
4294
5776
119786
193240
7750
9865
196413
360172
23097
43050
1461
18897
38
29870
543
0
1103
10
10856
22
947
1
1461
33
18897
38
0
543
0
10
1
947
1
33
0
1
205
216057
9710
23354
561
27
92
38889
62433
4462
2290
92
160
188359
168928
7591
413
438
21
30406
2691
1790
72
147272
323
2104
4143
5
30428
4213
14
70626
21439
151
22
77104
5
30069
4074
105
5
29926
144
14
69461
148
104
5
29572
103
142
102
111
1392
30992
3773
97
1938
517
38889
5026
70318
36
825
98
27018
1226
27292
1001
85
1706
34246
721
32
726
23793
882
634
13529
40461
210518
29469
10793
32888
10091
107810
22973
76893
18802
97531
13359
439475
39953
207876
50058
10657
32475
106457
204282
18566
96307
433960
49429
201719
378
133491
213197
28274
994
930
270
359595
72592
74584
1734
2761
358
1467106
126358
201806
4667
941
880
340382
19065
1641
2613
1388721
4418
18047
11849
52693
3544
10258
33852
79851
5529
806521344
1581976832
62273472
122132576
33852
94802896
187822688
1581976832
122132576
187822688
10448
1915
113
356
1230
76355
177
28041108
57519712
1909185
3915739
1176
2906475
6021857
55002112
3744350
5758284
596
21575
76529
70966
75269
76669
356505
9611054
23229150
25014174
75111
69652
356056
349901
22798840
24550800
122719384
349460
120446064
596
21983
3644
72542
5708
79851
38889
9792454
1928813
25569426
3644
72542
37494
38889
1928813
25569426
13993892
37494
13993892
596
21851
19
72542
29
79372
204
9733768
10141
25569426
19
72107
197
203
10081
25416188
73581
195
73140
7554
16976
3624
72157
19944
4016
81268
15599
38889
5206
72831
56461376
18842088
260327744
121068000
3983
80736
15483
37295
3306
65814
59902
3663
74124
35470
13383736
268158912
51497816
129472704
17185668
237442112
59540
3633
73638
34016
54636
199235040
12207163
244584880
118090656
54306
181720160
468
1560
244
4875
1376
5463
110551
21677
38889
5318
74403
4761095
1167999
16137423
7666900
366
7420
1453
2519
228
4542
81486
5090
103009
36236
1128581
22612450
4436301
8025866
1088320
15036554
5472
341
6914
2347
75927
16800460
1051591
21069864
7478354
5098
15654361
112914
11849
472184
7595
328064
72542
21363
65321
77599
11849
472184
3389961216
1679539712
106743
65321
261713504
129681344
10570831872
5236493312
70496
106743
402478528
197422224
18541867008
9097744384
3294386176
2228413952
1093584384
254334896
10272803840
3481233408
1707808000
391131232
18019110912
2165587200
3383085568
15707
10549
376695
940
36408
10091
2866
46394
74839
1467
52402
471583424
225331936
75815
6454
32413640
15489874
1173146240
560469952
9458
10546
49847616
23581230
2057768448
973745152
441984448
220179456
104208192
30379196
1099513600
343964800
162737856
46718932
1928612352
206359872
322375872
320
568
22652
449
19410
4292
1300
65321
79851
33
1340
9622161
4905558
5120
3864
15484734
7895422
625441664
318814784
4292
302
1142406
576625
52629760
26572462
9622162
131848008
66580972
15484734
625441664
9881232
4988123
1142406
52629760
131848008
9881232
40127
8184
1836
3113
757
33313
9103
293
72010
3758
843
1204713472
553875136
370
134
107270384
49324628
24404728
11218581
30042
170
127660544
58108908
33126722
15083125
1086416000
4591828
2091099
96736928
22008296
5551152
2527095
115124880
29873836
4140932
5006055
1247
17573
348595
9685
29870
116
2702
38580
5693
194
3850
4490686
23308168
69626
54655016
363195456
1138297600
6550509056
9685
426
769
603705
4011761
12573335
72355200
4490686
203975680
1422389248
54655024
1138297600
2253061
15711341
603705
12573334
203975680
2253061
4560
13811
64869
7514
22304
557
3070
9421
5507
720
3385
16461056
82230800
13158
43062976
275420192
212365600
1176209920
7250
491
686
2247353
14373518
11082852
61383584
15883682
38646336
259376096
41552536
204916896
2016859
13536216
2168527
10694119
37290816
1946118
110678
17847
106871
38
29127
10473
73526
12011
22
17493
104756
1584399
2016928000
21677
220679
359669184
1387488
1958298624
37
11774
21248
216310
352548608
1360019
1919529216
1544990
252495
431841056
215190
1352977
247496
423291712
210930
1326191
246215
241340
1284
12528
40044
7503
22013
142
535
5291
5443
184
589
4636963
22895084
7379
39065276
246953024
131097592
717673984
7156
77
108
575128
3635704
1930051
10565774
4422409
21673882
143777184
37257712
125031664
319088
2116723
548517
1840747
20671024
304323
112914
11849
366066
472184
216057
7595
256935
328064
30049
65321
1019213
11849
366066
472184
4300906496
51256
106743
534733280
1671200
14026451968
21584302080
30049
65321
1019213
264205
51256
106743
534733248
1671200
14026451968
21584300032
467495
2159054848
4527408128
75803353088
264205
467495
2159054592
4527408128
75803353088
18152916992
18152916992
39779
8412
283282
365402
167197
3172
116968
149350
27569
59931
1019213
3829
128963
166348
1515191296
36392
75788
379664384
1293268
10854455296
16703141888
12551
27283
463993
242406
16567
34502
172841088
588756
4941459968
7604057088
331924
1532944128
3214491648
58660896768
110354
151107
697868416
1463388032
26705203200
12888698880
5867543040
3316
11849
366066
376299
214942
223
7547
7679
30049
52056
812246
348
10752
11053
125681440
51256
85067
531974272
1331837
13954080768
17112530944
882
1529
23858
210554
1505
2498
15626017
39120
409882048
502657184
372563
2147914752
3589433344
60098641920
6184
10943
63092064
105434688
1765315456
14392049664
422746784
112914
11849
111051
48491
216057
7595
77944
33691
9115
6708
31752
11849
111051
48491
4300906496
15549
10962
534733280
52065
4255119872
2216630528
9115
6708
31752
8231
15549
10962
534733248
52065
4255119872
2216630528
14564
654979264
464948608
2361607680
8231
14564
654979328
464948608
2361607424
565543040
565543040
87314
9169
974
365402
163748
7589
883
327821
103
65321
3506
9162
973
365132
3257224192
136
82603
405271456
4449
36570456
16358625280
103
65272
3503
908
136
82542
404971840
4445
36543424
16346529792
1244
5629194
3431298048
197638272
908
1243
5625032
3428761600
197492160
47329180
47294192
51429
11849
344195
3117
216057
3459
110036
986
28253
431
6327
5396
156773
1419
1958968832
48193
704
534733280
10374
13188438016
142507552
12868
196
2881
1640
21951
321
243559296
4725
6007045120
64909080
2902
2030061312
29891624
470580384
747
1321
924648576
13614982
214339072
112691656
51328592
10964
366066
472184
24948
31855
7043
2134
1019213
79851
35545
45849
329170112
167817088
1671200
98967
666733504
339940672
1026443264
523222592
7043
162275
1223528192
617698560
1800442368
909032960
329170176
3618048512
1826703488
666733504
1026443264
6126772224
3064860416
1223528064
1800442368
3618048512
6126772224
17215
283282
365402
50620
64634
14292
4147
1019213
76465
55811
71990
516844224
252324288
1293268
200802
1352792832
660489216
2082638848
1016597760
13686
254796
1921114368
928751360
2826952448
1366792064
494929408
7340968960
3549201152
1295432960
1994332416
9619908608
4608223744
1839656960
2707086080
7029703168
9212013568
23902
111051
377264
16500
55487
15356
4260
247038
73100
23508
79863
717624448
334931456
405067
52295
440953728
205819600
1787914240
834336384
14058
85749
809197696
373990208
3136107520
1449553536
656961792
1911833344
883662848
403678784
1636777472
3237481984
1482618112
740794112
2871004672
1750221184
2963809792
3478
366066
48491
7915
1037
2224
665
104669
78049
11278
1493
103941944
52293588
171626
3224
210534192
105929112
33285928
16743802
2184
5287
386353088
192481440
58385496
29090232
102083488
117327584
58456872
206769904
32690784
198681520
98079488
379445184
57341576
115229792
195129152
7533
366066
1872
17142
86
4840
1466
4041
79851
24424
124
226179664
115310616
6627
269
458126496
233580288
2796963
1425733
4840
442
840711680
424433600
4906040
2477031
226179664
9858849
4977598
458126496
2796963
16694892
8351462
840711680
4906040
9858849
16694892
5616
283282
365402
16515
21087
4662
1368
1019213
77350
18208
23487
168620960
83273600
1293268
65512
441349952
217978688
679462912
335503808
4516
83127
626765376
306512192
922295872
451077056
163339648
2394997760
1171329152
427526656
658181760
3138504704
1520834048
607134848
893409152
2319985408
3040205568
13226
29554
9877
13087
1475
23115
1439
1475
132666
29162
75339
130329
133491
29573
75929
132168
9710
29634
5662
9633
9695
27241
5197
8842
365402
22818
87379
328064
8088058880
365402
1612017152
8088059904
215200
29511
79207
213466
167197
23115
79851
167197
76200
75002
21406
74523
9283
65592
2722
8675
75264
75934
21643
74934
249803
20321
3236242944
1868
5708
11270
1868
3644
5516
21245
3521
366066
472184
112914
1019213
256935
328064
1671200
366066
472184
1019213
1671200
281202
290494
86944
812395
256324
262116
1025706
281202
290494
812395
1025706
839
9710
29778
105
632
5690
276
837
9680
104
275
13572
9710
29068
1698
9968
5554
4462
13207
9449
1652
4342
10518
7514
22540
1700
10003
5566
3458
10256
7327
1658
3372
51315
472184
149092
9799
214589
770432704
2402066432
4173285888
83115
365402
312056
20910
347572
1272169344
5125484544
6891096064
152507
33722
10219
79851
4914076672
2504917504
33722
4914076160
1695
38889
5645
33752
10115
78973
17445
1676
38461
33381
17253
132078
9710
29017
17819
73712
5545
59441
128307
9432
17310
57744
103302
7514
23058
18010
76503
5694
46490
103051
7495
17966
46377
39956
9580
26999
5463
21312
5229
17982
36604
8776
5005
16473
142
30172
4262
3908
586
78148
2701
142
30172
3908
2701
1392
30992
4284
38889
5708
79851
27018
1392
30992
38889
27018
12247
283282
364895
87379
36485
48335
9475
1017799
256935
327608
50955
63883
12247
1291474
283282
364895
196261
36485
48335
1017799
283078
50955
63883
1291474
196261
283078
13050
283282
365402
87379
38879
51579
10096
1019213
256935
328064
54298
68170
13050
1293268
283282
365402
209429
38879
51579
1019213
302072
54298
68170
1293268
209429
302072
16240
332997
472184
112914
34057
49669
9723
927143
233725
328064
61464
84829
16240
1520234
332997
472184
183456
34057
49669
927143
341936
61464
84829
1520234
183456
341936
15541
366066
472184
112914
35828
47530
9304
1019213
256935
328064
64659
81177
15541
1671200
366066
472184
192992
35828
47530
1019213
359710
64659
81177
1671200
192992
359710
133491
216057
28877
364419
74141
77197
1486787
129055
208878
352311
1437388
38712
214547
27522
104943
20492
73060
428158
35669
197684
96695
394505
131600
209348
29105
358175
75800
77572
1440624
130074
206920
354021
1423917
6319
10364
1423
359620
75197
79342
70387
6279
10298
357328
69938
119902
814329
122320
9984
380019
1590064896
1955389440
6826761216
52412
964023
69857
4416
206591
669445952
1075575808
3574479360
7741
17386
83448
9614
32045
79056
7664
36816
82618
31726
36450
75680
76477
364419
21678
71737
79629
75470
359923
363406
71538
358924
1426
21114
103437
1390
4731
76953
1378
6760
100007
4574
6535
39690
76604
364013
11413
37664
79851
39690
188762
364013
37664
188762
5122
76690
364419
1471
4855
79851
5122
24362
364419
4855
24362
18010
75398
364419
5611
38889
78505
17706
268610
358280
38233
264085
2549
9175
51352
4823
38710
67173
2154
37851
43398
32714
31988
18010
76690
364419
5708
38889
79851
18010
268610
364419
38889
268610
12535
11613
283282
291948
1288
36859
37602
34597
36671
814329
1666
40638
41882
48318
48467
1033293
4963
5260
116821
148899
6931
6952
148233
214766
21360
30809
13496
15825
360486
471471
1132
30242
39153
35928
48328
1002164
1891
43088
56353
64840
82539
1643245
4294
5776
119786
193240
7750
9865
196413
360172
23097
43050
24113
17847
366066
377264
2281
54869
55976
41144
43610
814329
3811
78175
80566
74253
74482
1335252
8786
9313
173903
177075
15857
15906
285149
330042
37815
70482
112474
10871
366066
28875
6941
255934
27569
10829
364641
2031946240
47026
232543984
6649756672
27462
46843
231638848
6623874048
965799936
962040832
637
6370
2
1342
34731
8
9396
95
71472
28
2905
1
597
15
5968
2
43
32540
8
89
6
2721
1
14
40
6
6285
39408
48
27935
4875
3
4436
26
21174
26
8500
10
5878
89
36857
45
5
4559
3
24
19
7950
9
83
5
17
133491
212263
51
27475
358020
95
70541
202
72159
27
1460682
318
122788
981
195244
47
1398
329315
87
186
9101
1343569
292
902
1286
8372
3012
101138
167197
11569
10015
9696
1470
356785
37581
39968
13513
22272
1508
1126458
50623
83687
47632
5013
4853
178582
150554
6764
11147
563828
23841
75357
46
103302
167197
23115
157
148
45
364419
76690
79851
211
341
46
1150559
103302
167197
746
157
148
364419
2360
211
341
1150559
746
2360
881
130273
210849
28422
2373
2249
664
364419
74776
77858
4038
6516
859
1450953
127023
205589
11288
2314
2193
355326
44994
3937
6354
1414751
11006
43871
9462
6963
374
1355
4473
79851
583
106589888
209074096
6572286
12889761
4473
10005412
19822636
209074112
12889761
19822636
592
21866
3624
71913
5708
79580
38757
9740604
1918599
25347716
3624
71913
37168
38757
1918599
25347716
13872554
37168
13872554
110250
10739
472184
6721
320323
69336
21464
59201
78167
10485
461043
3240176128
1687490304
96743
57805
226716480
118089584
10103760896
5261282816
69336
94461
348658080
179775392
17722597376
9140809728
3240176128
1930424832
995832704
226716480
10103762944
3015713792
1555152896
348658080
17722597376
1930424832
3015713792
2696
8087
283282
361868
165568
23115
206
7927
10024
26501
57053
1009355
79073
249
8740
11165
101692416
50384180
34982
72148
361403456
178944128
1280760
10748699648
5323208704
16380425216
8113859072
165568
817
1760
31143
230763
1079
2226
11150975
5521257
39517
331647232
164245712
505412128
250350224
101692424
315982
1459213312
743189504
3030287872
1541591680
361403456
57527517184
28776564736
10748698624
16380425216
7120
9749
45023500
22930844
93498448
47565256
11150975
1774991104
887890560
331647232
505412128
12150122496
6178475520
1459213312
3030287872
57527521280
374887648
190634640
45023504
93498448
1774990976
12150122496
374887648
111687
10871
366066
472184
216057
29870
6892
254144
324500
27569
59931
1019213
79851
10753
362089
467054
4254188544
2087229184
47026
97935
490613696
240554016
1671200
14026451968
6878809600
21584300032
10587370496
216057
27270
59280
1008141
242406
46516
96872
485284384
237940992
1653046
13874089984
6804087808
21349838848
10472364032
4254188544
428923
1980915968
999067264
4153862144
2092595968
490613696
75803353088
37549101056
14026451968
21584302080
239772
424263
1959398400
988214848
4108740608
2069864960
485284384
74979934208
37141225472
13874089984
21349838848
16655161344
8386819584
1980916224
4153861632
75803353088
16474244096
8295718912
1959398400
4108740352
74979934208
16655159296
16474245120
18954
8941
283282
365402
167197
23115
1606
55734
71163
29301
63697
1019213
79851
1939
61449
79262
721966720
354218016
38678
80550
403519200
197850560
1293268
10854455296
5323209728
16703141888
8193101824
167197
6356
13817
221086
257636
8390
17472
87530848
42917472
280534
2354533888
1154703488
3623223296
1777236736
721966848
352780
1629261056
821711360
3416462848
1721115392
403519200
58660888576
29057605632
10854455296
16703141888
55886
76524
353417152
178244528
741094528
373342048
87530848
12724643840
6303135744
2354533888
3623223296
13698513920
6897980416
1629261056
3416462592
58660896768
2971463424
1496300672
353417152
741094528
12724643840
13698513920
2971462912
7435
10823
364465
375615
205519
29739
460
16992
17335
27569
47883
814329
76290
715
24104
24841
270572480
138947200
46821
77906
466685312
239502400
1329415
13342351360
6848738304
16404289536
8422099456
205519
1823
3166
53856
193677
3096
5152
30864780
15839773
87922
882412032
452949344
1084916992
557005440
270572480
341202
1884302336
994699712
3156978176
1664629760
466685344
57611329536
29869764608
13342349312
16404289536
12809
22565
124620552
65785624
208790448
110092240
30864780
3810192896
1975472128
882412032
1084916992
12658094080
6671593472
1884302464
3156977920
57611341824
837157888
441233664
124620544
208790448
3810192896
12658094080
837157888
52691
366066
472184
119899
153092
33852
10139
1019213
78924
170826
220346
1581939968
797142528
1671200
475620
3204216064
1614741248
4932924416
2485342976
33459
779872
5880083968
2934110208
8652643328
4317967872
1563580416
17387769856
8676963328
3167029248
4875675136
29444300800
14558296064
5811841536
8552223744
17185974272
29102579712
24515
17123
83825
472184
2225
12774
71229
4772
9039
52370
233390
3717
18200
102520
375240832
16314
89443
382689
1962
11370
38001624
50673
174058320
1169931520
48693
3542
19419
65747476
83089
316277536
2032607488
90757
10572
35814168
193025344
935318912
19705
61474068
323190976
1569287040
177131424
328333184
112205
17115
354499
472184
10182
247255
326006
21845
38210
52345
987008
17008
352275
469222
1717425280
68959
89401
1618394
37971
52017
173846496
980817
3368996352
5354613760
205828
68527
88840
300775808
1608242
6121729024
9302961152
383633
204537
692877824
883035392
18103619584
381227
1189306624
1478505984
30374428672
3426868736
6352088064
