401734
334300
379
3333
18039096
81340
489994
372379
1699009
13463
97807
13629584
438354
515847
4481585
25717
121153
1861
389
494
9256
64219
1874
4678595
6774068
42873
421499
4997592
146041
139778
29733
8530719
13982206
366877
758485
491
775520
1755371
4570
30367
7044
1407
139
901
742075
11350
60210
8153238
22225
9143664
4860886
180899
575592
7006
114786
18188614
33343852
166697
407
337
185287
472805
4578
693
15980
198
1148973
29959
23372
5467283
29242132
220447
56935
56047
7418302
407
2781
35661
2195
17663
266328
13791385
59534
181
65054
