2456
953949
1068
29997
17158618
77370
1173171
372379
4276595
33889
2128
90900
6441
11028
12788525
73385
870213
4990
1096
3509
79240
577974
42466
4450236
16218826
102650
1060960
119977
8225
5283
494
115377
437355
11794
21222
3950
2213002
12608401
117370
218119
18884
9494
3533
6394
6352699
244592
1364012
19520902
1175
256945
617924
20034
23352
2775
2672
75824
625567
110182
3278
6837
4758578
3396046
295956
16719
107825
12644
24758388
3003
2892
166760
442944
93165
11664
13145
4478648
29491
56295
2305304
133349
10002
30322
3682639
35128
32974
46551
