1357076
953949
1068
29997
17158618
77370
1173171
372379
4276595
33889
991191
46041264
1480778
4386197
12788526
73385
870213
4990
1096
3509
79240
577974
42466
4450236
16218826
102650
1060960
50646168
1479997
3565554
283063
28817096
118889232
11153946
6449324
3950
2213002
12608400
117370
218119
18884
9494
3533
6394
6352699
244592
1364012
19520902
634758
92663032
123994816
16499344
14682602
66701
2750596
552976704
283519360
12756707
3278
6837
4758578
3396046
295956
16719
107825
12644
24758394
855624
1680230
498654944
745928128
50609856
4878216
1343037
567693696
29491
56295
2305304
133349
4540271
19145836
3166200832
12839561
32974
42089492
