987596
652282
34293
459925
1521187
4104282
468134
471611
59619
246164
285207
1285360
3414820
862533
380294
1040983
115748
80315
37798
6161
1380299
159014
82252
4139504
276514
763257
88134
161939
2096491
137744
235107
8103011
1142165
1604835
2359993
21337
1043726
69620
351907
195425
168375
15821
13231
6422
1379713
275583
30622
820551
53938
1606092
316880
866095
1001315
1074429
99032
2285039
8045409
629386
43143
4092
370877
205009
62797
59790
51333
3082
273729
225367
93662
829797
2708118
102326
549335
651417
4231482
16181
15293
74072
12527
612433
842326
1917206
1245827
8187
632694
