1013862
1304564
121863
10
68041040
4104282
946
21094648
5392
497
493675
63935432
4279764
1289
34020304
2081967
468
514142
211804
66
17329
88453
2
185155488
25010
1543
7971
54566152
3932757
698
10217256
230683792
54585
3370820
8029
304562
93369456
12594
14177
790
1609552
404
50492
137
3647677
21
529
74218
1962055
65392992
84792
2588080
5248
119849288
11035
91344368
822374
2217
737742
339
1664393
37086
36
691514
2833
143
4656
132777496
22810
181255856
366857
1783
77287512
182162
129114
424942
1816
500
1365
30170142
143137
213166
151363
755
91203
