987596
652282
40869
459925
1812907
4104282
1094895
562052
166181
575742
285207
1531856
3414821
2017335
453224
1040983
270717
95717
45047
17174
1380299
189508
192375
4933342
770747
1785144
245663
192994
2096490
322162
470914
9656936
3183642
1604835
5519665
24407
1243883
194057
351907
457070
200664
44099
15768
17901
1644303
644548
85357
2287182
103556
2961803
1439045
866095
2341924
1847756
360600
2723245
22425552
1472039
54042
13899
442001
571437
146874
71256
143084
8591
762984
1017944
274139
988929
9008009
239328
1207467
3760033
11794718
20853
42852
206467
34918
729880
2968486
5343969
3034011
28195
1763554
