116899
652282
459925
3036719
662824
68041040
4104282
2654621
21094648
15121929
1395912
28460
7371821
493461
416779
17010156
1040983
656365
1372815
7094800
467510
11024639
3410416
3101991
1342890
8671265
644399
185155488
70135440
4328161
22354562
3145765
262765
112933
1357641
36033324
17649188
141782
2475966
304938
2760895
47350092
17658612
345118
1059625
332827
64749364
1478098
1133024
7605767
214272
30831118
11225673
3782373
1145766
56659808
2475281
14633265
204952912
553030
9216565
13708038
83095
702661
141764
3185847
11209902
19109536
142820672
28315272
550268
961672
7748801
3043872
16795720
53616400
14485346
398998
661744
10009025
74856688
850742
1424028
5171076
40529692
9600098
2537859
204413952
3461323
7325833
7377525
113606440
7074925
520292
1243724
3894228
59019988
7724619
58017472
156942128
505466
2717902
9420557
2407655
22079956
43312368
216178
10788718
63661904
979284
31422946
1567831
35863964
4110470
15809541
63072168
584017
11493364
3044629
58479516
3512907
7477909
19518420
9820594
12867247
11492429
5973603
21165014
3721735
17172312
