1013862
652282
459925
3036719
185
68041040
4104282
744
21094648
4238
391
246837
63935432
4279765
1013
17010156
1040983
183
1372815
7094800
131
11024639
3410416
869
376
2430
180
185155488
19657
1213
6265
27283076
2278954
274
11774763
312515328
42901
1229673
6018
741
2760895
47350092
4949
345118
296
93
64749364
414
1133024
2131
60
30831120
3146
1060
321
15880
693
4101
57443
4796401
79934840
33321
720684
1708
344
27630706
27249
165736128
347169
68828
1337
2337
7748801
853
16795720
15027
4059
111
185
10009025
20980
238
399
1449
11359
2690
711
57291
30019900
17807
63984888
276155
17197
1264
3023
33774444
143466
18777
141029
381495
1228
2717902
2640
674
6188
12139
60
3023
17842
274
8807
13597733
87178
9991
38429
153316
1419
27938
7400
142152
984
2095
5470
2752
31277
27935
14520
51448
1043
41742
