1013862
652282
459925
3036719
57
68041040
4104282
230
21094648
1314
121
246837
63935432
4279764
314
17010152
1040983
57
1372815
7094800
40
11024638
3410416
269
116
753
56
185155488
6095
376
1942
27283076
2278955
85
11774758
312515296
13302
1229673
1866
229
2760895
47350092
1534
345118
92
28
64749364
128
1133024
660
18
30831120
975
328
99
4924
215
1271
17811
4796401
79934848
10332
720683
529
106
27630708
8449
165736144
107648
21342
414
724
7748801
264
16795720
4659
1258
34
57
10009025
6505
73
123
449
3522
834
220
17764
30019902
5521
63984880
85629
5332
392
937
33774440
44485
5822
43729
118292
380
2717902
818
209
1918
3764
18
937
5532
85
2730
13597732
27031
3098
11916
47539
440
8662
2294
44078
305
649
1696
853
9698
8662
4502
15952
323
12943
