987596
652282
459925
3036719
662824
68041040
4104282
2654621
21094648
15121929
1395912
285207
57492768
3414821
4891118
17010156
1040983
656365
1372815
7094800
467510
11024638
3410416
3101991
1342890
8671266
644399
185155488
70135440
4328161
22354562
7243369
1118835
781097
11967050
265604224
289700736
994897
15545782
4135582
2760895
47350092
17658610
345118
1059625
332827
64749364
1478098
1133024
7605766
214272
30831118
11225673
3782373
1145766
56659808
2475281
14633265
204952912
10904317
224201648
130948304
878450
4137820
1381943
74950360
38013912
161312096
1903601920
207959360
11089414
14851349
7748801
3043872
16795720
53616396
14485346
398998
661744
10009025
74856688
850742
1424029
5171076
40529688
9600098
2537859
204413952
51904904
31292546
95884336
882267520
142614032
4768567
4726358
56717276
822952064
86255152
840151552
1929185792
7455645
2717902
9420558
2394886
22079956
43312372
216178
10788718
63661904
979284
31422946
11109685
108241856
37305384
515014720
542807296
3721105
189178176
440400992
1264799232
3512907
7477909
19518422
9820593
151383056
231716400
250991232
152350304
3721735
80850688
