47016
8383
6568256
207479
24313
62569
2227
4624184
1196
844071
36118
173836
6292
2676500
43345
47321
2992
2320485
27558
1338
522191
4918
9653251
3773678
23677
1124
824874
49181
1196
838795
35721
194
26835
1299
1062454
214841
9507035
87366
699
499327
107922
79189
2725
2745093
92483
3098
2335242
29603
453
306299
1741
3512033
1345732
76239
836
787357
316743
12944372
1919
1209834
53305
254
134537
1527
21949158
1333067
197
88898
704
1121543
517564
13602
108
55952
16120
132930
1265122
333131
54680
7121
3757312
282952
729
696772
5754
55381904
4961539
467
312680
2055
4393622
1521334
43599
334
567673
223480
6186829
141225
50880
1748027
561
143875
4745
65626820
1853754
30363
577
1890206
206067
133484232
14300
115
124100
54094
1214706
20295
8297
37488
143128
2234
1364935
17662
133109400
13029591
96975
1454
9756362
546966
226890000
43598
329
461840
224817
5930287
80466
32073
493305
332189
27545
1440
3985065
111341
108720352
907217
70040
-598193
26864
10708
196129
17006
173456
5975
18182004
1774108
413392000
1148388
113158
35338296
86224
32352
799386
127049
924091
120937
9084596
475445
57583
1748093
424967
4759286
3337559
167588
1334376
4059954
