47016
8383
6568256
103598
0
62569
2227
4624184
1196
844071
18034
173836
3141
1336431
0
47321
2992
2320485
13760
1338
522191
2455
9653250
1884275
0
0
9
0
1196
838795
17836
194
26835
649
1062454
214841
4747059
87366
349
249324
53887
0
0
32
0
3098
2335242
14781
453
306299
869
3512033
671952
76239
417
787357
158156
6463390
0
14
0
0
1
0
257
7
197
88898
351
1121542
258430
13602
54
55952
8049
132930
631702
166339
27303
0
44
1
0
8
0
649
29
467
312680
1026
4393622
759633
43599
166
567673
111588
3089211
141225
25405
872826
0
1
0
770
10
0
0
22
1
782
14300
57
124100
27010
606527
20295
4143
18718
71467
0
16
0
1562
76
1
0
114
3
1329
43598
164
461840
112256
2961115
80466
16015
246317
165868
0
0
46
0
637
10
0
-3
26864
5346
97931
8491
2
0
213
10
2422
13
0
207
86224
16154
399149
63438
10
0
53
2
28752
20
2
27
19
83680
7
23
