1960579
8383
6568256
256310
1013862
2609129
2227
4624184
49899
35197656
1860599
173836
7772
3306422
1807510
1973320
124794
96763912
1419664
1338
522191
6076
9653250
4661825
987350
46888
34397136
2533514
49899
34977648
1840162
8110
26835
1605
44304200
214841
11744546
3643163
36050
25722380
133322
3302201
113668
114469968
4764200
129215
97379272
1525007
18903
12772648
89713
146451280
69324136
76239
1033
787357
391289
15990868
80035
50449900
2746003
10600
5610189
78681
915276480
68671736
8231
3707055
36307
46768172
26661860
567216
5586
55952
19914
5543184
65171620
411535
2816807
296978
156679296
14576038
30430
29055310
296434
2309416448
255588880
19483
13038739
105869
183213392
78370080
1818077
17209
23671884
11512386
318708576
141225
62855
2159431
23401
5999597
244445
2736628736
95494344
1266141
29750
78821392
10615382
6876313600
596331
5968
5174982
2786615
62574408
846336
427448
46311
7373133
93162
56917616
909885
5550647296
671207040
4043859
74943
406839104
28176454
11688024064
1818062
16981
19258666
11581263
305493248
3355460
1652240
25412148
410371
1148661
74187
166176576
5735656
5600628224
37830848
3608075
-30815420
1120227
551614
10103418
876062
7233114
307815
758187008
91391456
21295497216
47887648
5829261
1820418560
3595533
1666596
41179600
6544818
38534444
6230005
467984384
24492108
2966346
72895320
21891792
245170432
171931216
8633186
68739224
209144624
