1960579
8383
6568256
256310
987596
2609129
2227
4817083
49899
35197656
1860599
173836
7772
3306422
2548023
1973320
124794
96763912
1419664
1338
522191
6076
9655394
4661825
1140829
42164
36547904
3428140
49899
34977648
1840162
8110
26835
1605
55576608
235008
3777602
3643163
36050
25722380
133322
3329240
175777
139843248
5535673
129215
97379272
1525007
18903
12772648
89713
150417280
69324136
76239
1033
718819
391289
23611938
21248
64318112
2189857
12367
5875670
148911
1252893440
135953088
8231
3707055
36307
72422616
26661860
567216
5586
65011
19914
5578574
76111424
331791
2816807
379086
230773040
15030703
23947
12910660
346814
3775789824
362217088
19483
13038739
105869
192765488
78370080
1818078
17209
24166472
11512384
285059008
185262
62855
2547732
9359
11824058
269239
1365512064
256111360
1071272
25593
32914796
11268960
1082874240
596331
5968
5222107
2786615
50149792
875616
427448
178286
8282144
124431
37018892
611305
7255869952
21745760
5317406
58679
242312720
45221672
14759936000
1818062
16981
22511004
11581264
309917056
3473909
1652240
27117108
154495
1754381
12671
124500432
47953396
7075890688
24480194
4505693
115087376
836010
551614
4010133
2536130
8345317
338726
500211520
91283680
25011415040
154716880
5013468
749741312
5011996
1666596
45627260
4045657
30714400
3306411
496059264
59229276
1392761
142978704
17163706
2107381504
367258880
10254019
130143920
535914528
