37070044
918266
81313152
219937792
37181488
987998
1013862
379
35197656
71733
127475
242040224
1209675264
41255864
3309023
93813376
3222876160
248234512
2333506
39975
1149605760
6192167
3844988
34397136
97676
3632
37
991694
17674119168
16291482624
1533634816
17612994
4284716
3922049536
96323008
10886664
3678338560
22040756224
7212899
271571
21047767040
92264992
24754064
6235190
2156
119014936
75039
2647552
205
1073765351424
79896993792
1987084800
37392224
82209071104
2453846272
175527664
22195998
310274
726007424
13083644
1498580910080
501949760
1846976128
66928540
26345
3826949888
427640
21735
2162903040
6652245311488
114802819072
11284944896
200136672
2161724
14491273216
3167303
5333494272
1360445
139423514624
9413401
26527504384
158183840
602936770560
38333584
335279040
2026581504
