37070044
918266
81313152
219937792
37181488
36562768
1013862
379
35197656
2654621
4717457
242040208
1209675264
41255864
122456712
93813400
3222876160
248234560
86355840
39975
1149605760
229152992
142291168
34397136
3614704
3632
1373
36699544
17674119168
16291487744
1533634816
651802752
4284718
3922049024
3564617216
402881760
3678338560
22040756224
266927104
271571
21047769088
3414441984
916071680
6235190
79805
4404375552
75039
97977736
7623
1073764958208
79896993792
73535881216
37392232
82209054720
90809270272
6495737344
22195998
11482286
26867288064
13083643
1498580910080
18575616000
68350889984
66928544
974977
141623574528
15825662
804345
2162903040
6652246884352
4248497029120
417620951040
200136672
79998680
536277221376
117212088
5333495296
50345864
5159634075648
348360960
26527504384
5853895680
22312822767616
1418607872
12407646208
74997514240
