37070044
918266
81313152
219937792
37181488
13695464
987596
394
35197656
994352
1767037
242040208
1209675392
41255864
45869112
70371208
3222876160
248234512
32346652
23270
1149605760
85834768
53298576
36547904
1832086
4556
165
13746697
19610314752
16291482624
1711041024
244148400
2767839
3114086400
1335212800
117483784
3136389120
31401162752
126939472
445900
21047767040
1278961280
343136608
3839922
32476
1649765120
102719
72656784
3334
327356317696
119892623360
36077604864
36160860
82209071104
34014793728
2433134080
7403364
5617120
6859241472
3374866
1071644082176
5643899392
32534106112
25672490
101581
53048520704
3765955
47446
1940296960
4645559730176
672752861184
92505554944
105586136
60208328
228606771200
59481084
4450635776
13354113
1871732015104
60177600
21940719616
4535013888
14037499772928
300245760
11177572352
6758757376
