37070044
918266
81313152
219937792
37181488
10016804
987596
379
35197656
727264
1292403
242040208
1209675392
41255864
33548468
70371208
3222876160
248234512
23658204
39975
1149605760
62779176
38982340
36547900
1339979
3632
376
10054275
19610312704
16291487744
1711040768
178569056
4284716
3114086912
976569152
85927128
3136389120
31401158656
92842976
271571
21047769088
935426752
250968640
6235190
21863
1206630656
70528
53140852
2088
327356317696
119892623360
26387011584
37392224
82209054720
24878276608
1779584000
11896788
3145708
5016822272
10854153
1071644344320
4127923456
23795302400
66928540
267106
38799450112
4335629
115213
3270113792
4645560254464
492048416768
67658207232
127166344
21916604
167201996800
27017944
1523211904
8930091
1368976785408
95437592
37843554304
5966572544
10266966228992
395260224
6318916096
68968030208
