2120914
2699
1654690
716419
737733
3117
82096
227419
228340
111452
562419
135865
126123
28475214
4555460
3849077
7097
176528
2092148
5086248
7505618
278652
379569
1548993
1108939
2595663
19003
62154
178358
129142
20634
64318
195112
297
3297
19722
528483
185002
91417
26058
131743
5363505664
4286848768
841592
23871302
2239592448
170244176
18804006
21216
855821
1837232
1079763
20028
1028259
3635071
855
6706
548056
772307456
68706464
39394248
928082
11550260
2015142
56162696
1376820
4683955
55928
7499489
666261
5696185
2196415
189246
1043514
405328
176670
230611
792708
1289
13954
14379
7530
11331
32553
5212
14676
14859
757
119472
287529
20414
620882427904
33140129792
20881732
1406139008
3532409856
1918815104
52164192
1327736064
4934410752
355103
32396692
632431616
714116736
2869623
89696752
394385440
4181568
129654
8419792
30640952
29652
66287
743915
26718
355625
1592446
21999
188056
1007841
3627
2911202048
2549776384
152094544
130739424
8000100
148947808
15900852
51285472
5075339
7368435
1102096
18016954
287678
3576865
4623814
20148188
1652425
1484381
1924606
4958949
570188
4566004
445710
1920037
168132
10106
34342
107078
11454
98173
83335
11092
1784
-162
3353
3182
108719
-10139172864
4765620736
225661173760
821091631104
2705943808
228328512
4905499648
36242227200
17120438
95632056
2028973696
43464668
721112640
2667944192
21250496
37546884
4668319744
12317203
474583840
15456214
210527520
1317455104
78662
3663612
56838260
18608
2476940
2956780
83310
599505
6210390
8619
12537
44060
923544
13542
284013568
6275608576
496689056
2800610304
497757696
2299111424
213413072
25642300
2021010
7639819
34489048
211659456
14008260
8429558
3417543
15641831
284900
6171371
1692584
93724
939826
873080
1488402
949039
361431
4688
24446
11402
31521
137
362947477504
12337106944
642233794560
72842412032
1142637824
-1222918144
150721708032
135844352
1136182016
7415903744
106686704
670912768
2668305408
38370848
14753564
50614460
765840896
23414960
5974684
136228336
327088640
5724066
19548238
291179904
1819534
66885
83473
3289018
106966
13470
2086301952
207791760
1080747392
1666834432
5360936960
734431552
549787648
2288077
23058754
2754973
28014148
2046047
634256
2970223
113693
1770576
5299
8339855360
97758330880
658804834304
14865357824
5446427136
311499849728
2377327360
47858844
178732432
1733251584
206826400
14262429
483311
4401606
50297544
10552258
19260
429436032
2078843008
131729648
2588648448
13744262
466494
1609346176
12825284608
240466313216
9523824640
29204832
1941222
396946304
5395240960
