1728638
2288
1343028
198680
93162
2171
67479
6
75201
17168
29291
1
0
23122166
1260827
483995
4900
143827
59
1395526
938280
123739
308070
44
248504
110875
2380
17230
1
16318
1581
8119
0
206
0
0
24750
2
4761
0
0
2265542400
1302980608
675796
19377766
45865
67347072
799040
21699
235538
18
135588
6236
127431
16
590
0
8
2638632
2904200
9165066
254730
112
251922
5953378
171969
20
6072
248
22
464850
255793
30283
17
17330
3507
9848
1
1081
0
0
690
1428
0
139
0
0
0
7259
1
0
76141281280
2059550976
21313464
759435392
44289
181107840
10291850
297810208
19469
118886
1272
18134
21471592
1468127
26015412
3245
178039
4804
353128
33
4569
0
7
5150
44532
7
910
0
4
0
51349216
593207936
32453520
3484
338113
5338767
671690
72
1963344
60
10
1909572
25481
15
849891
75
7
41
52408
135894
36165
6
96533
9
1
342
1423
0
172
0
0
0
61
0
0
0
0
70866296832
2015446272
15748559872
3512323
508940128
8273303
205898736
97737
3457715
847
25378
3399627
23653542
9114
2681844
514
1444
388
14016415
511432
16362705
1491
389699
15
1172
4302
105034
4
5704
0
9
0
889
0
4
0
16575570
224883120
21405832
1607
115848688
18911
905
918948
179586
11
1273212
268
20
81
362038
58
4
21
-365
12533
1
39005
-1
0
1
145
0
0
0
0
32031338496
1220368000
14180360192
1803328
1113918720
105957
1262155
2973338
80872416
14276
13035362
944
13778
166
1465174
63
91
112
313529
4416267
571
142752
23
206
5
1495
0
4
0
0
74749168
5575272
679
115029744
6787
730
6852
82082
29
3
43
7
15535
0
0
0
0
428886016
3839282432
724762
115882456
46260
958678
18886
965300
179
2708
450
28
91911
13
154
3
0
15393057
2632
139
3918
17
0
110056992
27148
143964
5558
32
1
503
5347
