2120914
37006
1654690
3180998
737733
42729
82096
567785
1013862
111452
2497219
1506127
314885
28475214
20226852
3849077
97295
176528
5223361
22583618
7505618
3819872
379569
3867295
4923839
11525092
1156683
275974
1977181
129142
282862
64318
487128
4074
112872
49240
2346537
2050841
405904
65057
1460435
23814696960
4286849536
11536875
23871302
5591478272
755907200
83492280
1291379
3799964
20366572
1079763
274555
1028260
9075500
11732
229533
1368306
3429149440
305065920
2397811712
4120811
128039960
2015140
769899776
1376819
11694189
766689
256670256
1663421
25291826
133689376
840278
11567838
1799711
10753424
1023947
8787535
78495
2120558
159403
103230
11331
81274
71451
502303
37099
25922
530474
3187400
226308
2756800413696
147146637312
1271011712
6243445248
39158411264
1918816384
715087488
1327735424
12319485952
4867890
1108778240
1578959360
3170774528
174665680
398265696
4371944448
18566724
7891667
37385000
339668992
1804862
10073345
8246641
366273
355625
3975779
301574
6436234
2516227
124164
12926130176
155197407232
675320448
1449307136
35521504
9066013696
70601920
568523136
308921088
1119734144
12217241
246983312
287678
8930182
63385044
689571968
4125527
50802952
8545515
301836800
2531713
50616248
27129128
291776032
1863830
615135
152485
1187017
697215
14918807
923809
1685619
24461
-5578
8373
108930
1205205
-45019299840
290069217280
1001966141440
9102179696640
12014743552
13897699328
21781065728
401761697792
1042070336
14532603904
22492106752
595830592
721112640
6660918272
291309824
1285043456
11655158784
421556736
2107216128
940774400
934770368
14604595200
4787973
556736576
630078464
1132617
10997951
32777262
5070874
91103112
68845048
1309805
171872
1507963
2305767
463503
1261058304
381977755648
2205366272
31046051840
30297049088
349381623808
2365781248
1560771840
8973558
84690936
2099247360
32164560896
155287968
1280987648
46849012
535342240
711296
211215520
103022608
416149
10418398
53141856
226183216
10520537
54924468
285398
3714916
126400
4790158
4718
1611534434304
750923218944
2851603742720
807498153984
69549039616
-185839468544
1670820003840
8268447744
5044800512
82208702464
6493693440
101954412544
29579440128
5830978048
202247536
1732281984
1912037248
801378368
363661760
604872128
3625927424
348407104
2970622720
3227863296
276503168
4071117
12684899
36460276
16255088
461044
126987075584
922623552
11980581888
101455331328
814667399168
8141512192
83547824128
139268752
3504094208
30540136
4257133824
70025984
38605340
451366112
1260346
269063424
805333
507622719488
434060066816
7303156203520
904810725376
827654733824
3453117530112
361267527680
2913026304
27160842240
19213891584
31430098944
488132288
29417734
668884032
557571392
1603560576
2926962
26138515456
315908718592
1460283648
393380790272
2088629376
70890192
97956315136
1948978249728
2665679683584
1447276052480
4438076928
294995392
60321439744
819880984576
