2120914
211869
1654690
3180998
20100818
244634
82096
567785
987596
3036719
68041040
1506127
8579589
28475214
20226856
104874728
557029
176528
5223361
22583618
204503488
14115262
379569
3867295
4024532
314021056
3545044
275974
1977181
3518714
31785604
1752480
13272662
23329
646209
49240
57492768
2775028
11059556
1772611
39792100
36644454400
283929346048
77077920
23871304
3993062144
1096871424
2274892032
32113406
3799964
20366572
29420020
124190512
28016710
247277552
67168
7009386
716280
42100800
8312046592
13727778816
4120811
128039984
54905988
120097382400
37513852
318628480
692641
2004192512
1963984
1322726528
387580896
484274
19705790
49036240
929761280
27899204
239431600
1626267
22557080
159403
13955174
308150
2214473
2816989
195446048
1010846
176898
16863618
164364800
6166159
1231166242816
5895721320448
31917107200
12285102080
50638819328
39455391744
207504637952
64889110528
299905449984
13569998
10250100736
1578959360
60301406208
2209868800
424829184
3715665664
505882368
1231029248
1018619136
6747607040
6792318
57671188
8246641
103467720
9689615
108327040
17788356
318054144
68558960
710857
146874892288
888524963840
525497088
3977586688
967845056
1414215499776
1923671040
14647717888
2941027328
6410616832
12217241
38527172608
5550530
243318240
17160704000
107567071232
112407136
332939904
149612640
35951157248
102767672
1294215168
144649952
1026997760
1674347
90972216
4028394
32342342
45664284
4524528128
22411126
3252421
1247806
38496520
167522
28285160
28249348
202787820404736
3021097402368
254218043392
4017101471744
1456773791744
2195783942144
589649346560
19747752116224
5182568448
89682722816
29007218688
68548702208
5155821568
140321652736
54132633600
733775134720
22165870592
3129843712
40276811776
134825623552
46492319744
299259854848
583446400
1749293696
1345644800
1139358336
299658176
893073536
1509894400
11704414208
1875801984
38139956
17950938
21772800
62824600
97132032
47465562112
59585066958848
61277122560
325124751360
173454475264
2000253485056
1036615040
243466190848
513974784
2307550208
336884498432
5017381109760
4231088640
8676642816
7308023808
83508535296
64783520
30479736832
-293678336
35924836
387754656
10353803264
-33089404928
188079968
160358368
38687984
361730144
3878049
188118720
7091803
91647312396288
323279571124224
40607217090560
364519645773824
1668691787776
11213511589888
1443303391232
788109524992
231425343488
2886428262400
3454048927744
17665347289088
2789102059520
17620090880
29562826752
90591494144
1371797120
160647348224
82735833088
12540899328
115040092160
37302644736
445372989440
42253082624
611479168
394707840
2044770816
993423232
2177417728
39778920
19808846348288
15957695488
137366118400
30481173184512
127080750645248
147661537280
725266202624
21724680192
546607104000
665718336
817148461056
10923427840
4159385600
17834295296
53088132
18291230720
149301968
113625297584128
10989468647424
146640400809984
30746903314432
865459800899584
193816422252544
1998324891648
256134184960
3352902238208
547611934720
8436224360448
40728477696
24462460928
248195792896
31412013056
58728398848
336329728
4077372047360
49278881890304
28206100480
73354266542080
325807407104
16351544320
29174412607488
508125903847424
29089941422080
103961243680768
618014113792
37761712128
9409600159744
100168720449536
