33771
67543
5313518
2207076
124655
529
219937792
37181488
33145860
2791
600880
4276595
16885
1353259
558546
31934
2646105
1111984
64165
457
159757232
26743104
4940882
2152
1996932
56121
3214
9134
1320
294366
1149605760
207737888
128993584
9679177
9170
2829001
646649
273698
16130
175
41259928
15416698
1419518
606
589266
13582
143
86374144
38938968
2549677
1330
1187570
28638
41854
637231
2073
255664
1516528640
168092656
145225440
2921088
6829
1845926
464
31521966
19474
1642313
1658
45913672
532740
3992771584
162446400
162171216
3029
155
22650792
23964830
736164
764
317788
7479
7146
155059
1226
55275
615453440
49361676
40987888
837170
2433
471273
19378
261615
1005
42985
2272462080
92604752
63268468
1570893
3946
902169
652
24687286
178246
3661672
2324
25570668
321142
7368413696
175715200
55145168
6413
943675
1883
122960640
-9485
1100312
105643872
498041
4568592384
8614
171578
1084
30888
711753024
25963356
4318120
478525
2485
297990
257
10713578
30115
662218
1817
27526340
334748
3384484608
46537688
45595952
2879
1286
36234848
101753
1329203
1342
28372188
458472
8499628032
97185216
89873536
3578
497501
3389
146626192
233871
1536848
150380576
448456
6083321856
1051865
2642
59316208
83952672
63
8385355
21700
498051
891
14290997
164821
2739865856
22248480
62057832
2295
341456
1396
66771152
25028
661972
14487840
203915
871688832
304015
906
160382160
62564
956714
55473560
710834
8865796096
2624846
659
177328016
141362032
3962224
555274
1565
80119928
21730
1106327
96409864
119487
3252512512
1425709
1351
75865576
116708184
3848663
1593
173477936
277235712
4162393
818412
912
66230708
83081672
1331183
2414973
1673562
