33771
67543
5313518
2207076
78015
529
219937792
35
20744282
2791
376060
2676500
16885
1353259
558546
19985
2646105
1111984
40158
457
159757232
25
3092243
2152
1249776
35123
3214
0
826
294366
1103
130012424
77
6057696
5739
1770526
646649
273698
10095
175
41259928
14
888403
606
368791
8500
143
86374144
37
1595711
1330
743238
17923
41854
0
1297
255664
1455
105200512
87
1828158
4274
1155269
464
30
12187
0
1038
44
333414
2398
101666832
97
1895
155
22650792
23
460727
764
198887
4680
7146
0
767
55275
590
30892924
24
523941
1523
294945
19378
0
629
42985
2181
57956532
38
983141
2469
564621
652
23
111555
2
1454
24
200986
4426
109971064
33
4014
0
1178
73
-5936
0
63
311698
2744
8614
0
678
30888
683
16249125
2
299484
1555
186496
257
10
18847
0
1137
26
209501
2033
29125532
27
1801
1286
34
63682
0
839
27
286934
5105
60823204
53
2239
0
2121
88
146368
0
90
280665
3654
0
1653
35
50
63
8
13581
0
557
13
103153
1645
13924175
37
1436
0
873
40
15663
0
8
127620
523
0
567
96
39155
0
33
444874
5325
1
412
106
84
2
0
979
48
13599
0
57
74781
1953
0
845
45
70
2
997
104
166
2
0
571
39
49
0
1
1
