33771
67543
5313518
2207076
78015
2025944
219937792
37181488
20744282
3626
376060
2676500
16885
1349197
559845
19800
2646105
1111984
40158
1751411
159757232
26743104
3092243
2255
1249776
35123
12291534
34933640
3160521
213663
1149605376
130012424
80730416
6057696
2301
1770526
714371
288355
10152
902981
41879192
16678612
822773
952
330658
9384
550583
86374144
38938964
1595711
2096
743239
17923
160058608
2436903424
4962347
394451
1516528640
105200512
90889104
1828158
5834
1155269
2214084
120546451456
46608788
9436821504
3067737
35257448
451668
2498870016
101666832
101494560
4037
1008282
21293368
10245724
496680
563
201772
4819
34897492
1008732928
1364021
57455
581967616
32853488
31619336
494612
2702
292322
74109152
1000472768
2406708
151005
2272462592
51748412
39596480
983141
5346
564621
3111567
94409261056
426609472
8763743232
3068426
42215096
393822
4611507712
109971072
34512552
4414
4499873280
5620472
294290587648
121333984
3140329472
52375192
303267
2859245056
10751558
1307565824
1025778
51135
555195456
18891342
26768984
266545
996
155906
1696147
92526886912
177096960
1751652352
1489770
496557
123954
1368697344
28213794
2844095
1704
6133610
90884931584
307004416
248753024
3635409
757936
222833
5319478272
65503016
79515088
2261
2372313856
10116126
350930960384
265102912
4822316032
130186144
500084
3807237632
3139112960
7885163
141965754368
75567272
926115
40418844672
26377376
3071641856
1292200
31338054
203031
947445120
17327958
16589202
1434
1287648512
2867967
128073367552
150871712
2717248000
54357176
133400
2125850368
1274041856
8415454
410561576960
391314816
7063020544
100805160
473764
3955009280
14757847040
1967410
362073587712
104500400
11824579584
2461566208
3371950
162621112320
158282304
3130932224
51819412
119728
4246780416
5762564608
3369432
140936839168
145133744
8733015040
4756099
166394314752
234546608
8509388800
4989941760
5181252
142900035584
88304128
3659127040
6840316416
2282151936
