401734
334300
379
3333
436862
18039096
81340
489994
2969519
12607
68228
372379
1699009
13463
97807
317376
13629584
438354
515847
109214
4481585
25717
121153
1861
300
389
494
9256
1648
64219
1874
31895084
147471
162180
4678595
6774068
42873
697636
1170265
9931
421499
135433
4997591
146041
139778
37973632
1055671
273661
29733
8530732
13982206
366877
758486
8113611
55039
40833
491
775520
1755371
4570
30367
3978
7044
1407
889
296
139
901
23655
742075
11350
132054
2347
60210
15795704
12671837
169313
8153238
1154845
10152349
486779
212551
22225
9143664
4860886
180899
575592
43740
224820944
36921364
364335
2231363
7006
114786
18188614
33343852
166697
928
3759380
3134005
6005
61700
407
337
185287
472805
4578
5053
2719
693
15980
114
1218
198
2865540
31198
1148973
208993
24797300
23054
44740200
4987287
178390
1082510
29959
23372
5467283
29242108
220447
111074
-8787
35187284
261897664
924313
56935
56047
7418296
3634
931
491565
2833392
2847
407
2781
35661
1405
23332
2195
220
3045986
329506
33361
16494826
184051584
297717
17663
266328
13791383
77722
147087
30267308
59534
453
3175
318373
181
3565
26756
271943
5496196
65054
156431
401
58712
