391326
334300
394
3333
330872
18039096
81340
561142
2249068
9548
59178
372379
1945709
15418
113011
216153
14481812
1026280
799352
82717
4481585
25717
138744
2335
249
220
182
9256
1248
64219
2146
24156844
111692
140668
4678595
7757675
49098
528379
1015039
8614
482701
27232
6371383
436800
127654
30121628
1335078
449230
40701
18381252
31700696
208781
1785242
6145124
41686
35417
760
775520
2010253
4570
6416
3032
3140
1881
368
207
94
556
17916
742075
4510
100015
2036
105318
11963422
10991023
146855
9337103
1001664
15154012
761839
203057
11090
13645038
14929616
118211
523940
13834
64843920
33995724
208194
3344898
34739
20701
1342215
73674816
887372
709
2847296
2718304
4548
34678
1530
310
185287
1183542
5242
14342
2649
1364
17739
76
1393
326
2170315
25537
822235
190398
19836112
13081
76084568
36165948
62764
714528
117529
33817
983971
10701931
250105
151556
28464
16399625
208438272
621105
42971
335712
36069364
-687
320
372303
2457566
2469
367
7412
40839
3414
53212
3316
259
2641961
137173
30672
6555558
27026784
229626
50829
200321
9886208
50684
163538
60646948
91496
736
1861
276143
896
2670
9927
155442
15452006
53268
53743
2886
41055
