391326
334300
394
3333
2657613
18039096
81340
1022610
18064808
76696
866231
372379
3545804
28098
113011
1736175
14481810
1026280
1456717
664399
4481585
25717
252844
2335
2002
220
332
9256
10028
64219
3912
194030880
897132
2059042
4678595
14137365
89476
4244011
14857665
126093
879662
218736
6371383
436800
232633
241940784
10723521
6575620
40701
18381252
57770452
208781
3253374
49358432
334827
518422
760
775520
3663429
4570
11693
24358
3140
3429
2961
3031
94
1014
143905
742075
8219
803340
29807
191928
96091736
160881344
2149594
17015666
14661884
121718976
6855537
1824329
11090
13645036
27207306
118211
954814
111116
520834656
497613056
1672242
48961016
34739
37725
1342215
134262848
1617122
5700
22869852
39789244
36536
507612
1530
564
185287
2156854
9554
115198
38781
1364
32328
617
20393
595
17432254
373805
1498418
2786960
290351552
105075
611121152
529379840
504132
12635764
117529
61627
983971
19502888
455786
1217319
416651
131723888
3051020032
9091444
42971
611792
65731768
-5521
4694
2990391
35972680
36148
367
13508
74424
27425
778900
6043
3802
38671760
1101791
448971
52655100
1335303936
3361157
18913
365060
18016340
407104
2393795
887721024
166740
5917
27243
4042059
1632
39083
75926
2275295
226179008
100522
786668
42246
1216762
