193288
290455
72213
459925
1112
684889
412704
456899
3918298
91745
1149363
12915117
255793
10644985
433366
1464554
223279
613092
668337
7153030
297189
412702
463540
3893806
90737
16252
76156
319071
24547
153658
387534
3565894
144803
1429
4034
4152
386
71447
214474
332754
1182162
1123066
30131356
132069
11591972
149583
1268358
40129416
378136
4387390
3378231
308967
1641272
12588122
189841
124333
3864981
85436088
959090
314092
43337588
1325157
56656
11785926
384164
18091
1132670
30659788
133009
156701
12688740
157384
1862
1314683
70317
36572
385892
6939
25775
823012
28851
382
145091
18442
374322
4083999
52897
14113916
131385
1495
1147057
112229
10660
4892
867
14075
2522
2828
1011
120446
120321
1223726
311944
4398174
2899926
103196368
391915
10319155
3948306
16919394
52427
3064303
171929600
1064354
678036
119606632
1380028
61748
22202580
530780
685768
3749121
215998
1089920
140628352
6755826
110581
72579640
653723
23632220
216857
146793
103142824
1598497
21689
5138043
33087
412093
5962
402483
100997560
391669
9979
10208552
121823
3991439
49228
5721
4741228
127100
571
1129854
14973
1341811
14532
886
290141
5659
444045
10703
523
628698
24527
289
172446
34014384
130739
2180
1390332
38267
5072
5455680
106607
2231
1195891
46967
7010
1144
543
9388
4352
4156
379101
11454666
4007267
14864073
35405768
1316597
15045240
245541
1583191
1129870976
9096160
418274
308851968
1930904
60624288
141029
219527
184905248
1784120
141730
37817156
112304
56144672
1162090
77367
668204
328085
259739152
3553226
1485687
389320672
8263418
171263
71870024
303562
39968744
354948
264221
91564912
124669
18270
1432955
23924
277
125317
6530
34319200
141515
38765
34719952
351360
3394
11951467
2967
1430205
37948
3917
4668788
1897
704181
4736
4512
1071922
13759
465
318573
2634
288004
8332
2734
857285
470
19655
13979049
119931
1275
1089370
2297
3779463
1306
28820
11727
7164
18902
42714616
766443
118725600
2977784
140600
22233276
801459
450714464
6439609
3906842
784037440
9211671
738194
184446304
409627
40315284
574249
1577406
116728512
333393
26281654
831053
457387
58302844
3386489
109500
19435746
844164
315362016
1546734
2204684
689352320
371096
174475
3636174
671313
470870
11900
12888
1049022
28084
1290
352611
20898
13874601
152204
30035
47759600
11508
4430
1417325
6536
3217
427848
7081
6684
1687615
559
2857
377721
2311
17508
15709587
4097
12775
41028
9329762
365174
684048
71392464
4925823
187784
29826924
2563452
1038599232
2117059
2041113
2183811072
971403
767753
67860000
2498516
68570
30030254
111514
653425
106062848
213870
619659
397956256
599448
533901
2951
792637
12811
11045
3123635
1518
27364
17683346
39876
4822
2162
1038304
8903
3584
10057
468959
40409984
193462
16751
189092320
401240
2122778
636667520
5979851
678608
222775
83198872
926537
1278238
3508
1545952
9563
31424
4275
902823
46299064
2262414
3030386
703012
9843
1211307
