198429
290455
72213
459925
1068
577686
412704
456899
3918298
77384
1149363
12915117
215755
10644985
365533
1235313
193240
681795
837621
6732088
185254
412702
463540
3893806
76534
16252
76156
319071
20705
153658
387534
3565894
122137
1139
3687
4394
1013
60263
180903
280669
997123
1123066
30131356
111397
11591972
126170
1069827
40129416
318948
3700650
2849451
1163767
1539411
9873886
200792
84878
2459969
81575824
427438
338070
15525904
1153944
41389
5021392
215234
17083
1132670
30659788
112190
156701
12688740
129219
1202
1108901
59310
36572
385892
5853
25775
823012
24335
482
122380
15555
374322
4083999
45555
14113916
110820
1380
1163341
94662
10592
3394
626
11437
2639
4507
714
101593
102905
1032182
263116
3709746
2660704
102833760
330570
8703941
3330294
14271073
280495
1394681
87238056
1327957
240908
97089232
1508571
123751
6982706
625243
749347
3175549
96325
1097266
460570688
6439701
264809
57668496
810811
19502990
114167
406437
94550304
912000
116173
5540427
38609
387313
5987
402483
100997560
330363
9889
8610651
102755
3991439
41523
4347
3999104
107206
601
953002
14973
1341811
12257
505
244727
4773
444045
9028
3593
530290
20688
576
145454
34014384
110275
1560
1172709
32277
6791
4601725
89920
1234
1008703
62082
5264
1684
410
8025
1644
1154
319762
9661716
3380026
12537460
29863854
1206871
9388696
467483
2706598
487378176
5745445
558290
31159148
765490
26330272
519058
529889
75270416
1302354
94621
6462852
340199
14180572
1029465
117125
4411968
120656
104189016
1078265
877209
512386112
5747067
-38679
107867152
231228
20078792
526405
320948
35932496
57365
13391
2085055
20228
879
194929
6454
34319204
119364
38284
29285382
296363
7213
10080752
1446
1206341
35863
7933
3938002
644
704181
3995
4910
904139
11606
427
268708
1657
242924
7028
-261
723098
497
15301
11790966
101158
2326
918856
5244
3187880
2533
8241
7997
4871
24760
36028684
668966
107178928
2821454
26265
24939870
72356
485817728
2497922
2717337
484844448
7111187
587408
166349056
275377
14146975
1106005
527868
188220384
219779
26294060
540583
729775
37058028
740327
141293
7855821
789614
208833136
1759105
2630765
208487712
216791
197913
24993550
464629
491228
10499
5942
1262083
34043
1318
229745
19520
11702868
139054
38490
40283992
7160
2483
1316199
11939
865
360879
5972
1948
1423460
1204
1283
318598
5769
22537
13250632
2485
5984
60743
35538840
2333628
466206
46492872
4531488
168345
23117380
602180
254757072
2147395
1656416
792345984
273418
686841
110116664
504224
471579
30665980
1203155
314909
92811536
61563
1716997
257535776
4460426
432870
-381
721223
16321
5779
1576922
1370
6769
13186653
88405
4748
1616
875783
3417
987
5768
956332
39289444
3521908
1061907
238873312
485867
1916588
888972416
7038954
457827
216516
68996136
1268822
511397
4923
912578
17345
38668
2959
1017753
94635960
3298407
1389511
552451
3188
1016538
