193288
290455
77270
459925
1112
966723
441606
456899
3918298
129498
1229853
13819570
386338
10644985
611698
2067222
223279
656027
668337
7153030
419483
441604
463540
3893806
128076
17390
81489
341416
37075
153658
414673
3565894
204390
1429
4316
4152
545
100847
323931
469683
1668625
1201715
32241468
199471
11591972
211138
1790291
42939700
571119
6626501
4768384
330604
1641272
12588122
267961
133040
4135647
91419224
1448563
314093
43337588
1147757
56656
16635869
542249
19358
1211992
32806906
200891
156701
12688740
216240
1862
1855679
99253
39133
412916
10481
27580
880648
43575
409
219138
27854
400536
4083999
76234
15102320
198438
1495
1946780
158412
11406
4892
1223
15061
3810
4839
1427
181916
172206
1727294
471145
6642788
4452528
110035264
591930
15585547
5573046
25554230
56099
3278898
183969888
1607549
678036
119606616
1947914
61748
31339002
749197
733792
4011672
326234
1166248
150476624
10203672
118325
109620768
987352
23632216
306095
146793
145586432
2256285
30615
7252362
35404
440952
9006
430669
108070472
591559
10677
15418502
183996
3991439
69486
5721
6692259
179403
806
1594792
16021
1435779
21949
948
438216
8547
475142
16165
560
949554
37044
436
260455
36396424
197462
2180
1962458
54014
5427
8239993
161015
3150
1688004
50256
10588
1615
767
14180
6573
5867
572576
17300570
5656270
22449972
53475144
1408799
16098859
370853
1694062
1208996352
13738400
447566
466474944
2916345
60624288
199063
219527
260994336
2518292
200052
53379024
120169
60076520
1755164
82785
1009222
495524
277928800
5366621
1589729
588010880
12480662
258668
108548960
303562
56416008
501010
372949
129244144
175971
19549
1533306
36134
296
189272
9863
36722592
213737
41480
52439320
530677
5126
18050916
2967
2018739
53564
5529
6590010
2678
753495
7154
4828
1618980
20782
703
481157
2819
434987
12585
4130
1294802
710
21032
21113272
181138
1800
1537650
3469
5708318
1844
43529
17713
10112
28549
64514080
820117
127039992
4497500
150447
33580060
1210485
482278272
9726072
4180439
1184171648
13912863
1114932
278578752
409627
56905136
810556
2226513
164762624
470585
28122176
1255182
489418
88057784
5114788
165383
29354800
903281
476307232
2336115
3329850
1041164608
560485
246272
5132454
947561
503845
17974
13791
1584392
42417
1948
532567
22361
20955520
229882
45364
72133784
17382
6253
2000559
9226
3442
646202
10695
10095
2548892
845
4316
570491
3490
26443
23727002
5783
19294
61967
9983151
551541
731953
107827768
7439722
283621
45049140
2742972
1568649472
3197503
3082794
3298321920
1467160
1083686
95784592
3526663
73372
45356244
168427
986901
160192144
323019
935905
601053824
905378
753602
3158
1197160
19350
16682
4717789
2293
41330
26708062
60228
6806
3266
1568205
13447
5413
15190
501801
61033240
292195
25298
285595776
606014
3206140
961591680
9031677
957858
336468
125659552
1399396
1930587
5298
2334930
14444
47461
6457
1363579
69927856
3417040
4576947
1061796
14867
1829499
