1736293
2609129
77270
459925
1068
966723
3966907
4104282
35197656
1163273
1229853
13819570
386338
10644985
611698
2067222
2005693
5893026
6003600
64254912
3768177
3966882
4163934
34977648
1150496
156217
81489
341416
37075
1380299
414673
3565894
204390
10236
3946
4394
1696
905905
323931
469683
1668625
10794878
289621696
1791835
104129448
1896630
16081997
42939700
571119
6626501
4768384
2969782
14743377
113077768
2407069
1169755
37150080
821209152
13012296
2821464
389296960
10310182
349445
149438240
4870967
164203
10887195
294700960
1804583
1407629
113981600
1942464
10805
16669374
891581
351536
3709183
94154
27580
880648
43575
516
219138
27854
3597977
36686136
684802
15102320
198438
1380
1946780
158412
101816
30491
9414
12238
4726
7542
1194
1634136
1546909
15516100
471145
6642788
4452528
988435008
5317244
140003312
50062088
25554230
3931647
45576020
1652581632
23526868
6090732
1074413312
17497912
1108095
281515040
6729965
9525912
110369568
2340009
10476281
1351713536
91658512
600444
984711424
8869283
212285696
2749619
2138489
1307787520
20267972
913073
65147184
371108
3722842
96307
3868655
970785536
5313914
95053
138502736
1652822
35854672
624187
39055
60115848
1611561
9039
14325855
143923
12897453
197169
4860
3936451
76781
475142
16165
3845
949555
37044
1031
260455
326945248
1773787
14017
17628558
485208
7267
8239993
161015
2065
1688004
596735
84671
25326
6177
14369
2943
1931
5143393
155409200
50809672
22449972
480361568
16905404
144614304
5090003
15217573
10860284928
147271488
4024259
4190295040
26197210
544581632
1788162
5371183
2344484864
22621550
1317855
479498112
7536511
761409408
28040136
858620
230568896
5855578
2496604416
48207792
13676676
5282038784
112112488
2856518
975083776
879683
506778944
4500521
4733347
1160986624
1354316
128722
20041488
325376
8455
3135452
103819
329875136
1919982
367989
471056800
4767018
116026
162149408
12993
18134122
539105
119259
59197364
9694
6768571
64267
47203
14543129
186683
6868
4322186
1773
434987
12585
-468
1294803
890
147078
189658304
1627146
34970
13812550
9391
5708318
4239
132571
128645
73223
44337
579523072
7367028
1141186944
38875048
1153170
367187392
5903476
4332253696
87368256
15342656
26705125376
124977776
1515805
2502441984
1892170
511173248
5645914
3899738
1480045312
2706584
179822096
-260730
1392310
1094700288
35866132
1665504
101481872
10499900
4278619648
20985056
36041836
9352666112
8833621
1651739
46104160
17440566
4721670
168878
57116
20300684
547593
21209
3695472
187626
188241232
2236705
619118
647970112
115175
37332
19785540
179480
8319
5804765
96072
31338
22896432
19378
2298
570491
10330
362518
213137136
37359
10716
977059
89677280
4954439
6355226
1345638272
23562366
1295417
274935520
23223612
14091010048
60586824
77835264
29628467200
31959076
5392718
98818752
25104986
3194150
588912448
9337005
5733785
713876864
3830920
26051510
5399202816
23974250
6108107
-3667
11600912
262527
92964
25364884
22039
108890
212107968
1421999
71374
26002
14087018
54977
1767
92793
5668191
548254976
19951506
33147218
2343504896
6004970
32168992
10674958336
127954168
9457052
2815114
494095680
25701212
30699438
79196
14678882
279003
621985
47597
13998952
1450863232
30169798
53794436
8775299
51293
10164252
