33771
622213
2718
2207076
78015
1013862
2609129
2227
4624184
376060
49899
35197656
1506127
173836
6292
2676500
155730
696
556715
20087
1276579
624121
38846
29659436
361720
401
173975
1563
3565776
1249776
35123
987350
46888
34397136
2050841
49899
34977648
1489584
8110
26835
1299
44304200
214841
9507034
761903
3608
1770526
3643163
29182
20821880
107922
409417
159030
9938
7773334
101273
102
44670
426
1101789
343397
9731
1496713
62180
35769464
1077172
39115
30284836
382375
5364
4229090
23937
35319340
19668616
261759
25134
263
273040
112573
1275
7079700
1155269
80035
50449920
2222849
10600
5610191
63691
915276608
55588720
1500509
8231
3707055
29390
46768172
21582378
755332
567216
4522
55952
16120
465
5543184
52755432
333131
3140535
23575
17798692
99073
2280162
521146
33364
23332612
63734
9916
7484626
123257
1374
1085406
7056
19664896
4861402
75938
6163
75
93094
31569
373
2045397
308756
122584
68796464
3238425
10545
11341465
159874
766616000
201434992
3364101
5442
4212899
24524
64197724
19759034
271290
555865
3183
7377517
2843063
23323
51073880
18030696
83678
15902
192
746360
112763
6648955
23401
5999597
197874
2736629248
77301200
2790322
1266142
24082
78821360
8592995
102182
5566272000
61705448
596331
4831
5174982
2255724
24108
50653048
17262366
846336
346013
3781
37488
15455
5968439
48690136
157462
2361752
22831
14249700
1778774
6329
1789988
55336
1144289024
38408920
873273
1521
1125367
7006
14594910
6274620
88525
136713
821
2362388
941862
7779
44211496
5945048
22212
4495
52
140076
34788
1854814
24285
15769922
488517
4135506176
325811680
1718206
1127139
29817
83256640
17628932
120882
4073120256
46990700
584791
3908
9625906
3501299
24037
190704256
21721222
1608824
428575
3185
9519722
2896545
41892692
156241
19047
478670
1148661
60053
166176608
4642927
102126
4533623808
172821456
37830848
2920683
39232
-24944612
13608359
3151640576
1120227
446523
3917
8178569
2300950
139141104
709159
361804
74771
5435879
10416
5485258
56883
1777017984
93032048
2120580
374452
23363
57168712
1534896
39805
2205372672
41070968
147549
1073
2977221
710108
6379
94805256
5493564
305577
89976
965
5381322
749454
40487512
13627
4250
216324
2276375
118982
119285952
64917408
269337
7356646400
272467616
47203068
3621283
56295
400939904
16345569
3204352768
1264162
513883
3382
14645130
2696506
85093704
2767639
418245
7565347
126982
38534456
5043096
74513
378826464
18794790
4323601920
19826008
3317897
196131328
2401212
358302
9840415
1978782
972561
45652
66860940
13283357
115023
4079945728
90260896
13062260
933273
11766
200609392
6139806
1299892224
899899
93608
1073
3557410
804026
82793280
945278
117802
5469078
61993
95560880
7947388
31704
213087248
57895452
9369935872
122593616
3539985
265060112
1947961
371303
13889277
1145110
55643372
1255648
322294048
92218320
1829031
46326436
1943088
30462
273801312
10081694
6549886464
4658088
1356923
109137936
1267366
137368
4240727
1345011
-22448990
8200653
699858176
69394816
4935646
31118192
215566544
3614410
179041792
89471696
234742
142043088
74041696
