33771
622213
2718
2207076
78015
987596
2609129
2227
753
376060
49899
35197656
1506127
173836
6292
2676500
155730
696
556715
20087
830180
624121
38846
29659436
361720
401
173975
1563
469
1249776
35123
1140829
42164
36547900
2775028
49899
34977648
1489584
8110
26835
1299
8698
36
478
761903
3608
1770526
3643163
29182
20821880
107922
61900
159030
9938
7773334
101273
102
44670
426
245
343397
9731
1154495
52373
17862436
1140189
39115
30284840
382375
5364
4229090
23937
11341
19668616
261759
25134
263
49
112573
1275
1213
1155269
21248
64318104
1772656
12367
5875670
120541
196100
110051936
2346367
8231
3707055
29390
11335
21582378
755332
567216
4522
10
16120
465
873
9643
42
421
23575
17798692
99073
2280162
285460
19596
17093500
1005274
9916
7484626
123257
1374
1085406
7056
2990
4861402
75938
6163
75
13
31569
373
395
308756
106693
108545776
5361237
8937
5755678
220733
254571
160435248
2383873
5442
4212899
24524
5711
19759036
271290
555865
3183
1202
2843063
23323
16254
18030696
6
15902
192
106
112763
1489
9359
11824060
217945
213726
207318336
3136243
1071272
20717
5151
9122053
86529
137198
80366216
596331
4831
817
2255724
24108
6353
17262366
137
346013
3781
22
15455
1049
8106
18
2361752
32776
18317562
1230139
6635
3481526
73072
80002
60792984
334690
1521
1125367
7006
2566
6274619
85685
136713
821
333
941862
7779
3367
5945048
3
4495
65
25
34788
563
36945
6333435
252599
481880
135431136
2262255
1649572
20503
21471
11498777
71124
598315
48430808
584791
3908
1039
3501299
24037
21407
21721222
179
428575
3185
1695
2896545
7362
16
18390
35
1754381
10257
19486
38817560
237361
896507
204256752
3831
3647291
27858
14581
7440930
143383
130
446523
3917
508
2300950
12010
321
361804
14
1080
6385
4023234
65266
304402
132924160
356241
386092
9588
9656
6910699
37242
613376
51688780
147549
1073
221
710108
7390
1594
5848575
20
89976
994
817
749454
3627
4
4777
12
2179552
64650
61750
20421840
327002
1271298
130012320
6222
2372427
28047
45098
19732420
269727
141
513883
3933
672
2696506
21454
241
418245
2883
15
4807
2676490
55414
62850
21084596
841716
7504
1947064
24606
176
358302
450
181
604623
21937
4817
12417080
83367
469383
131130960
2076
620217
22219
20095
7925753
169321
61
93608
1073
1076
897140
17796
63
111872
1269
3
13438
3698119
31704
111614
40138180
1772887
17340
3868477
27964
680
376426
1915
301
16489
1288212
50894
15525
212
4926
2241137
30462
72529
14419855
630120
8452
668778
10998
200
137368
364
144
35451
8200654
141628
21827
92
21719
9695
3614410
85529
6646
161
35056
11009
