33771
622213
2718
2207076
96376
1013862
2609129
2227
4624184
626733
49899
35197656
1860599
173836
7772
3306422
155730
696
556715
24815
1276579
624121
38846
29659436
446853
401
173975
1932
3565776
1543915
51847
987350
46888
34397136
2533514
49899
34977648
1840162
8110
26835
1605
44304200
214841
11744545
1232758
5473
2704578
3643163
36050
25722380
133322
409417
159030
9938
7773335
125108
102
44670
527
1101789
424216
14298
1496713
62180
35769460
1330687
39115
30284832
472368
5364
4229090
29571
35319340
24297690
432081
25134
325
273040
139067
1811
8745932
1767912
80035
50449920
2746003
10600
5610191
78681
915276608
68671728
3397898
8231
3707055
36307
46768172
26661860
1279795
567216
5586
55952
19914
727
5543184
65171604
411535
10840851
34984
26201458
132488
2816807
521146
33364
23332608
78734
9916
7484626
152266
1374
1085406
8717
19664896
6005548
102517
6163
93
93094
38999
516
2526787
559344
122584
68796464
4000599
10545
11341467
197500
766616320
248843344
4695177
5442
4212899
30296
64197716
24409388
437063
555865
3932
7377517
3512187
36982
63094288
24882170
83678
19645
323
922018
127578
19456402
23401
5999597
244445
2736629248
95494344
5157833
1266142
29750
78821360
10615382
181302
6876313600
161711728
596331
5968
5174982
2786615
32397
62574416
25579194
846336
427448
5781
46311
21471
7373130
69822432
404209
3429876
22831
14249702
2197413
6329
1789988
68359
1144289024
47448596
1175620
1521
1125367
8655
14594914
7751371
102498
136713
1014
2362388
1163532
7921
54616812
6130194
22212
5553
96
173043
41417
6915761
24285
15769922
603491
4135505664
402492576
1223779
1127139
36835
83256640
21777958
228155
5031742464
168556528
584791
4827
9625906
4325341
35011
235587168
28061160
1608824
529441
4619
11760220
4258242
158395504
193013
18501
1770187
1148661
74187
166176608
5735656
346731
5600626176
196929600
37830848
3608074
28575
-30815360
26299860
8427095040
1120227
551614
7160
10103418
2508176
207053824
876062
457206
197263
15485756
10416
5485258
70271
1777018112
114927432
2943090
374452
28862
57168688
1896136
170519
2724413440
193215920
147549
1326
2977221
877234
11345
117117984
9610676
305577
111152
1640
6647835
1552687
80747536
16834
5738
310399
2276376
146985
119285984
80195968
658007
9088058368
557033856
47203064
4473563
93520
495302464
34895160
11946541056
1264162
634827
6532
18091908
4878077
293839968
3419012
592477
9084450
319221
38534444
6230005
66939
467984448
33000406
10157802496
24492130
7008134
547982016
2966346
590853
27513558
1316479
972561
56396
66860944
16409637
350442
5040174080
158533600
13062254
1152922
37640
247823472
15890636
5860799488
899899
115639
1159
4394656
1648839
113052096
1167753
241512
18447982
106084
95560872
9817831
154660
263238112
100271776
22597664768
151446432
8918557
863411008
2406420
742355
26760728
2400902
68739168
9125272
411159232
231027520
3611546
46326424
2400400
83061
338241408
59470708
10540091392
5754376
2576851
409780096
1565644
259759
4772390
3273048
-27732388
17920860
1016375680
410501056
12896362
272836576
266300816
1840578
377434560
72834960
3269295
686919872
153704992
