2120914
37006
1561245
3180998
492244
11755511
42729
82096
211116
987596
74365
1112
1666241
35197656
560013
5804707
78121
995186
64654140
20226852
2568252
107363160
97295
177941
1942168
43664664
5275790
120837632
3073841
276640
2292441
4024532
7689988
168292768
619208
265579
735162
83566
36270568
135960
41194
120854
4681
5186640
1021995
2725693
3875
41968
17924
1407927
36547900
1031821
269979
902316
16025
12840
1813
262
121651336
362327
7742067
1339945
23965155328
2623147520
173796229120
3172904
5797832
1237903872
1096871424
55709292
1528000640
5609204
9190925
16660040
775808
293948224
531215
1317873
3114350
786971
18456232
15834926
125003440
11260
455230
360256
2954149632
169069616
2638922240
2397811712
9086659
47608284
665754
789516736
513706944
2378507
2901272
2331116
5422050816
21574492
47781248
473849
130164096
504535
32391946
442612640
67698200
413693
7327077
1180696
929392640
3976978
632273
2180145
63413
32248234
14097702
42773500
247000
1464990
54199
5379273
72439
7545
20537
11077
11360742
3025782
9271437
22989
310846
8918
60597
706
3401
1025801
5490138
235608
12601
62342
196198528
1496624
289481
40919924
19004256
61371
312
203907
43039
5293
770
28310080
1462129000448
181260713984
3877264949248
5092840960
2288196608
18828726272
1018707328
523928076288
498474208
393885152
2730788352
731778816
32431669248
8897517568
118437756928
4676607
237263712
581198592
1476707072
99489177600
373624800
269865280
1381572864
9529342
16405984256
5265628
14256378
61440348
5991636
339386944
383685472
333339008
1055452
3745507
270736
126308240
239632
361439
2044386
547216
50671992
103838128
147691376
241138
505847
644972
166367
194257
476398
4598062
20200474
18822448
136004
3596785664
141539147776
97194647552
1205079040
1478961408
20161472
21428932608
6049196032
67450624
133374864
22164088
133411749888
608008896
242703392
640356224
416343488
11708097
87002392
95251608
421423
1928870
3226663
33002057728
210671888
783331584
53549248
171079520
1610565
125834320
431747
1443441
2304450048
5409658880
50601920
44148696
4360028
3767463168
153778192
1973348
11784479
321268
1917430784
39736148
331591264
26578008
66699300
1084159
135249184
534301
105157
260824
397415
562750080
75206144
285877280
2307403
7196015
163934
337213
11424
23546
36395188
53263132
3719922
405461
2952
1258758
493395
1443233
8790
69501
2326
37423
2160
4139
7252839
22648722
663052
50128
9316
40616
746
1410745
35136120
371704
253942
113257720
75306
6284
4504085
226
19232
1372861366272
101953002536960
527192522752
1617466228736
2246702792704
28468840448
16146240634880
9392291840
14439772160
179813318656
8626774016
332919701504
683238948864
2534356811776
1210515200
5824526848
10785568768
134456508416
268246240
682161472
2379755520
2350868992
56627236864
97120616448
475309801472
192872000
491374720
1708797696
417200000
449760192
1382133504
5002015744
26706669568
51636101120
74015648
586543616
411702198272
576705984
1138539776
2724911104
919332224
6787246080
22026874880
-7029080064
101909744
113609608
500342496
3157747200
2392134
7368182
17683396
19788776
2177025280
5712416768
14539844608
6458451
18615244
17080124
2816907
2841082
18935728
149936960
276727424
503766592
2477034
414869
13935286
18589660
51033048
100739
206887
304389
494124
831601
1454859
16833992
56560020
111825896
154483
73299
194246
247598
8265137
827379072
842408329216
264429404160
1500601600
2960425728
2115557888
4314317193216
20334923776
249481986048
26009403392
77844373504
385438112
4450323456
1335379328
13160723
35050656
110523776
873217327104
8227235840
12090826752
1440997376
7979871232
38526192
1021188608
3494883
14245932
12841347072
107106312192
1096035072
563512640
2308340
5558813696
50057656
123075128
24338198
170117824
363283
197668720
912942
3063300
5603365376
-1596221952
101656544
48476392
29533368
110127984
456011
2575168768
664406528
60411464
347175
3991364
4296913
25550991360
416721440
3782669824
49382072
-52626888
2177610
45815868
470551
1546516
1176326400
1186631168
28604606
17362308
57348
1845600
12089532
44510568
354378
600780
34272
333234
48721
178483
272305728
373783232
21406172
1624324
90546
496595
5204
40797416
22246
677
1770
1613842
4887751
131817
20796
33531
42284
796
5571274
18182
237882
30864372
267250
3532
1828301701120
775375412002816
353023688704
373657468928
5542188679168
1230637367296
23405115998208
36715171414016
126182943096832
101811175424
163764600832
182835019776
2299098562560
6775866880
8566026752
56111755264
35231744000
1182512185344
3177360130048
3437470416896
6377621504
18876766208
35135688704
1451889152
5580392448
7779819520
105144729600
898908160000
584959918080
623778304
844619776
20582029312
24333817856
78081851392
158922752
333059328
427054240
556880576
339973728
2470321408
34539581440
172003852288
168434417664
406461248
4261377
141283360
221108880
1525494272
70476054528
61520332
509049856
639928640
3066381568
52146122752
68722851840
131841048576
92927696
1091500928
384735456
218935760
233885728
1668280448
688786816
13825988608
22723743744
179054496
6007949
437264480
876208064
1037385216
1813420
2455433
6228221
2200253
15494525
72449000
413947104
2501989120
4454656512
1740681
890332
1231939
3245298
98603872
236800
288281
754012
8022913
32545298
33168036
15634
95255
369277
343082
10185020
111507
-30061015040
66954698752
458793600
3276791296
3682608128
31087482896384
180064829440
1010026872832
28511889408
306652446720
1344532736
59130707968
332056544
1008438656
898893938688
4477725179904
18703173632
32182644736
14001611
182470295552
1348781568
4531740672
374259712
2101397504
6948651
5452529664
19535018
56957900
308029456384
481266204672
9818983424
1299629824
237916464
1102056960
3912195
29034696704
51904332
304692
911340
2524446976
7111916544
26704768
30688660
6264904
32530232
824608
14727032832
15680518
1395238
3040308480
66363276
346552448
29326824
61810352
873981
72825896
503870
7937231
4753985024
34288855040
316152256
67520544
12945336
26702656
308065
1214486784
280799
4614
29732
32010634
82115208
6758164
72111
1140638
2991757
22433
195021456
139962
7107
15884
503
506291
28670
171137
49918353866752
584481570816
411454472192
2133774041088
2169346064384
154746967031808
162287604203520
197328849862656
78192721920
461251510272
976375119872
307400212480
220119334912
1934101839872
4830943772672
20467037503488
35447648550912
75974885376
10507961344
357890654208
646594560000
3800096833536
1609915392
4344001024
6766519296
16207677440
9562905600
87443341312
1668263182336
4606354522112
1461247934464
13993108480
696778176
2159085824
5399356416
171531960320
86056144
194732864
1238587392
14337522688
28831225856
65955090432
93540216
131890656
580260352
202956384
58878009344
128239432
238727456
17639503872
12706088960
75382153216
120916256
122691248
101704152
498211584
562004096
-955771968
14967101440
98300321792
98447114240
93404352
47026304
121556384
177084256
3424369152
2338493
1338548
9395434
268642304
578684736
417749056
1186800
3181214
8694890
7393375
502280832
1420976
51031
163313
261275
3073016
153893
1471952768
6170804748288
28570927104
72323481600
11719347200
56768323584
346721600
229690310656
561577920
2638853632
8226691088384
29143253123072
192093749248
82322948096
25416243200
12960607232
163569872
3497313173504
104322784
3813909
13505656
35636072448
99420823552
364530400
285456448
363603008
2337585664
23244688
93712760832
284548992
12871695
82093864
50524
1339848448
10157616
18552120
386760
741564
159527056
5890075136
45648680
14386023
20620796
140350752
898948
7008929280
5212144
102908
437436
6483
34871192
421751
4106
1019591065600
5746717622272
22518205251584
111377083531264
80713236480
488903573504
596347125760
484315463680
101933432832
368247832576
6921574678528
181518404157440
126142619058176
316341878784
106915684352
340001226752
803423387648
8260600463360
1850709632
989203392
4099825920
180993458176
1036454199296
640714473472
1091629184
6399279104
39324721152
20944220160
1642007887872
2248921088
25320388
323028320
279791040
10692578304
189215360
300774560
226003424
1058974016
2501351936
24136828928
28740517888
40520176
135631648
114213376
403335008
18197170176
54848528
796657
1961619
849668
152315648
1862273
35957
65294958592
221807936
1814482432
733680041984
4809898328064
12253285376
15812411392
34432602112
167580581888
1572138112
9107875561472
27465756672
67680136
190115264
4513602
10230061056
1602701056
9870366
10961938
58321844
507871
1385348096
24346598
135668
256445906944
202062790656
1223139000320
11726387937280
29137309794304
30933979758592
153967951872
158481121280
235539562496
1045638676480
30003899138048
96025468928
1386388864
1324678144
3887849984
376784683008
250682752
52685904
6996904
77038016
117891608
7701500928
115608784
618102
13305114624
55179051008
183602112
300455231488
14871432192
265829504
5757136
87624826880
179366952960
316668903424
16888499273728
14703978496
1562488704
80231840
13674516480
84845903872
