2120914
37006
1654690
3180998
492244
11755511
42729
82096
8
11
74365
1068
1666241
35197656
21
5804707
2
37
28475214
20226856
2568252
107363160
97295
176528
73
22583618
5008039
107512528
3819872
379569
54
47
7689989
168292768
1156683
275974
27
86168
36270568
188736
42916
4
5041
2816615
1072030
103
4074
1
0
16
428
0
270834
896073
0
10236
1657
0
121651336
13
294
51
22899994624
4143784960
138516660224
11536876
23871304
68479
12872
55709304
1528001024
5609204
3799964
288
720459
293948096
531215
686094
85
1133041
18456236
17420854
3585
11732
17
10
494
203551808
869524096
2397811712
4120811
1812
1344579
789516928
513707008
918668
110
2245513
5422050304
37306760
1819
766689
4956
27
380
5194
1036
5
0
1200837
929392640
7175102
683217
83
48486
101704464
15544855
1628
78495
30
2
5333287
68879
7546
0
11467
19061984
3273620
353
47674
4
0
22850
539
0
718838
209
9
0
4
2302
0
2
0
18940298
2
431
7
42766
0
0
1077
14448843
98181939200
3874096152576
1271011584
12285099008
554397
966213760
457091776512
477134112
1589055232
162903
1232681984
-1307679232
48855760896
7629217
2370251
15697
22354
17330
1167595
4529
4985
0
12388434
10184433664
5265628
24944736
3208
6946142
339386880
-153571760
12692
1186404
142
116
83701808
442574
237286
37
3187119
146249856
150052240
16201
76088
25
23
30301
166226
29
3015017
677
649
1
42211
1661090
1821381
6167
0
23701340
25788323840
6049196032
47108332
5370
18854298
133411790848
1501199488
9241
672665024
15852
172
82373752
164796880
135925
84
2749726
33002059776
259324992
30142
68946208
6514
38
125834320
561731
55
2358552320
205982
2441
719
42
44214
1697
29
0
36
64469
348
0
333
0
0
132575968
410441
98650
11
423221
784880192
86023688
9829
465209
140
8
696489
8509
1
27755062
5603
205
23
4122
3362947
434114
53
16321
0
0
69846
1929
0
4162116
564
45
1
11224
0
0
18
419
0
1
0
0
6529
163
0
0
78539680
1518948096
3404225
2983478
718
29871351808
20405328805888
9392287744
21596399616
8939941
22207320064
332919767040
777322496000
32637640
1042070656
221778
156476
90070597632
397561280
126259872
48650
2896224256
160577388544
200290713600
29510114
194373264
12139
7685
484764800
406661696
26386
880606720
1598352
1228336
8780
11575
4831700
6768
13361
1
6381
79654
258505
-3
1196
0
0
1155241984
4873515
7338261
309
17360400
2177025536
5712416768
656279
6458452
708
650
2694155
351449
129
149936960
10536
19181
94
181863
17650304
34149656
765
76783
1
21
499729
443592
73
16833992
4120
1990
5
44102
5
9
114
13641
9886424
2991133
17610
1
15310
26665832
238648
111
355563
58
0
3323150592
1041407680
12586613
800
65979012
873217327104
8227235840
1192486
1440997120
303847
1466
1021188608
3210707
487
12841330688
4078258
41733
21456
267376
6063462400
34603764
2930
31259468
5057
22
197668720
638503
142
5603368960
-60778
5319
1845
29533376
4193
2
98054
6601
1114
10
0
75
201265
2842
1
352
0
0
589
2
0
16361
3
0
0
67440
149934752
12232281
1326
190429
35
1
2099581
33717
11
174267008
12436
1219
45
144017
25
0
682
69197
399
0
962022
134
5
0
23744
3
0
110
0
1
0
0
0
26339236
2776755968
5880219
11670427
1483
2036992
286430432
444325408
73158
816220
-30
239
2568256749568
5517024768
5667318784
1000747
26937593856
3107513171968
4876824215552
820300160
14774419456
963128
967004
4105303040
3027698432
499066
61918568448
19840780
38260080
43573
-95656768
29762211840
7271696384
3895271
134947408
16364
475
226034832
1116802304
64383
24067125248
3253963
2773068
9728
58950060
19338
11334
150328
619675
4153
3604
0
11348
752230
806524
129
1872
0
0
4649
3059
0
107642
12
10
0
4548115
338990272
667473920
131095
1688330
123
344
8703212
14101634
731
1021836864
34862
169618
131
645508
126
102
4717
212766
138167
38
3996850
255
1025
2
109796
24
5
387
2
443561
994391
4586
0
37523
278824192
2113223
451
1530136
90
0
1760957
1827
0
37953740
4626
8
21
29579840
205145292800
747872768
212555
92925416
33101
230
5452530688
18964662
3759
275343638528
18325064
373874
68763
237375872
15379
248
1932553
51904344
211171
58
613264192
365460
574
661
6264897
1238
41
419981
597
39
87245
534
0
161
0
0
1825
9
0
49921
8
0
0
164
0
0
0
229326
6424
1
37041000
4462
193
7
600988
112
0
6553
4
5605
0
0
61
0
0
829910784
3975018
3158349
596
23412540
695901888
772800768
184031
7085257
91
788
5059584
516344
187
141176880
5559
14813
60
16641989632
406178955264
338787663872
46598512
1943684352
256579
189861
18721984512
19508981760
3371871
794158170112
98950224
172683104
296909
307814720
192770
247067
5828758
222707328
353276896
32838
11197691904
843341
836514
4965
136153760
32289
39330
1295569
1975
57
169305
352469
33
1228
0
0
1249
7495
0
175652
43
43
0
1012
0
0
1
860783
3268420
461
149461392
32009
23678
20
2505669
338
350
19125
44
68543
5
1
13
2
10055
102329168
470100
32
204681
35
0
531017
5550
0
184396704
9992
85
52
271837
10
0
1210
104322528
2251911
505
6777540608
3785623
13880
19730
363602432
89007
766
14026683
7518
15464228
3125
7
70683
386
407
3
0
19434
1
0
0
242
0
0
2
0
115890
17
0
2013
24
0
6973352
207446640
56314508
16175
767061
216
118
8624508
3888815
1287
613103872
66787
48959
160
538131
141
195
4666
3400225280
3972954624
614044
69858115584
16641468
43856224
41924
7020316672
947194
1269186
64187088
34899
48069056
14607
9973
480608
9295
1710
586
0
67918
7
9
0
1072
0
0
8
0
756403
85
96
1346
162
0
471739
-200
0
22705588
4061
17
6
108774
81
0
2560
7
359618528
7238
285
2686476
61025
232
91
0
0
0
0
4
2183923
7965400
458
53002040
11315
-710
90
259922
292
373
15820
63
826939648
102953
135188
7822702
193504
1211
382
0
0
3
0
19
156147
20
0
498
14
10121
0
342744
84
130
4126
81
53487
0
6
38
