52497
1625483
9922087
576500
1307257
3846
459925
1757
52891
594334
37916
10644985
1395912
4717457
2184
148184
3897569
128206
57639
546467
30898290
5172536
1799066
8767
33126642
11047846
4175147
4239
23896
3918
17983
3596249
467289
279
7230
6369
1846694
56051
650340
10881579
6211
69867
38176
3051
50172
13746166
1033530
156809
2982
20032314
5587123
978790
10361266
3570491
603611
25377
437208000
44025040
16332451
434301
13420
141147968
1478
65339
4084
35
23068
665551
18958
2937
4530317
865
763
28318
2507954
2174
351475
517803
4431
219
1156157
105409
140674
4493689
489747
62427
9972
149207600
17313294
7639550
190721
3196
139307248
10949
104527424
14530588
21796532
3369949
62416
1361109632
2917613
23009
1651
286
124241
118
418
825621
4663
2320
116210
162663
3933
3369
17660062
575856
976762
22043
1168
9049044
7415
54647920
6407781
2384615
927621
38578
289724768
856410
3495725
57758
1047958080
30555546
128
44468
618
846
993
10818215
560978
792818
389887
6718
73217488
248445
554175
24447
438672096
6387101
16695484
319
289761
4843
26020524
1405027
1675084
1532592
