52497
1625483
9922087
576500
70
3846
459925
1831
52891
594334
2
10644985
75
253
2184
148184
3897569
128206
3
546467
30898290
5172536
96
4041
33126642
594
224
4239
23896
0
17983
3596249
25
305
6831
0
1846694
3
35
585
6211
69867
38176
0
50172
13746166
1033530
8
2863
20032314
300
52
10361268
3570492
32
30372
437208000
2369
879
646112
0
7598
1478
65339
0
40
1
665551
1
3520
243
1065
0
0
135
2174
351475
517803
0
113
1156157
5
7
4493689
489747
3
8948
149207552
897
411
134672
0
2347
18156
104527432
782
1173
6265093
1
73268
255
23009
0
83
6
0
370
44
0
0
116210
162663
0
1381
17660058
30
52
53146
0
849
3970
54647928
344
128
985226
1
11332
45
1210422
1
56411
873
121
2
0
0
458
15192919
30
18
411160
0
3941
15
180542
0
23613
170
630
0
154961
0
3539
67
212
33
