322079
1625483
9922087
576500
1307257
23595
459925
2447
324496
3646286
232618
10644985
1395912
4717457
13399
909122
23911896
786559
353620
546467
30898294
5172536
1799066
12205
33126642
11047846
4175146
26007
146609
24040
110327
3596249
467289
2384
10065
8867
11329618
343877
3989892
10881579
38108
428643
234214
18723
307814
84333808
6340789
962038
25471
122899824
34277440
6004956
10361268
3570492
603611
35328
437208032
44025040
16332452
604616
18683
141147920
9070
400863
25058
304
141527
4083209
116310
4088
4530317
7395
6517
39424
15386497
13341
2156327
3176767
27189
1871
7093116
646696
863046
27569138
3004639
382995
85176
915400192
106218416
46869236
1628947
27298
854660992
15242
104527424
14530589
21796530
4691497
86893
1361110272
4061776
141167
10132
2445
762230
1008
3578
5065255
6492
19816
712962
997952
24135
28781
108345888
3532924
5992512
188273
9978
55516624
63334
335269312
39312252
14629799
7922806
329498
1777484288
7314595
4866597
80408
1047958080
42538120
1098
272818
5286
7228
8486
66370608
3441644
4864004
3330022
57384
449195072
2121975
4733206
208804
2691288064
54552204
23242728
2729
2474851
41364
159637856
12000328
14306862
13089858
