33771
67543
5313518
292084
2207076
78015
2025944
41100664
219937792
37181488
20744282
459925
3480
376060
10644985
791985
2676500
16885
1349197
74359
559845
19800
2646105
146272
1111984
40158
1751411
12971230
159757232
26743104
3092243
96640
6513622
173638
2684
1249776
35123
9499859
12291546
34933648
3160520
13680779
638125184
110340200
23900972
367049
1149605376
130012424
80730408
6057696
3565894
264630
14318
7156
365606
1770526
6173781
714371
38299
284511
10698
726636
3472958
41879192
16678615
822773
24554
1722455
43739
1028
330658
9384
550582
6955971
86374144
38938972
1595711
48611
3553055
88447
1658
743238
17923
13038680
160058608
2436902912
4962346
4414966
521161088
276054720
8026544
318791
1516528384
105200512
90889080
1828158
2117795
61688
10634
5007860
106390
5329
1155269
2945980
167210144
16567080960
24734168
2214085
120546443264
46608788
9436823552
3873619
222543456
86216256
8204745
663836
9336967168
484209792
315147936
11330934
57250376
415739
2498870016
101666816
101494584
4499
2520559
123894
31818
2364
4644716
323241
1946130
21293366
10245729
496680
13349
890728
26899
885
201772
5428
3015856
34897480
1008732544
1364021
1170720
142877584
119647672
2476357
66227
581967808
32914982
31619320
494612
558700
15567
3858
1129284
25944
2494
292322
10618568
74109152
1000473216
2406709
2423154
270999040
225336752
5187836
53598
2272462336
57956532
39596448
983141
1120814
28747
8385
2282074
54714
3079
564621
5084899
1476388736
7122916864
36353128
3111567
94409261056
426609536
8763745280
5562585
187749664
132664488
3458345
680582
19208011776
299346720
263532768
6733296
31884418
250613
4611508736
109971072
34512532
8193
1654182
43828
4682
3797627
5005
130858800
7523430400
16986546
6054019
696375181312
579153792
26673991680
21268462
4499873280
5620474
294290522112
-22702584
3170083840
640968
3340800256
165952096
207843616
4493161
214857104
2347059
15766114304
359538208
119330160
82442184
388661
2859245824
8714
1658461
14131
4966164
45822928
1205338496
1033184
597229
71441560
107537112
1427326
47040
555195456
18891342
26768982
327808
335438
9345
4932
553604
16382
1087
161224
3061096
322109056
4075904000
18859032
1696147
49157001216
70160216
6152707072
3181377
45045368
57022340
1173082
828745
11344285696
94533064
334227040
1908336
26327110
164831
1368697344
27853050
70615800
1325
385385
8983
8114
1172257
1390
3504234
732762432
10673735680
33162596
6133610
138569449472
243534544
3181279232
3212108
95280992
116166712
1787130
1685499
15535669248
304367872
846805696
3884971
35377648
357782
5319478272
60823208
56247240
4862
1121323
25302
26766
2043293
2792
229443728
7450024448
26095324
22600132
778706616320
1480190848
32774901760
41427440
2372313088
10116128
350930993152
559741696
3678249984
522361
5072229888
153108960
135949856
2101498
499473472
5016367
41137225728
358683296
1043540352
117353840
349965
3807237632
9247
2008748
13561
2845785
287116230656
502465536
12541202432
14968317
1887394560
46002424
1658593476608
1238601856
17562380288
3139108608
7885165
141965787136
111301472
380557
7435351552
156156144
176806688
568217088
1743013
18037295104
65514864
15455
3465547
218948784
8474683392
6062463
1107889
61148160000
26377370
1669998464
2420168
24814844
33232292
681872
358496
5829643776
107722112
206287664
1219139
47952752
288883
947445120
17327956
16026838
1289
383671
4180
6896
558845
1530
240537936
2734578688
4142691
11281943
359569424384
920567424
25516673024
9741678
935547200
6117435
149807333376
78883072
1075710464
97606
2502732032
66266960
-19289504
665901
-12816408
2644440
11429923840
115633800
399743360
61936908
205825
1739954688
1960
473781
16744
174477008
3713725696
3584273
9822242
1023493472256
1402413952
59957866496
35867120
1449684608
2705467
383854182400
149739440
2289775616
563208
4764408832
79241048
312847424
1651343
394697312
5146601
16109928448
176044032
597746752
43290344
554720
5548643840
16775
871947
30173
6792932
744259846144
1771777664
23970850816
9760098
1449935872
44759792
2459623227392
3152828928
23700733952
7833398272
1967407
424412151808
163535232
1384140
11925803008
93633112
722407296
1169111552
1670728
35688390656
110315896
10042
3062208000
12877788
1012907245568
964449664
811552768
12984160256
52305084
808212103168
11824578560
396151392
1206855
14624933888
587442688
77332432
926721536
6806020
9368784
252302409728
733430912
10546923520
6801874
2364801792
3377712
157384966144
130783024
3295667200
250291
996396288
51510212
161151264
557843
114556496
1192384
9789782016
78451344
188898368
96243264
288315
2108311808
5813
332072
1512
6327582
169077080064
187141104
3111164160
4069249
8205099008
23074126
1152222101504
1224909696
11202758656
2378784256
3369431
99255648256
100385880
645732
4004006912
37635192
92511128
278744928
1389350
8409059328
117573968
6042
7524341
284444131328
733962944
14868681728
18976632
26916067328
43625784
2122788503552
1059466432
15737697280
11485679616
4756099
415197167616
407841280
3525257
22511767552
63592468
191198944
249451840
2642150
30470633472
216348880
11265
16201587712
18141434
1520618700800
1119749120
16989483008
56922517504
15185348
3593285926912
12421953536
698367104
1345533
20784295936
760544256
9972186112
22538328
507964424192
24497979392
212794304
4737584
229260492800
266324496
244987264
7138736
8375000576
16848562
635483062272
757705984
2428103680
4361992192
2165685
17195925504
71315776
654592
2918943232
38549576
205206752
368963040
1680286
7385376256
58516880
6335
5417721856
13531194
517154078720
587622016
7667042304
7708701696
20656066
662688235520
917872448
95543576
603958
3511388672
281058944
14620420096
12473524
1123778822144
1030574912
25395240960
78201208832
24384074
2801325834240
7207076864
386651296
696280
3968147456
974429312
23730481152
41076520
1634863415296
99125755904
179615552
27467970560
1370062592
4775929
293470142464
531953504
8026735616
17857806336
16834084
688417079296
2282152960
317239616
1040671
4623634944
242380800
11137736704
3647308
698082983936
7308846080
255533792
42323726336
14627726
1145751601152
58257825792
415692096
25484953600
16991264768
9071218
273435328512
29186101248
405092768
10667146240
48914792448
16195470336
