33771
67543
5313518
292084
2207076
60256
2025944
41100664
219937792
37181488
16022062
459925
1472
290454
10644985
611698
2067222
16885
1349197
74359
559845
15293
2646105
146272
1111984
31016
1751411
12971230
159757232
26743096
2388326
96640
6513622
134111
915
965278
27128
9499860
12291534
34933640
2441061
13680780
638125184
110340184
18460164
86734
1149605376
100416432
62352968
4678725
3565894
204390
5492
721
282380
1367484
4768384
714372
38299
284511
8263
726635
3472958
41879192
16678612
635477
24554
1722455
33782
386
255387
7248
550582
6955971
86374144
38938968
1232464
48611
3553055
68313
851
574048
13843
13038678
160058608
2436903424
3832720
4414966
521161088
276054720
6199385
160124
1516528640
81252720
70199136
1411997
2117795
47645
8303
3867873
82171
1829
892284
2945979
167210112
16567083008
19103692
898786
120546443264
35998768
7288628224
2991830
222543456
86216264
6337020
333151
9336967168
373984384
243407776
8751566
14312433
141612
1930028416
78523432
78390384
1978
1946780
95691
6400
635
3587395
323241
1946130
21293366
10245729
383616
13349
890728
20775
318
155841
4192
3015856
34897480
1008732928
1053516
1170720
142877568
119647680
1912640
23323
581967616
25422232
24421514
382018
558700
12024
2698
872215
20038
847
225778
10618568
74109152
1000472960
1858846
2423154
270999008
225336688
4006879
61299
2272462336
44763332
30582742
759339
1120814
22203
3519
1762584
42259
1676
436090
5084898
1476388992
7122914816
28077716
1263111
94409293824
329496288
6768769536
4296321
187749664
132664488
2671088
529236
19208011776
231203520
203542272
5200531
17136826
123476
3561747200
84937296
26656112
1860
1277624
33851
3053
2933137
2245
130858792
7523430400
13119738
2457573
696375050240
447315776
20601927680
16426926
1826680576
1762200
227298361344
-17534596
2448446720
227728
3340800256
128174840
160530144
3470340
59890096
110547
12177128448
277693056
92166008
16421328
131755
2208367360
4166
1280929
4349
4966164
45822932
1205338624
797990
597229
71441560
107537112
1102410
20757
555195520
14590925
20675308
243158
335438
7217
1660
427582
10543
312
120416
3061097
322109056
4075904256
14565967
688534
49157001216
54188964
4752108032
2457169
45045368
57022336
906042
164312
11344285696
73013592
258143696
1344599
201573
38863
1057127488
21791218
2196682
779
297656
8868
4544
905404
727
3504234
732762496
10673734656
25613478
2489881
138569465856
188096400
2457093120
2480906
95280992
116166712
1380309
648087
15535669248
235081728
654039232
3727421
307670
69865
4108555520
50591944
61414312
2290
866066
16010
6969
1578159
2149
229443744
7450024448
20154994
9174309
778706616320
1143240320
25314039808
31996918
963018624
3171733
271045230592
432322176
2840936960
319460
5072229888
118255296
105002392
1623114
97260488
688442
31772768256
270750976
805989312
40817576
140776
2940559104
2504
1083793
10358
1155220
287116230656
388084640
9686321152
11560933
766170496
14423261
1281032060928
956647424
13564486656
984213888
2472254
109648715776
34226416
98768
5742774272
120608824
136558528
190251248
799891
13931288576
23692780
5131
3465547
218948752
8474689024
4682408
449737
61148160000
20372862
1289841408
1869242
24814844
33232292
526651
125950
5829643776
83200296
159328464
749696
7480163
63656
731768640
13383430
12812851
606
296332
3228
3004
481344
449
240537936
2734578688
3199652
4579800
359569424384
711009792
19708065792
7524091
379777120
1918015
115705249792
60926196
830836160
164151
2502732544
51181972
-14898434
456598
84665432
580696
8828018688
89310992
136327568
21445396
41825
1641922688
2268
365930
4317
174477040
3713726208
2768344
3987250
1023493406720
1083169024
46309089280
27702348
588486144
848251
296473821184
115652864
1768531328
120933
4764408832
61202652
241630944
1379627
178548128
821750
12442673152
135969472
347845184
50810988
148540
3054693120
4763
673457
10306
2757528
744259911680
1368451072
18514137088
7538315
588588032
14033646
1899715887104
2435119872
18305507328
2456024320
616846
327799046144
177077888
543555
9211019264
72318504
557958784
239606784
558009
27564296192
32764284
4171
1243074048
4037605
782329380864
744902528
626810880
4070960128
16399343
624231448576
3707389440
135121760
275200
11295719424
209228112
77332448
926721536
5256701
3803169
252302409728
566472960
8146023936
5253500
959968896
1059022
121557950464
101011600
2545442560
86939
996396544
39784440
124466840
496723
63576336
541399
7561239040
85194432
255098544
4329453
37538
3280045568
1217
165725
2478
2568622
169077063680
144540368
2402940416
3142927
3330782720
7234488
889930776576
946071680
8652568576
745826048
1056426
76661145600
36250412
212529
3092537600
34884708
71451912
90470528
295791
18305841152
22435416
2091
3054435
284444000256
566884032
11483981824
14656801
10926325760
13678098
1639557627904
818289536
12155176960
3601130752
1491191
320681967616
36971768
299329
17387202560
37678432
147674512
42020912
514939
28392929280
34244320
6292
7295349248
19670572
1174465282048
864849536
10157167616
16891930624
9719086
917150498816
3894685952
225501664
319576
16052962304
236846496
3126605312
9493859
345549242368
5458173440
61737200
1923178
229260492800
205698512
189216240
5513677
3399753472
5282570
490821943296
585222272
1875374592
1367625984
679012
13281452032
31113512
249087
2254475008
29513462
94216728
62383888
379944
7888713728
14086829
1944
2199273216
4242468
399429337088
453856032
8476649472
2416931584
6476348
511833931776
287782080
74453832
292945
7799293952
277271360
5935022592
3910858
867962454016
795975104
11720876032
24518619136
7645193
2163633422336
2259650048
197813520
640402
10324552704
190311712
5433988608
11876681
836499668992
18374465536
128300104
5023432192
556163584
1497407
226664710144
410859872
6199531008
5599003648
5278026
531706281984
715528576
93641296
120988
3571112448
103749880
3492043776
1143548
539171487744
2291562496
95150560
13269865472
4586266
884934115328
18265724928
114341392
7990364160
5327314432
2844123
211190284288
9150785536
111824896
3344496128
15336375296
5077803520
