33771
67543
5313518
292084
2207076
78015
2025944
41100664
219937792
37181488
20744282
459925
3480
376060
10644985
791985
2676500
16885
1353259
73734
558546
19985
2646105
146272
1111984
40158
1751411
12971230
159757232
26743104
3092243
96640
6513622
173638
2684
1249776
35123
9499860
12291546
34933640
3160521
13680779
638125184
110340200
23900972
367049
1149605760
130012424
80730416
6057697
3565894
264630
14318
7156
365606
1770526
6173781
646649
36577
273698
10095
670416
3391378
41259928
15416696
888403
24616
1704502
49015
756
368791
8500
550583
6955971
86374144
38938972
1595711
48611
3553055
88447
1658
743238
17923
13038680
160058608
2436903424
4962347
4414966
521161088
276054720
8026544
318791
1516528640
105200512
90889080
1828158
2117795
61688
10634
5007860
106390
5329
1155269
2945980
167210112
16567080960
24734168
2214085
120546443264
46608760
3930667264
3969775
222543456
86216256
8204745
663836
9336968192
484209792
315147712
11330934
57250388
415739
2498870016
101666816
101494560
4499
2520559
123894
31818
2364
4644716
594473
1797304
22650794
23964832
460727
13010
878126
25256
953
198887
4680
4817962
27329768
592977600
2935091
1177916
133616248
89129264
2312637
68923
615453184
30892924
25652208
523941
545512
17190
4407
1185669
31303
1899
294945
10618568
74109144
1000473216
2406709
2423154
270999040
225336672
5187836
53598
2272462336
57956528
39596480
983141
1120814
28747
8385
2282075
54714
3079
564621
5084898
1476388864
7122916352
36353132
3111567
94409211904
426609536
8763742208
5562585
187749680
132664488
3458345
680581
19208013824
299346688
263532864
6733296
31884416
250613
4611508224
109971056
34512552
8193
1654182
43828
4682
3797627
5005
130858792
7523429376
16986550
6054019
696375181312
579154048
26673987584
21268456
4499873792
5620472
294290522112
-22702608
2633457152
640969
3340800512
165952096
207843584
4493161
214857120
2347060
15766114304
359538208
119330224
82442224
388661
2859245056
8714
1658460
14131
4144424
32944162
656152832
2595346
727289
73391736
36593864
1430347
38515
711752832
16249124
2702488
299484
309410
10161
1900
694459
17642
1939
186496
1180407
158724816
5745762304
14432108
1226557
40970936320
72078416
1584935936
4349321
45683348
94442016
862966
514345
4909842944
91832520
188158848
1593741
34322972
261230
2118173696
29125532
28536148
1778
466912
13173
10487
1036145
2246
3504235
732762496
10673735680
33162596
6133610
138569449472
243534528
3181277184
3212108
95280992
116166728
1787130
1685499
15535669248
304367872
846805824
3884971
35377656
357782
5319478272
60823204
56247240
4862
1121323
25302
26766
2043293
2792
229443744
7450022400
26095322
22600126
778706944000
1480191104
32774899712
41427440
2372313856
10116128
350930993152
559741568
3678250496
522361
5072230400
153108960
135949984
2101498
499473376
5016368
41137221632
358683296
1043540352
117353840
349965
3807237632
9247
2008748
13561
2845785
287116230656
434840576
12541192192
14968312
1887396352
46002424
1658593607680
920710784
17562380288
3139114240
7885164
141965787136
111301472
380557
7435350016
156156160
176806736
568217152
1743013
18037295104
65514856
15455
1320064
364120448
4468006912
15202309
302275
32067328000
51937172
1192022016
2133381
29959954
25748278
719003
695961
7731458048
81061808
159596096
1555063
17819652
128623
1714740992
13924175
38838816
1739
234541
6855
14113
695461
1791
217920640
1237080064
1777582
3015977
450341699584
1428979456
26950746112
7101678
1628217600
4167313
159808258048
59901632
1584346368
277845
701581440
51757680
81156976
636008
214347392
1419178
18164449280
147837328
144240160
11305999
159131
545545152
4574
352911
13772
174477040
3713725696
3584270
9822239
1023493472256
1402413952
59957870592
35867120
1449683072
2705468
383854182400
149739392
2289774848
563209
4764407808
79241056
312847296
1651343
394697440
5146601
16109932544
176044064
597746752
43290352
554720
5548644864
16775
871947
30173
6792936
744259846144
1771777664
23970850816
9760100
1449933568
44759792
2459623227392
3152828672
23700733952
7833399296
1967406
424412086272
163535264
1384141
11925801984
93633112
722407360
1169111552
1670728
35688386560
110315864
10042
3062207488
12877788
1012907180032
964449408
811553280
12984150016
52305080
808211906560
11824580608
396151296
1206856
14624929792
587442688
88420880
518503808
7806772
12353966
366854668288
512760480
7902803968
4895683
2647801856
4672992
191756861440
52008456
2647853312
294880
1352744832
47997864
70260416
418850
176842368
366033
11566942208
72045648
165453360
75236216
93245
2035579904
5813
263707
3429
3982824
147173310464
482907968
6389798400
8576838
15997644800
24043448
1196437536768
461004704
28318752768
4254788096
4033601
181574631424
40446400
930125
9790392320
30980954
38074440
266270816
931367
11902011392
91076592
2382
7524344
514092466176
733962752
20361013248
18976630
26916073472
43625800
2746805649408
1831920512
15737694208
11485672448
4756097
415197167616
407841120
3525256
17856649216
63592468
265517360
1203857152
2642150
32029343744
216348848
11265
16201596928
18141434
1955366305792
1505990016
16989475840
14786521088
75147712
2426366590976
12421952512
1214573312
1345532
26437177344
760544128
32762300416
16491332
779156455424
35181522944
247779648
5597106
210778128384
350329888
4865451008
9113204
7737453056
28985676
819390119936
411868480
19017121792
2442411264
2724091
158514855936
72447152
157777
5057802240
29261676
98887184
273347456
1563474
5829923328
64835180
6335
8917066752
6894030
833535016960
543201152
10654146560
28186914816
16943650
360275181568
3972690432
204930656
770589
11987906560
96549608
14620420096
12473523
563650363392
1030575168
25395226624
78201192448
24384068
2442152640512
7207072768
268224256
696279
19990091776
974429312
6819768832
41076532
2077786374144
58531885056
179615440
27467968512
1721923328
8113208
654373552128
354140160
4576432128
20668932096
17455832
391602929664
4994460160
148780704
1033433
7883605504
247357872
13724043264
10180218
585425551360
22116765696
168622400
42323722240
14627716
1033489416192
58257838080
415692224
25484949504
15852877824
21655728
600342790144
34808328192
254064944
10667146240
48914800640
16195470336
