67543
33771
318889
40501
2207076
8789
49523
391326
334300
371
3333
381060
18039096
81340
489994
2590211
10997
59513
372379
1699009
13463
16885
162114
21086
1116721
5450
25324
78446
10072
551983
1969
12667
328952
81260
296653
15200708
70767
117680
2592270
7406
14792
252
376612
793343
1108
5753
113011
248940
14481812
1026280
698001
95264
4481585
25717
121153
1436
226
178
264
9256
1437
64219
1874
27820992
128634
141464
4678595
6774068
42873
608524
1020783
8663
421499
40677
5255
277724
1492
6606
238530
40492
149415
7675964
38373
62559
1296976
2843
7931
249
181757
427375
1003
3716
138397
20598
73133
3807862
27293
30616
646923
3716
3734
103
77297
233578
521
3819
114364
309220
7077852
1092438
286791
74676
3880308
11537
31099
32295420
91176
116038
1216
3020027
6398872
9715
57816
189
472578
1064774
1948
7902
626
435
96512
454412
3037
72813
3361271
496202
144007
38409952
525334
219960
21787
53484660
8237132
208781
1558889
6795554
30791
35721
425
1536117
1776294
4570
5603
2356
4412
2015
924
205
127
634
23934
690566
3938
155412
1546
91964
13778055
11053212
147686
8153238
1007332
101064
10730
39519
2091834
10063
17215
358762
585
2429
131
-1800
136204
530
1207
94858
241673
17640212
371283
414671
40980
2111678
6948
15787
17564376
74216
58749
1177
1530286
2986953
5031
51772
240
179822
544273
612
2684
369
100
34792
150948
1335
56795
90927
8290193
300358
196461
18402
981086
12412
9578
7952534
77477
32040
676
2008747
1701368
4753
49533
111
398259
260148
586
2638
80
135
34819
26970
915
157482
10752596
411638
337127
33982084
1707199
827276
43633
127368136
40354200
131493
3529063
8042945
28254
29720
375
1319315
1607072
2064
11312
2738
22438498
16180923
14745
199392
71
2078
1985516
12251471
3253
1572
297
225962
1172725
1454
89
902
33820
5128626
982976
125338
9441
14380834
5239221
131674
457509
16956
84857136
46041828
239773
1818852
213868
61520
18200282
115048120
774861
826
4866473
2779330
5238
56815
1186
782
203426
3362434
4578
15527
3049
785
3719
85
1475
266
2242786
23524
1154570
191475
19948352
56944
96514
7184352
-26416
154752
10093
537337
2558
4659
4394107
23755
16019
640
166724
1039493
5492
22494
73
155125
152878
794
2922
171
56
35430
97339
1124
97147
4673475
499379
256157
18204108
1308041
331844
32668
68480960
-681004
336938
2663972
4666639
11996
16568
677
601034
926170
2438
14742
3161
4633159
7810922
7777
109967
2408
1740
205235
1899917
12624
592
177
72004
304656
2143
194
525
94896
66741
2236816
137825
66466
13028728
859777
135758
15253
22469268
9286664
165392
999937
2148465
6023
8491
172
301145
510336
499
4734
1333
781380
4414201
8734
37321
4647
573
573331
1482056
1883
724
126
134648
196954
762
76
359
32498
9348309
1534111
236675
39250
24322236
8516228
186120
1566447
66402
237780976
43095696
565982
3983780
332311
78830
28092876
120783672
932738
1039
3324877
4243184
1558
41461
1249
912
288870
1508500
4427
8429
4304
3921595
7728024
8719
2576
4389
576350
208
1312
358609
168
5056
54564396
19544370
142677
1339296
77734
18723
4792680
26041396
197433
142114
68224
17977478
228752208
624619
98911
215277
20354140
3922
450
389031
2198458
2483
367
4846
80030
1733
52880
3422
161
1566081
51831
4109521
144745
128126
16712767
478571
187362
36485
18363814
16992886
89904
833125
1172466
4301
4319
150
202168
246200
1745
8807
599
3240269
3052805
2409
58860
1643
406
194559
2150799
3243
286
94
25754
441394
76
84
106
20607
14999488
729626
200491
28011
16837164
14760090
229548
912514
27622
45254412
61427384
416119
1788551
439328
66744
26212804
65259512
864838
609
699269
1976026
6349
27634
1609
1001
73945
1647193
9333
8271
2640
2093385
8013924
12891
942
9677
1129122
103
1861
45557
344
1906272
503814
96772
9668
260741
2004613
44032
586500
22809
80004568
25900272
158947
2932533
94569
37812
16156324
23114492
219860
362
709921
860572
1784
22779
728
208
81289
520760
3042
9622
2075
22872
3892507
16182
435
6037
637867
118
580
50943
54
13862
40477232
19134496
60570
1565657
21311
22059
5931522
79343312
138019
727760
88534
69219616
254749168
615938
97975
239511
66519464
5683
427
1200454
3460761
2657
221
2288
615687
3210
32413
8416515
1335
210
100591
33799
11385353
70303336
150186
34806
111017
7092606
90418
448380
29480280
91773
580
3812
874084
782
4961
8449827
415158
138207
18684
14644450
4762721
130711
235902
46346
51282604
32390858
280226
944576
89727
55374
6391280
85665720
603584
394
1335692
643782
2327
8362
611
508
71515
1353754
2409
4263
1020
373009
8738796
5161
638
2927
409486
109
376
77599
183
11574
42382188
17147488
122814
1026776
105975
8498
10746508
43651336
114152
196093
45492
23274112
227737536
238431
41305
156462
56967776
3153
765
696149
931550
6347
312
1661
385756
737
19563
5186926
3201
156
9828
29822456
11634345
48523
502846
73937
14735
3550747
5322402
154273
34972
39450
44510788
64817732
288407
60719
168502
11722730
3412
683
52182
2352799
4194
184
1046
231150
447
14448
4232289
382
96
335089
42606
20499844
48066040
415389
41784
134746
13160753
121662
722458
71512520
181952
931
8281
1896704
1006
6063
31721
246141
4919158
40853
49505
1962
14286
36585552
17265776
63334
751750
42540
35895
6023884
12240300
44356
84606
38999
6683398
78152272
131895
-900
72006
30465364
936
623
225714
1035779
3692
247
1138
253468
1061
4918
565756
267
122
33735
23875
2651842
16597602
311610
38802
151333
29591908
79138
829314
13889912
71894
519
2927
1303296
268
3466
72736
24773
8367989
40579908
196477
19265
68506
8496689
106395
855660
20657210
90864
351
1833
627450
296
4464
27106
802209
29655510
54410
80155
1131
25222
91471
280
5711004
51076692
68145
25736
55064
2487370
36041
339440
23285924
32016
192
2079
215325
495
1645
32164
365564
45037636
63836
166786
1148
35314
161944
27029666
27502
127254
330
79241
8478
127448
10427470
23072
48680
577
84556
40912
29857
