67543
33771
318889
40501
2207076
8789
2533
401734
334300
379
3333
381060
18039096
81340
25066
2590211
10997
3044
372379
86917
688
16885
161915
20767
1117093
3939
1298
81868
10441
555992
2696
652
505834
79966
296653
15200708
70767
6020
2592270
7406
756
292
376612
40585
1108
294
97807
276836
13629584
438354
26389
95264
4481585
25717
6197
1861
262
389
25
9256
1437
64219
95
27820992
128634
7236
4678595
346544
2193
608524
52220
443
21562
40809
5125
273698
2207
327
339668
40329
150925
7793909
34112
3778
1340197
5429
447
164
125558
23952
774
182
49358
21055
76858
4012221
20819
1698
697288
2288
215
90
115852
12068
296
129
148265
367120
14173361
2512654
13860
74676
3880308
11537
1590
32295420
91176
5936
1484
3020027
327350
9715
2957
333
472578
54471
1948
404
312
18
96512
23246
155
118134
4997592
146041
7150
33123102
920825
12211
29733
8530717
715293
366877
38802
7077227
48009
1822
491
775520
89800
4570
1553
3470
7044
71
775
13
139
46
20633
742075
580
115186
104
3080
13778055
565454
7555
417098
51532
134534
10135
40521
2125806
27966
855
362918
3057
119
103
128181
6458
592
117
111316
287620
9111950
936635
19350
37948
1977212
12392
1070
15929516
121243
3077
1640
5015855
165910
3227
5076
204
740813
28560
888
578
404
13
22848
25750
94
40670
232191
9372207
585958
9476
19216
980384
7930
407
8089886
37221
1583
826
830270
86973
3927
1776
113
81447
14789
630
226
358
5
33459
10693
41
180938
6815015
476896
10417
66961112
1711548
30652
24904
63323396
2591987
580272
182832
8042945
28254
1520
674
1319315
82213
2064
578
4618
24337120
705046
14745
5224
1726
69
1985516
270849
166
700
29
225962
27258
159
170
21
1730
8855547
424601
9484
22225
9143662
248670
180899
29445
38153
196103664
1647537
317797
99569
7006
5872
18188614
1705788
8527
809
3279179
139848
5238
2753
407
17
185287
24187
234
4408
121
693
817
99
54
10
2499512
1392
58778
9325
1106527
32057
42171
4766856
364384
8448
10473
523494
3604
199
4542088
69154
820
470
1548507
45704
4228
1179
53
195603
7104
510
234
139
6
15443
6456
42
113608
5613598
604448
5374
43709148
1902286
7020
49131
63243652
1109726
328139
67088
4085622
7305
926
434
942031
50487
1287
461
3433
7874761
479739
11449
4559
8117
56
786153
292629
307
987
8
95014
32070
33
117
22
3162
39560
3770764
314988
3166
10034032
1306068
15132
37173
34397548
477195
95238
24830
2155570
11232
538
153
257659
24104
1148
312
1479
1441172
237298
12021
1367
1636
60
697722
41403
230
131
5
118971
9692
14
13
22
3149
23276800
1327232
23415
33586
45272096
1048104
102510
1528
40300
85594024
3380002
528931
94389
232180
4296
23226628
15784962
37682
1506
3324877
217070
1558
2121
494
65
288870
77171
226
153
193
3921595
1728377
446
577
295
29484
139
110
18345
12
20109
39025352
222547
155603
48304
29959
1195
5467284
1495952
11277
96886
-392
30692668
11686628
41245
56935
2867
379501
3170
41
428775
126434
127
407
142
1824
1225
1041
112
9
135920
14960
1399552
184220
5581
11623379
446897
5607
13756
30781752
894415
164667
57096
1136532
3953
215
326
144961
11601
1155
693
804
4491826
100137
554
6238
1835
32
233924
65003
193
427
4
42687
10541
25
33
7
1177
5274055
1336475
9828
28558
51737052
188873
137667
17438
51613
160528896
2418575
264234
65657
83961
1815
39549312
3091039
37435
471
2614159
83540
3838
498
610
26
191142
12546
166
14413
102
3159330
59873
296
1473
709
37390
210
90
403
2
3155397
229263
5912
14432
13738814
270189
82724
12514
27672
33555216
1196749
48181
66224
72368
2326
12658038
2938457
23268
465
646770
54305
1529
638
1149
32
64271
18178
173
2275
109
698532
149942
488
486
385
26512
100
45
3952
5
14435
79559608
3111660
108821
67421
7254
1940
14289520
3827943
26086
200281
6302
65791468
11653424
41100
84009
17935
1526118
2481
74
1200454
177043
135
394
230
31496
2819
237
430567
39
28
287417
1488
14387877
8212915
13285
17663
13624
705532
67794
6563
1350615
3045
395
141
14206
9
159
4729240
87901
4934
4087
16563730
120116
70779
10503
15165
97848960
1747191
123711
37314
130956
3193
8863491
2947580
6509
221
1362594
22007
1596
1354
1354
12
100684
42847
83
7502
39
1150072
671643
545
959
205
27723
73
26
5911
3
15800
44735112
774850
68841
101599
48961
1081
8839362
1327150
7722
306841
1587
31660740
8146564
32728
28869
5132
2664036
2248
63
700379
429378
656
473
20
19480
1422
1047
269122
177
30
8091
26056006
357621
51820
50392
57428
1076
9864505
1296046
7964
90942
3153
7818144
6092277
15661
2366
7496
1687329
1243
18
-3062
92995
299
279
80
10087
2308
279
119360
64
10
132093
837
7133359
5553289
786
36589
9314
913811
73317
19803
1598485
9396
587
309
97030
34
743
23338
12134
245256
3327
6980
17
6530
79526448
140083
76875
11896
32989
538
1539604
2847781
9312
178297
1467
7596648
7448712
13545
20944
29439
1249830
3092
21
328755
133308
218
192
221
7274
1249
1361
90396
64
8
79856
2172
9472128
4006195
6179
64509
4723
688254
75200
11623
1919521
3741
371
230
28124
54
145
63509
1075
8047270
1227025
6191
19761
2884
308378
22962
3015
4648904
2211
282
106
10953
43
152
48142
8447
3905108
6120
6459
181
2619
91188
829
19797400
1587954
7272
6768
10227
163463
83526
17672
967783
3865
600
469
27680
16
160
7141
3380
1202619
2125
1316
87
12674
7117
834497
2775
-286
36
8828
11178
10833
163559
1734
2914
86
1768
1103
1140
