33771
67543
318889
282468
2207076
8789
103354
401734
334300
379
3333
2657613
18039096
81340
1022610
18064808
76696
866231
372379
3545804
28098
16885
80957
72418
558546
1969
26477
163736
145642
1111984
5393
53201
505834
79966
2068942
15200708
70767
245596
18079172
51656
215311
292
376612
1655693
1108
12008
97807
1930732
13629584
438354
1076564
664399
4481585
25717
252844
1861
1830
389
1032
9256
10028
64219
3912
194030880
897132
2059042
4678595
14137365
89476
4244011
14857665
126093
879662
40809
35743
273698
2207
13373
169834
20164
526298
3896954
17056
77075
4673445
18933
63720
82
62779
488571
387
3720
98716
42110
1072066
8024442
41639
138550
9726147
31917
122883
180
231705
984636
593
10597
148265
2560394
14173361
2512654
565448
520815
3880308
11537
64904
225236704
635885
1688966
1484
3020027
13354338
9715
120662
2326
3295888
15497961
13590
115028
312
768
96512
948351
6339
823898
4997592
146041
291714
231009184
6422079
3474394
29733
8530719
29180620
366877
1582946
49358432
334827
518423
491
775520
3663429
4570
63375
24204
7044
2936
5409
3760
139
1881
143905
742075
23689
803340
29807
125658
96091744
160881344
2149594
17015666
14661884
134534
10135
282610
2125805
27966
34907
2531087
21321
33892
103
128181
263484
592
4777
55658
1002970
4555974
468317
394705
132330
988606
6196
21838
55548300
422791
437755
820
2507927
3384177
1613
103551
714
2583312
4063005
3098
82333
202
274
11424
525240
1930
81341
3238729
18744414
1171917
773170
268038
1960769
15860
33271
112841952
519190
900796
1652
1660541
7096186
7854
144942
1586
1136070
8415843
8787
128872
717
444
66918
872501
3394
1261909
6815014
476896
424993
467004224
11936783
8721221
24904
63323396
105740888
580272
7458703
56093600
197053
432593
674
1319315
3353932
2064
23608
32213
169733424
200597808
102841
1486470
1726
2843
1985516
11049378
6790
4888
8424
1575920
7755378
45495
170
864
70582
61760888
2961281
2698543
22225
9143658
10144584
180899
1201251
266092
1367678336
468752672
2216401
28329326
7006
239557
18188614
69588072
347894
5649
22869852
39789240
36536
783342
407
704
185287
986737
9554
30743
34525
693
33350
695
15472
413
17432254
396090
2397888
2653379
314825856
32057
294113
4766854
364384
344671
73041
523494
3604
8135
31677708
482300
233475
470
1548507
1864527
4228
48120
371
1364187
2021232
3557
66616
139
279
15443
263385
1741
396166
2806798
302224
109636
152419504
6633522
998705
24565
31621830
22635822
164069
1368441
14247098
25476
131812
217
471015
1029833
643
9420
11972
27460322
68246976
39924
648605
4058
1146
393076
5968943
6271
3443
1181
331326
4562247
4696
58
463
64516
551814
7541528
629977
258354
139959904
18217720
8611077
74346
68795104
38934644
190476
2025894
30067028
156674
306442
306
515319
1966673
2297
25478
20630
20102228
135031184
167686
778284
3272
4922
1395445
3378096
18800
1837
3162
1659483
5515224
8050
26
1873
257003
162338512
9256465
6662220
33586
45272116
42757748
102510
62351
281065
596955136
961668224
3688905
26855324
232180
175296
23226628
643952128
1537263
10507
23188562
61760240
10872
603479
494
2653
288870
3148215
9240
1071
55068
27350216
491752640
126908
577
12056
1202832
974
31324
5219613
517
140248
272173056
63318496
1085222
13743530
29959
48778
5467285
61027824
460069
675709
-111561
214058672
3325044480
11735066
56935
116969
15481868
22108
11827
2990392
35972680
36148
407
5804
74424
8547
296224
4582
2805
38671764
104340
1399552
184220
227713
81064472
3116781
1595543
13756
30781752
36487940
164667
2329269
7926471
27571
61432
326
144961
473292
1155
28288
5612
31327164
28490872
3870
1774988
1835
1309
233924
2651817
7909
2983
1266
297716
2999205
7317
33
308
48056
18391344
4660464
1398121
14279
25868522
3852572
68833
355699
179982
559784960
344062816
921421
9340388
41980
37032
19774654
63049936
763601
1645
9115916
11884323
13386
70921
305
534
95571
255911
3401
50262
14541
11016996
8517474
42192
736
14467
762668
732
12880
57444
55
44013128
3197888
3364668
28864
27477628
22044940
165449
1021106
385991
468045760
680991360
672059
37683812
144737
189826
25316078
239750416
1898460
6499
9021485
30901796
21328
363081
2298
2638
128542
1483160
14116
31737
62258
9743500
85322448
277745
972
31470
2163166
1407
25881
2248822
461
100674
554869440
885320192
758947
19182552
7254
79152
14289518
156162080
1064190
1396818
1793146
458846912
3315598592
11693885
84009
731673
62258432
17303
21179
8372279
50371968
38678
394
9398
1284928
19665
67509
122503704
1613
8137
2004523
423561
100344800
2336714240
3779818
17663
555822
28782382
472816
1867422
384272864
124248
2760
40310
4042057
377
45268
32982954
613051
1404026
4087
16563735
4900187
70779
428510
105770
682424256
497105440
862799
10616573
130956
130282
8863492
120247408
265575
1543
9503089
6261537
11132
385445
1354
523
100684
1747969
3398
52327
11102
8020909
191093872
155275
959
8367
1130998
512
7440
1681877
123
55098
155997152
110229016
240057
14453453
24480
22058
4419682
27070744
157527
1069997
225884
110405136
1158917760
4655898
14434
104687
54340072
7839
9104
2442312
61082808
93342
236
426
397366
4960
148979
38285024
3617
4290
112857
363442784
203498640
722822
28675220
114857
87794
19729010
105745152
649850
1268517
1794392
109051648
3466712064
8911728
4732
611628
137670208
17343
10289
-42723
52917548
170149
558
6574
823040
32202
159219
67920264
5277
6136
921257
238250
49749920
1580004864
223911
36589
379982
37279196
511332
5634375
454796512
383317
4100
87961
27606846
1425
211632
162770
3452588
69779616
135766
1986054
5101
45546
554638144
39856184
536147
3384723
32989
21981
1539602
116176112
379888
1243496
417550
52980996
2119286656
3853970
20944
1200991
50987200
21570
6073
2292823
37928544
62173
192
9025
296755
8715
387267
25719234
2650
2410
278470
309047
33030568
569915392
879127
32254
96339
14038772
262235
1653473
273068256
76327
1294
32823
4000927
1112
20715
885861
612268
112247536
698219200
3523342
39523
235354
25160776
320291
1715786
2645385216
180412
3946
60658
6232818
3554
86837
335755
2403386
1111069440
249687
1837895
51527
745411
635971
236126
138072208
451800224
2069040
6768
417243
6668548
582539
5028239
275350720
157694
4189
133441
7875468
665
45661
24903
480907
171082880
43350
187300
12432
176788
4050074
474857056
226436
-163243
20764
2511740
77963
3082270
46535360
70743
829189
24736
251569
627922
324390
