33771
101314
69266
216088
292084
2207076
78015
198429
290455
77270
459925
1068
1251647
441606
456899
3918298
167666
1229853
13819570
500204
10644985
791985
2676500
25328
17584
55400
73734
558546
19985
53348
167124
219408
1667976
60237
249847
69478
343789
197827
3301768
40267
8331
640736
13830560
124331
96640
6513622
173638
823
1249776
69906
193240
729542
837621
6732088
401383
441604
463540
3893806
165824
17390
81489
341416
48002
153658
414673
3565894
264630
1139
3946
4394
2196
130571
419404
608114
2160424
1201715
32241468
258262
11591972
273367
2317948
42939700
739446
8579544
6173781
13296
41015
54866
410548
15142
83886
17520
87453
51940
846463
12637
2455
167129
3575183
36795
24616
1704502
49015
232
368791
18034
73138
54880
267212
153664
2614501
34074
5886
514811
11160749
106438
72917
5329584
132671
763
1114858
52337
292931
967464
515167
7000674
210820
346168
206705
3371389
42567
6359
1199182
37426836
211844
66039
10887202
140389
908
2189563
37993
27536
241298
8020
213668
46400572
423069
5015
8949283
121187
2117795
61688
3263
5007860
160314
1635
1242400
1245266
1539411
9873886
435048
90822
2632241
87288624
990968
338070
15525897
2500201
41389
10879634
466339
18279
1211992
32806906
260100
156701
12688740
279973
1202
2402608
128506
39133
412916
13570
27580
880648
56418
516
283725
36064
400536
4083999
98702
15102320
256924
1380
2520559
205102
11334
3394
1356
12238
6118
9766
1547
235533
222960
2236383
610006
8600633
5764832
110035256
766390
20179114
7215604
33085886
99676
13209
70440
39326
692624
8584
1606
129849
2904421
29356
19516
1317189
37884
438
298331
13495
109965
378980
613058
2250341
147161
87955
56969
858946
14322
1381
292475
9230277
54907
17450
2807582
31873
502
554866
11451
6252
50844
1826
58864
11952861
113427
1540
2346179
33574
545512
17190
1352
1185669
42181
582
304818
241063
1835669
701445
13887702
432400
267234
149403
2555410
32731
4841
896211
28125860
169478
50551
8458834
117550
1517
1745225
31606
24904
143161
5243
175481
35373384
316593
5129
7289580
114851
1681221
43121
3860
3423112
125161
1417
1051690
1907288
1403498
13464612
633813
147335
5710486
176461248
2487471
348504
163684208
2638400
34666
39424184
500802
7083
1275507
37283552
217038
70533
11682617
131200
1651
2199629
40785
16731
366483
7151
387430
143081664
528196
15085
25160696
222735
3793052
48710
9139
7689048
122297
1313
2236592
9303
1067326
23140
567
235409
9063
15818552
131031
30382
32023266
388756
13709
10726770
2514
1654182
65299
1437
3785560
2178
300139
1492349
93347424
3078721
240908
97089224
3268556
123751
15129129
1354687
801824
3397929
223320
1174107
492824608
14929726
283354
133697944
1879776
19502990
247361
406437
204857984
1975989
251708
12004204
41312
414437
13881
430669
108070464
765910
10581
19962830
238226
3991439
89966
4347
8664684
232279
1302
2064830
16021
1435779
28418
541
567373
11066
475142
20930
3845
1229419
47963
1335
337219
36396424
255661
1560
2540858
69934
7267
10668586
208471
2674
2185513
66430
12204
3650
890
18605
3811
2500
741333
22399606
7323356
29066708
69236000
95003
166699
253738
3531755
192760
72822
40935
682254
8003
2107
249671
7895670
43926
14286
2181170
24639
431
458559
9039
5793
62727
2274
48797
9494864
110695
1201
1750738
35163
464115
15241
875
1041689
38941
892
300012
598778
290653
5545473
163506
149820
1275979
57592928
284851
191421
27515312
1206401
34195
8439482
92900
1586
287813
9469572
66132
19314
2865530
31652
532
675401
12143
7976
150642
2417
107895
34915432
186767
5606
8560120
59095
974768
12913
1747
2038973
33656
529
665697
1277
232324
12686
164
61413
1443
4248752
44204
9680
10154012
96983
1922
2575557
545
466912
17767
3218
1423530
803
1251044
2030992
22350012
577945
245352
5476202
79327448
3684083
491772
96478608
3124635
155235
21774462
644013
5545
979210
29976826
230619
51113
8400222
129103
1126
1934722
39772
25071
412690
4216
317342
103895840
711301
14491
25405148
180259
2761896
35727
5593
6466249
115320
3411
1728458
9924
907801
43731
1057
165477
3751
12338165
126578
26404
27828712
427846
7718
7155180
2238
1681985
40184
12323
3909311
3408
339801
14046963
245363584
7600809
475224
209535168
3504143
187008
63766752
1163438
615671
10488174
127159
2506693
854686336
19984430
299298
274287552
3582706
36818448
670079
476971
263345280
3657807
184187
22274456
30154
933506
10762
390045
129877936
991833
19682
30985992
275241
3622594
56158
12913
9910351
154828
4905
2846083
7962
1329693
39513
942
348928
9332
46648060
326556
106599
134729376
856312
19465
31828946
2946
4241610
47036
10897
11560212
3021
276694
10950
5277
1596637
50876
2086
349858
18399
12553175
148180
43703
39531616
18512
2838
2100152
6107
1291389
10046192
1083809
2896142
521509312
13320169
597387
72238992
1774703
26330272
1124620
529889
163085200
2821755
205012
14002791
364023
15173632
2386699
125328
10228650
279728
111485400
2499837
938640
1187909888
13323937
-89673
250077920
231228
43503840
1140539
695385
77853416
124290
14329
2231072
46897
941
451922
14963
36722596
276732
40965
67894888
687085
16723
23371100
1446
2613727
77702
17189
8532299
1397
753495
9263
5254
2096146
26907
989
622970
1773
563192
16294
-606
1676422
1152
16373
27336034
234525
5040
1990845
12159
7390745
5488
19107
18542
10553
57404
83528472
236554
1271090
4147704
509401
193414
4181970
45946264
682622
200394
27742718
1145292
28723
20406116
327794
2906
245370
7902693
46232
17860
2217143
62339
1199
465603
10956
4942
101689
2002
91317
29812002
289082
3942
5360352
64975
740829
13114
2733
2636405
39563
907
519258
3094
371149
9702
575
106806
4499
3348054
46374
7987
10763338
159183
3092
2410511
800
351812
12936
6497
1438444
1010
136971
1834165
27797218
1595092
365423
14723926
1287908
79506
5745535
396424
494832
4391639
179295
186834
230363456
8463106
191658
98133888
1479490
16930554
439173
125024
59845376
2094700
38911
14794222
7972
122677
3481
95576
35409784
210234
3082
5962533
61124
927702
16519
2270
2448097
50146
988
644728
2892
859570
18318
362
265088
3144
13800965
118226
16414
35213504
251181
5140
8474387
2127
813286
12210
1214
2676381
1369
126518
2339
3596
1199273
22513
776
133304
4143
3886814
50943
797
10285428
3510
1404
550462
7599
-28322
15200304
99784240
5758037
1362511
2759802
7063283
241071
49315096
692644
2875905
8743293
810210
-27795
529051200
22249188
616546
291349312
4040352
16382824
1741892
1076353
222604896
7986610
299183
53496768
25371
436044
6064
288778
115691744
508352
18263
23255806
178772
2547555
51854
12335
6303496
158005
7315
1763884
5804
1280737
40547
1457
792856
5466
39253588
325304
89220
109282144
349004
33010
23219790
5283
1556016
52863
16915
6471267
6286
497425
9079
11503
797043
41250
2603
291902
15788
8381664
148177
78930
28115212
27213
7723
2114299
26607
-229589
14765078
888822
6691760
1294002048
15443980
428820
1010046336
6241361
78750448
1050584
874457
531468992
5141769
332670
78384624
674400
85873712
1104792
126217
56330008
981368
481728416
7946526
1967828
3429955328
22340634
1441337
295342400
182631
111406624
1803915
1853034
291184928
770211
13933
2165840
20606
710
885508
20843
46083036
259618
50575
79849840
1226087
29945
26692608
3341
3359264
64834
18524
8937496
5341
1163960
29379
7191
1001589
67207
4600
939389
14397
19270988
403991
50078
111416512
19980
8996
3128169
13151
2936
634582
14051
11298
2066394
3357
15295
12071571
81921
6979
715814
114684736
6541228
28105
57820300
167752
519839808
5791157
2907633
1124057984
16486482
1361841
385661696
275376
30651634
2396334
1143708
407808800
476186
28135444
1253282
780881
85914912
1716366
327572
18212844
844912
484156224
4078290
6099138
483355264
502608
428811
54152428
1006692
525629
24341
6358
2926000
78926
3056
532639
20887
27131790
322383
89235
93393936
16600
5380
2851750
25869
926
836658
13847
4516
3300133
2793
2975
738634
13375
52250
30720114
5384
13875
140826
378492
6553862
74777248
2402744
603556
21975652
1492347
34141
10961842
760868
813517
7245238
584724
1659935
464495936
2786059
168948
212677184
757495
10127148
575695
362813
61364516
794011
205336
14667385
9183
83329
5917
97462
27681128
369152
4335
4712253
68060
977258
10172
4925
2353442
49559
1450
594201
1758
840626
7461
309
400425
8008
10720114
97334
23498
25543686
221011
5886
9986393
1237
1296004
8996
5590
3036374
1913
126960
10870
767
1021972
7304
965
190965
1715
4103688
44962
19032
16228884
7042
2676
425172
3746
1757889
6287353
153571
3180434
714676224
8376276
234693
125758384
3175180
24594732
1097050
391331
117490408
1998756
92711
22149912
136305
44338876
1877554
60155
22095024
199827
111348664
3367371
680826
553328640
6060453
181567
182237072
12496
301152
755216
793107
135876704
198951
5534
685004
19096
330
90875
6170
14325089
80795
20704
26836308
270137
12872
5869699
3285
1325410
21819
7936
2611651
2607
349522
5014
1379
1054977
17415
1053
232530
3277
6316140
91627
62050
25254694
8848
6613
1079300
5989
858
379455
12264
4565
825674
697
18504
4657542
18239
1187
1791298
16618664
1919816
9133994
3095541760
26739472
721075
348252096
9167116
74203576
4718578
1174176
211090240
13913430
553489
59459452
294204
190622144
6564540
268612
61708816
1760338
641130560
6336715
3880580
2519358208
15284852
2163508
467356384
578085
56656276
1667314
1323257
263834720
380665
28239
3140175
103164
1312
769427
26766
42330016
219328
104063
83026528
1037255
21822
13407026
6183
3317307
57498
8146
14527834
6944
860651
27272
8982
3299792
149607
1045
426874
39669
40211932
311486
238814
81256008
46291
9724
4303501
20229
4772
903664
46073
23975
3822675
3783
28076
12227374
138961
8155
2845636
128092488
7599206
288886
101377048
1039056
747941760
5608097
1047454
3533965056
45973048
766025
722233920
745341
125092144
3584808
1582595
609593600
733240
24346512
988839
1170479
369112608
2420594
103771
31093984
1248829
933828992
18580310
6513140
4769244672
1244822
468545
111179392
2211998
1098772
44033
-615
4092315
24445
5897
1327298
30655
57270100
442644
132640
126306968
33383
21703
4586097
11347
4045
2465724
16988
25629
8014922
4182
73183
63058684
284686
10921
2905
1226365
25057
38853
38027652
5410256
498855
107788400
10505748
390291
53595076
644351
590625664
4978503
3840218
1836966144
633888
1488149
238584976
1092483
504604
71095640
2789383
730082
215173120
142727
3980667
597067776
10341002
937881
-408
1672075
37838
13399
3655918
3176
15694
30571782
204957
10287
3747
2030406
7924
2288
13374
1909614
17568574
758070
2405197
861955072
14672129
291008
68206992
3006278
31676312
1918937
544467
145041296
6369662
138575
10994730
615162
61385664
-567240
51634
21692542
1085253
266406864
2965222
1639408
703881792
11123917
503443
81807896
100585
26783946
1198496
673059
47382092
307317
1570
1194245
37521
42
331203
2920
9175158
97755
34929
47223024
434510
12880
10128442
2447
998337
15213
9466
2744834
3171
323733
4953
4056
1512177
26257
688
220001
17802
11190903
110473
130308
42664172
14801
3962
638084
9817
1269
618723
7908
9533
1226334
2280
9870
3087360
31367
3466
22402
110716416
3293997
64726
17240576
1177168
162235312
2509823
2743983
2631179008
13628000
993652
198098176
127524
95871128
1835953
811038
183829904
97895
37498660
-60678
221362
72558896
1066237
86470
25859522
606572
395467264
1844648
4173503
312029952
660236
148642
54300112
1132037
316705
8072
3544
795556
29902
1421
511130
9287
9775080
88171
56750
19773572
14020
5428
826239
12972
1243
595296
10524
5360
3101632
2824
48971
13602611
39291
3332
1293
459808
3137
10672
215850
200315216
16865206
361216
127449456
4679414
87455800
10835552
9669632
2722881792
24709348
2952861
1412218624
1238805
276883072
8120135
5648327
312306304
1616408
99923336
2301079
854710
709136256
16823260
303804
69230592
1218462
877841792
5870814
13464357
1158871936
3622492
905408
260042512
1567851
1758525
63375
18379
4543000
184121
6541
1181943
27383
45634972
190535
105246
111602728
33789
26925
2669810
23561
7003
1403803
20907
40004
7424815
7126
82398
47912012
87088
6011
3130
1508137
17121
14957
42150564
-90408
1154241
740730304
15087851
231900
59395528
2703436
1721970304
26340778
10421965
5749061632
5222062
1126894
235748608
2772988
679081
101369824
3481922
3108617
400079264
462257
343537
1043438208
8400742
791722
4915
3305823
34837
26014
2077068
5324
212376
61513012
370187
16431
4085
1086007
39211
260506
13172
1023305
91088200
8165149
2461914
553801088
1126430
4443399
2060983424
16319034
991955
501969
159959872
2941622
1185617
11414
2115712
40213
89648
6860
222421
100287872
6534225
123568
26057742
1022429
317396096
11953553
2568972
4074738944
7538737
1138796
158085568
488311
74356512
2354492
1823738
130761800
325651
28045902
2562206
296776
103742272
5480069
228595
17157708
612244
630182592
5051832
2994791
788760320
844006
233617
27526692
729196
248214
8766
5894
2202628
23325
2477
274946
11335
17352302
140687
120257
30361638
23168
3152
1145376
8787
1839
1576767
11686
6216
2467139
3555
32658
19249976
104882
7252
2960
237076
9218
14475
18655646
2094256
406233
191526032
5600860
257934
49753824
831876
318339552
6750288
5175194
1042922944
1099228
1142169
128589056
640383
309457
68311600
776020
341695
112202136
332656
1438948
332943232
3105314
279923
2516
883842
467
11029
1506231
2082
20588
14569477
104945
6708
2192
1002565
9143
31042
2343
76762136
1762284
-41653
841827392
9589498
948911
66713060
4337420
3403710464
41444772
15850296
7692705792
1410487
3159526
233764432
5220890
611167
186892960
4082386
2952557
460698816
684945
12074444
1440988928
26655580
1196761
6273
712835
42170
48869
6804469
20978
97233
60730432
300294
4121
14047
1308685
23053
181345
32439
832262
177488816
3348517
3531703
1171906048
672499
14898514
2737736704
25298952
2606956
922414
57291788
5702249
8606370
18124
4611427
47694
68091
16998
2359548
219403008
7646989
3221428
1280796
7393
53884208
2532476
94506
253031488
10385358
115523
78971304
1584410
445470720
10656554
3460839
2240137472
1137878
440737
189525392
2084473
132834
85658752
1937650
1737227
150329184
638932
1871697
384800960
3174465
1037380
5649
1450702
17527
34230
3254689
2719
37686
5476906
154698
8233
4061
1454601
8546
40559
4463
239291
136061408
1835141
2008576
229363072
154491
1979389
775110784
15242456
820746
1210841
258553888
1054653
2631126
6484
2422630
19786
48948
4423
740125
465989792
8701514
7212155
785102080
962683
5300947
3454876672
38885344
1600078
947792
235044560
3681022
6721504
40163
4570453
76270
171899
12700
1827206
442571456
3727866
13866764
1760674
19252
2356730
613094
150652816
4857642
3840869
183069808
680004
3055508
-11676128
7995837
731922
614846
55230632
1897774
1010579
5086
641091
22428
54459
6563
650203
87698368
2489927
3194752
1133496
6927
2407381
357015872
11693423
12817908
2205881
24302
6907326
84904
103344696
2364601
5210115
1197094
14818
1487389
5674688
2341587
