33771
101314
69266
40501
292084
2207076
60256
198429
290455
14482
459925
1068
966723
82770
456899
3918298
129498
230512
2590211
72411
10644985
611698
2067222
25328
17584
10383
73734
558546
15436
53348
31324
219408
1667976
46524
249847
69478
64436
197827
3301768
31101
1561
120093
2592270
17998
96640
6513622
134111
823
965278
53993
193240
136738
837621
6732088
310012
82770
463540
3893806
128076
3259
15273
63991
6949
153658
77722
3565894
204390
1139
739
4394
1696
100847
60714
469683
1668625
225238
6043039
37387
11591972
211138
1790291
8048215
107045
1242009
4768384
13296
7687
54866
410548
11695
83886
17520
16391
51940
846463
9760
460
31325
670098
5326
24616
1704502
37857
232
284839
13929
73138
54880
50083
153664
2614501
26318
1103
96491
2091866
15408
72917
5329584
102470
763
861072
40423
292931
181332
515166
7000674
162829
64882
206705
3371389
32877
1192
224763
7014936
30667
66039
10887202
108431
908
1691132
29344
5161
45226
1161
40048
8696889
61245
939
1295534
17543
2117795
47645
3263
3867873
123820
1263
959580
233401
1539411
9873886
336014
17022
493362
16360561
143456
338070
15525901
1931056
41389
8402998
360181
3426
227164
6149019
37653
156701
12688740
216240
1202
1855679
99253
7334
77393
1964
5169
165060
8167
96
41073
5220
75072
4083999
76234
2830637
37193
1380
1946780
158412
2124
3394
1048
2293
885
7542
1194
34096
172206
1727294
88307
1245062
4452528
20623980
110945
2921209
5573046
4789646
99676
13209
13202
39326
692624
6630
301
24337
544377
4249
19516
1317188
29260
438
230419
10423
109965
71032
613058
2250342
113661
16485
56969
858946
11061
258
54818
1730036
7948
17450
2807582
24617
502
428556
8844
1171
9529
264
11033
2240332
16420
288
339642
4860
545512
13276
1352
915764
32578
450
235429
241063
344060
701445
13887704
333968
50087
149403
2555410
25280
907
167977
5271648
24534
50551
8458834
90791
1517
1347943
24411
4667
26832
759
32890
6630056
45831
961
1055269
16626
1681221
33305
3860
2643876
96669
1095
812284
357484
1403499
13464610
489532
27615
1070320
33074246
360096
348504
163684208
2037796
34666
30449674
386799
1327
239069
6988080
31419
70533
11682617
101334
1651
1698906
31500
3136
68690
1035
72616
26817892
76463
2827
3642363
32244
3793052
37621
9139
5938716
94457
1014
1727455
1743
200049
3349
106
34078
1312
2964881
18968
5694
4635817
56277
1984
1552850
2514
1277625
50434
1109
2923816
1682
56255
279712
17496156
445688
240908
97089232
2524503
123751
11685138
1046306
150286
636877
32328
220063
92370432
2161286
53109
19354652
272124
19502990
191051
406437
158224208
1526176
194409
9271569
7743
77678
2009
80720
20255718
110876
1983
2889899
34486
3991439
69486
4347
6692259
179403
1006
1594792
3003
269109
4113
101
82135
1602
89056
3029
720
177975
6943
193
48817
6821805
37010
1560
1962458
54014
1362
1544427
30179
2065
1688004
12451
1766
2819
687
2693
551
1931
107318
3242657
5656270
4207812
10022882
95003
31244
253738
3531754
148880
13649
40935
682254
6181
395
46796
1479890
6359
14286
2181170
19030
431
354172
6981
1085
11757
329
9146
1779628
16024
225
253443
5090
464115
11772
875
804559
30076
689
231717
112229
290654
5545473
126285
28080
239157
10794680
41236
191421
27515312
931776
34195
6518322
71752
297
53945
1774888
9573
19314
2865530
24446
532
521653
9379
1495
28235
349
20223
6544222
27037
1050
1239197
8554
974768
9974
1747
1574822
25994
409
514158
239
43544
1836
30
8890
208
796346
6399
1814
1469935
14039
278
372848
545
360624
13723
2486
1099478
620
234483
2030991
22350012
446381
45986
1026408
14868392
533322
491772
96478656
2413345
155235
16817732
497410
1039
183534
5618576
33385
51113
8400222
99714
1126
1494303
30718
4699
77350
610
59479
19473262
102970
2716
3677751
26095
2761896
27594
5593
4994275
89068
2634
1334993
1860
170149
6330
198
23955
543
2312550
18323
4948
4028596
61936
1117
1035812
2238
1299099
31036
9517
3019397
2632
63689
2632831
45988652
1100323
475224
209535168
2706461
187009
49250932
898593
115395
1965805
18408
469831
160194400
2893025
56097
39706976
518646
36818448
517542
476971
203397504
2825144
142259
17203908
5651
174967
1558
73106
24343104
143581
3689
4485656
39845
3622594
43374
12913
7654363
119583
3788
2198202
1492
249225
5720
176
50512
1351
8743276
47273
19979
19503968
123963
2817
4607686
2946
3276052
36328
8416
8928651
2333
51861
1585
989
231135
7365
302
50646
3448
1817248
21451
6326
5722756
2679
2192
1622074
4717
242045
1882964
156896
542826
97746856
1928282
111968
10457608
256913
26330286
868612
529889
125960560
2179412
158343
10815194
68229
2844004
345507
23490
1480741
40494
20895780
361886
175930
171966640
1928826
-12981
36202288
231228
33600648
880907
537088
60130864
95997
2685
418171
6789
176
65422
2166
6882939
40060
7678
9828735
99465
2420
3383294
1446
2018739
60014
13276
6590010
1079
141228
1340
984
303446
3895
143
90183
332
81530
2358
-87
242685
166
3068
3957274
33950
3892
1537650
1760
1069913
4239
2766
2684
8151
8310
12091914
44337
1271090
4147705
393441
36251
783829
8611737
98819
200394
27742720
884578
28723
15760878
253175
544
45989
1481206
6692
17860
2217143
48148
1199
359613
8462
926
19059
289
17115
5587683
41848
738
775986
9406
740829
10128
2733
2036255
30557
701
401054
579
69564
1404
86
15461
651
627528
6713
1497
1558144
23044
447
348955
800
271726
9991
5018
1110997
780
25672
343778
5210053
230911
365423
14723926
994729
79506
4437629
306182
92746
823127
25955
35018
43177164
1225153
35922
14206256
214177
16930558
339200
125024
46222184
1617863
30053
11426474
1494
22993
503
17914
6636878
30434
577
863160
8848
927702
12759
2270
1890813
38731
763
497962
542
161109
2651
67
38375
455
2586723
17114
3076
5097648
36362
744
1226786
2127
628150
9430
938
2067131
1057
23713
338
674
173611
3259
112
19297
776
562670
7374
115
1488959
508
1084
425155
5869
-5308
2849003
18702624
833556
1362511
2759784
5455399
241071
38089016
534970
539032
1638761
117289
-5209
99160416
3220881
115559
42176912
584897
16382828
1345369
1076354
171931200
6168540
231077
41318768
4755
81728
877
54126
21684178
73591
3423
3366604
25879
2547555
40050
12335
4868571
122037
5650
1362354
1087
240049
5869
273
114777
791
7357325
47092
16722
15820122
50523
4778
3361390
5283
1201805
40829
13064
4998149
4855
93232
1314
2156
115383
5971
376
42257
2959
1213363
21450
11426
4070071
3939
5965
1633001
20550
-43031
2767428
128669
1254241
242535632
2235733
80374
146218384
903525
78750440
811429
874457
410485504
3971301
256941
60541176
126403
16095364
159934
23657
8154558
142066
90290664
1150370
368831
496534016
3234119
208653
42754948
182631
86046072
1393273
1431210
224899664
594880
2611
405944
2983
133
128189
3017
8637373
37583
9479
11559381
177493
4335
3864129
3341
2594563
50075
14307
6902968
4125
218161
4253
1347
144994
9729
665
135989
2698
2789745
58483
7249
16129104
2892
6948
2416074
10157
550
91864
2034
1635
299139
486
2214
1747529
11859
5390
134165
21495432
946934
5267
8370298
24284
97433928
838351
544979
162723008
2386649
197145
55829932
275376
23674124
1850833
883355
314975392
367787
5273445
181430
146361
12437387
248468
47420
2636564
158362
70088368
590389
882935
69972408
72759
331196
41825200
777529
98519
3523
1191
423579
11425
442
77107
3914
3927706
46669
12918
13520082
2403
4155
2202579
19980
173
121118
2004
653
477740
404
430
106927
1936
7564
4447166
4158
2008
20386
70941
1228394
14015548
347830
603556
21975682
1152631
34141
8466500
587665
152478
1357979
84647
311122
87060776
403320
31666
30788000
109658
10127151
444644
362813
47395532
613262
158593
11328508
1721
15618
856
18267
5188292
53440
812
682164
9852
977258
7857
4925
1817705
38277
1120
458937
329
157559
1080
103
57967
1159
2009278
14090
4404
3697806
31994
852
1445670
1237
1000982
6948
4317
2345175
1477
23796
1573
492
147944
1057
50
27644
321
594066
6508
2755
2349358
1019
2067
328386
2893
329482
1178443
22231
596111
133952224
1212583
43988
18205280
459651
24594726
847318
391331
90744952
1543760
71606
17107728
25547
8310463
271802
11275
3198563
28927
20870144
487474
127607
80102064
877335
26284
26381360
12496
232599
583299
612565
104945768
153662
1037
128390
2764
61
13155
893
2684960
11696
3880
3884931
39106
1863
849721
3285
1023694
16852
6129
2017136
2013
65511
725
258
152722
2521
152
33662
614
914349
13264
8982
3655970
1280
5108
833608
4626
160
54931
1775
660
119527
101
2678
674244
2640
917
335744
3114849
277920
1711990
580199360
3870913
135151
50414372
1327068
74203584
3644444
1174176
163037744
10746183
427493
45924160
55142
35728424
950308
50346
8933216
254833
120167488
917328
727339
364712448
2212695
313198
67656400
578085
43759080
1287767
1022032
203775488
294010
5292
588565
14934
245
111385
3874
7933942
31750
19504
12019255
150157
3159
1940854
6183
2562156
44409
6292
11220725
5363
161312
3948
1683
477691
21657
151
61796
7435
5821240
45092
34571
11762944
6701
7510
3323854
15624
894
130818
6669
3470
553386
547
4064
1770084
20116
6299
533359
24008464
1100090
54146
14675749
150418
140187216
811850
196325
511590976
6655242
110892
104553400
745341
96616160
2768765
1222332
470825920
566326
4563283
143148
219383
53434212
350415
15022
4501289
234068
135184832
2689760
942868
690415040
180205
361886
85870584
1708459
205943
6374
-115
592419
3538
853
192145
5745
8290649
64078
19201
18284706
4832
16763
3542119
8764
758
356948
2459
3710
1160272
605
10594
9128628
41212
8435
420
177533
3627
5624
7127546
783210
93500
15603902
1520854
56500
7758639
120771
85501376
720708
555924
265926720
91764
1149387
184273568
843790
94578
10292090
403802
105689
31149324
20661
576257
86433936
1497004
724382
-76
242056
5477
1939
529245
459
2272
4425693
29670
7945
542
293929
1147
331
1936
357920
3292891
109741
450807
161556816
2123995
54543
9873927
435200
31676316
1482111
544466
112024184
4919674
107030
8491896
115300
11505554
-82116
24734
3140300
157105
49932808
429257
307275
101896760
1610343
72880
11842831
100585
20686858
925671
519844
36596040
237360
294
223838
5431
144
47946
422
1719706
14151
6546
6836194
62901
1864
1466233
2447
771076
11750
7311
2120001
2449
60677
717
352
218908
3801
182
31848
3336
1620039
15992
18864
6176237
2142
3060
492830
7582
466
89568
1144
1750
177528
138
1428
446938
4540
2677
4198
20751650
476852
12131
2495815
170411
30407864
363332
514306
380899968
1972843
143845
28677484
127524
74047048
1418017
626414
141982944
75610
7028398
-8784
41490
10503914
154352
12517
3743527
113690
57249440
267038
604172
45170672
95578
114806
41939288
874341
59360
1168
664
115167
4328
205
73993
1740
1415079
12764
8215
2862501
2029
4192
638154
10019
233
86177
1523
776
449004
408
7089
1969168
5688
2574
187
66563
454
1544
40456
37545220
2441474
67703
18450094
677410
16391896
1568598
1812385
394175488
3577024
427468
204438432
1238805
213853504
6271672
4362545
241212976
1248449
18728694
333113
160199
102657384
2435402
43979
10022100
228377
127079904
849882
1949155
167763024
524406
699301
200846528
1210947
329601
9174
3444
657663
26654
947
171102
5132
6606302
27582
15235
16156054
4891
20795
2062055
18197
1312
203220
3026
5791
1074846
1031
11928
6935934
12607
4643
453
218324
2478
2165
7900298
-13087
216340
107231088
2184177
33570
8598340
506706
249279296
3813196
1508725
832256704
755966
870368
182082896
2141744
127280
14674706
504056
450015
57917088
66918
49732
151052320
1216125
611495
921
478564
5043
3766
300684
770
30744
8904870
53589
12691
591
157214
5676
37711
1906
191798
13186292
1182020
356396
80170440
163066
643244
298356224
2362408
766147
72667
23156428
425841
171634
1652
306278
5821
12977
993
41688
18797010
945920
23160
3772225
148010
59489740
1730444
481504
589875712
1091337
164856
22885104
488311
57430052
1818517
1408583
100995184
251519
5256661
370915
55624
15018154
793316
33092
2483820
114753
91227776
731323
433537
114184120
122181
180436
21260536
563202
46523
1269
1104
318861
3376
358
39802
2124
2511989
20366
17408
4395273
3353
2435
884643
6786
344
228259
1691
899
357153
514
4727
2786703
15183
5601
428
34320
1334
2095
3496638
303173
76140
27726096
810803
37339
7202563
155919
46084104
977198
749181
150977776
159128
882166
99317088
494607
58001
9889066
112339
49465
16242826
48156
208307
48198224
449537
216201
471
127948
67
1596
218048
301
2980
2109136
15192
5181
317
145135
1323
4493
339
14387575
255115
-7807
121866360
1388213
137368
9657648
812965
492734784
5999712
2294553
1113627136
204187
2440292
180550400
4032410
114551
27055370
590982
427424
66692616
99155
1747944
208603328
3858769
924330
1175
103192
6104
7074
985041
3036
14075
8791580
43471
3183
2033
189450
3337
26252
4696
155991
25693980
484744
511263
169649808
97353
2156768
396325696
3662377
2013510
133532
8293783
825480
1245892
2623
667568
6904
9857
2460
341577
31761654
1107008
466346
185413
1070
10099555
366611
17713
36629860
1503426
16723
11432204
296967
64488176
1542684
501005
324291264
164723
340408
146381952
1609965
24897
12400305
280502
251487
21762240
92494
270954
55705256
459548
801232
1058
210009
2537
4955
471162
393
5455
792859
22394
6359
587
210573
1237
5871
646
44850
19696796
265662
290769
33203538
22364
286544
112208192
2206558
633912
175286
37429300
152675
380892
938
350709
2864
7085
640
138722
67458560
1259666
1044060
113654536
139361
767386
500142016
5629199
1235837
137206
34026000
532879
973032
5814
661637
11041
24884
1838
264513
64068400
539660
2007408
254882
2787
341169
114912
21809098
703211
556019
26501912
98440
442327
-1690182
1157509
565307
89007
7995408
274729
146295
736
92807
3246
7883
950
94126
12695567
360451
462484
164089
1002
348502
51683032
1692786
1855570
319332
3518
999932
12291
14960597
342309
754236
173296
2145
215320
821490
338977
