33771
33771
69266
216088
292084
2207076
60256
193288
290455
77270
459925
1112
966723
441606
456899
3918298
129498
1229853
13819570
386338
10644985
611698
2067222
8442
17460
54813
74359
559845
15293
17336
55336
73048
556715
15514
162480
69478
343789
197827
3301768
31101
8331
640736
13830560
96028
96640
6513622
134111
692
965278
54277
223279
656027
668337
7153030
419483
441604
463540
3893806
128076
17390
81489
341416
37075
153658
414673
3565894
204390
1429
4316
4152
545
100564
318760
470769
1591855
1201715
32241468
199471
11591972
211138
1790291
42939700
571119
6626501
4768384
4522
14127
18537
142620
4102
94616
17646
89495
52166
863969
8247
2006
169325
3649813
25740
24940
1722455
33782
292
255387
13520
12114
17703
87956
51651
865348
8707
2384
162736
3551170
26205
24782
1666770
32747
361
265226
14351
225953
814882
429497
3495973
172355
346168
206705
3371389
32877
6320
1199182
37426836
163620
67220
10887202
108431
1863
1691132
28923
30505
238105
6277
221630
46030492
326762
5818
6912072
99719
2308229
44832
6278
3867873
120662
1383
951570
767533
875898
6640954
346182
133040
4135647
91419224
1448563
328612
43337588
1870464
56656
16635868
325789
18118
1211992
32806906
200891
156701
12688740
222148
1862
1855679
99253
39133
412916
10481
27580
880648
43575
409
219138
27854
400536
4083999
74665
15102319
198438
1495
1619074
158412
11406
4892
1223
15061
3810
3992
1483
184533
169833
1751237
469289
6575573
4093255
110423248
591930
15585547
5573046
25554230
30206
4649
23170
13527
231312
2382
658
42679
965575
8038
6091
500297
9144
138
88754
3531
87629
149350
360594
2134079
212620
92507
55953
887975
8444
1848
315354
9663168
48544
16830
3246922
26738
339
472236
7757
6811
65631
1374
54013
12991649
99682
1604
1884364
23682
558700
12024
2040
1110300
31949
640
254370
55869
304904
544005
3345481
151961
87756
55428
833208
10597
1613
294343
9605690
49459
17343
2750387
29357
491
417989
8284
8301
47720
1349
55462
12495322
86316
1544
1938362
26593
582726
10781
1752
860689
27263
450
259649
1660037
2434178
21244200
810424
215192
8216408
89552200
2652582
444341
35481520
1896089
73549
24251992
394137
7083
1275507
37283552
167631
70533
11682617
113204
938
1698906
31500
16731
487772
5016
387430
128356936
407958
15704
22815858
172032
3793052
34573
7190
5938716
104038
2063
1727455
8990
1067326
17872
1090
181820
4286
15818552
101203
40166
24733506
300260
9683
8284933
1406
1277624
50434
2308
2923817
1030
218113
3278898
183969904
1607549
678036
119606616
2069554
61748
31339008
749198
733792
4011672
326234
1166247
150476592
10203672
118325
109620768
987352
23632218
615176
146793
71723576
1617592
30615
7252363
35404
440952
9006
430669
108070464
591559
10677
15418500
183996
3991439
72618
5721
5797314
169443
806
1594792
16021
1435779
21949
948
438216
8547
475142
16165
560
573261
37044
436
260455
36396424
197462
2180
1978209
61373
5427
7171970
161015
460
1403966
50256
10588
1615
992
14180
3595
6403
593688
15380795
5154981
22404656
53475144
40412
120072
166701
1133490
73755
23224
14381
220131
3078
568
87034
2562216
12248
4722
748894
7434
249
130944
2436
2047
18827
341
15775
3261671
28770
588
669408
8099
160009
3299
561
353370
9375
135
64127
1015421
699791
2773452
168120
81761
1889016
39430876
1008768
304350
30558436
958252
25543
5372998
197113
1718
320787
9965561
50934
17068
2925618
34757
525
529111
8129
8973
155868
1384
110240
36097916
157697
3791
6736296
57692
991155
12375
1727
2035203
25151
145
512927
1602
172747
10222
535
107588
2427
4391526
34322
8063
10110927
110811
1234
2517171
589
351435
13237
2239
973193
311
509961
720716
3585052
185952
71450
1742849
54168872
878114
390273
16111495
1266310
23113
9189700
343604
3918
322157
9959339
47893
18729
2858304
37969
421
539499
9370
8357
137563
1085
95827
38107596
146148
4354
6437889
55081
915444
10558
2556
1471028
26537
427
575895
3744
302600
11258
271
42602
1446
3914873
28115
9798
6377447
124211
2320
2716975
719
375276
13295
4185
1246169
451
731212
16344333
98541632
3035511
475224
75277576
4165322
139222
20472280
418216
507308
2216516
238892
3597415
761246848
7843294
493150
138182096
907241
62572928
1384694
569632
74460232
3050146
133511
16454796
30154
933506
8312
390045
129877928
766053
13576
23932356
212585
3622594
33477
8692
7654363
100583
2717
2198202
7861
2351980
46637
1379
464264
5692
46648064
252219
86630
80325648
661382
17106
24583420
1684
3276052
32720
4419
8928651
2011
335223
8227
4781
1423466
19672
904
196598
11762
12281460
137894
23649
35895764
7485
1893
1245908
9893
1233492
16098859
557621
1694062
1208996352
13779678
447566
466474944
2916345
60624300
750283
219527
260994336
2518292
200052
53379032
120169
60076520
3852587
82785
1009231
495524
277928768
5366621
1589729
588010752
12480662
258667
108548904
303562
56416012
501010
372949
129244144
102071
19549
1533306
21045
296
189272
9863
36722592
213737
41480
52439320
530677
5126
18050916
2967
2018739
53564
5529
6590010
2678
753495
7154
4828
1618980
20782
703
481157
2819
434987
12585
4130
1294803
710
21032
21113272
181138
1800
1537650
3469
5708318
1844
43529
17713
10112
28549
59892216
189274
555137
1262893
37252
34639
1000559
9098875
236259
77902
11801958
411799
5167
3007306
47068
830
83272
2671716
15012
4618
726725
7875
183
137607
2532
2105
46620
914
28886
8094356
49604
847
1477162
13226
227474
3345
943
564431
10086
265
139391
1441
102264
2200
288
19122
317
1092753
8808
5571
2106549
39772
745
545465
447
118765
4164
757
303369
49
282615
6748835
73549120
1135097
450035
19488884
1995808
75898
12522900
563183
900310
5814711
196683
1111895
18145256
2148145
118742
140588080
238430
8286623
392554
271457
70179928
1618468
31214
11175877
9333
201189
2970
122927
36334216
178119
4566
5882587
49802
935163
14522
3419
2553347
42635
1336
582510
2155
845972
4307
486
161906
2316
12821828
68188
24633
24378732
222298
6613
5934812
1174
943889
16391
4168
2447068
-285
177831
6847
2011
223788
15798
475
59349
3134
2808442
38832
22004
11838467
492
1715
453857
1032
256903
3094753
62597272
784311
205446
30086220
2632629
87946
20093312
629448
820388
2961744
262031
1713688
372354432
2148051
221783
83046672
613146
4582986
787201
191947
45013976
1415546
136872
15458905
8457
175309
5694
100909
35185376
252909
2896
4853788
55829
1036728
15675
1463
3259853
28566
202
711308
1934
426912
4332
263
204123
1729
11044831
77445
29417
20736828
190235
8247
6677939
1324
691751
11533
4318
2560286
273
165808
8239
2201
513295
12713
461
71294
6469
3659893
42849
13550
10075840
2800
1233
498549
498
5341591
38708904
1961113
6691760
584350592
15618596
1418283
245411456
5276364
78750448
811429
921130
176642272
3971298
283685
33269820
1054996
148771136
1935423
52729
55860444
159024
165593152
7113122
2588277
1351456000
16796734
800020
486559168
445944
90042176
1393273
913509
129607192
15703
13933
2165840
58578
1182
683931
8826
46083036
219283
109563
110560704
625053
6787
20616316
1609
2222177
37195
9480
6962305
1239
842693
13871
3599
6202774
20479
2655
569471
27102
19707510
317330
72314
169165664
10457
5453
3557595
12676
3797
585931
12522
12859
1584922
1674
16056
16714319
42737
2059
948998
88340832
5244143
150447
31831750
1210485
482278272
3396603
4180439
815491072
14077036
1114932
278578816
409627
56905160
1866580
2226512
164762624
470585
28122176
1426592
489418
109243128
3050719
165383
29354808
903281
665836928
8412485
2604586
1353509120
720624
246272
5132429
765672
503845
22866
13791
1616121
40174
1948
532567
22361
16722985
202102
87887
56492620
17382
6253
2000559
9226
3442
426139
11871
10029
871574
699
4316
570491
9890
49560
23717580
5783
11948
99131
29594
1738975
24123428
867152
90453
27637382
816803
23184
4252264
111584
247070
966631
110680
521043
93068800
1221238
172101
44994540
-25212
5319845
304687
144377
29514814
267135
46892
4558505
4568
70158
901
25637
8336794
71917
1065
1835602
17935
230133
2831
1918
643350
11389
669
162102
2017
187897
5872
126
41965
1906
3940882
21030
6558
7290516
65484
-66
2254045
504
250009
4030
1242
740239
474
32115
583
672
190921
3772
393
34587
1815
1124713
11418
5385
3244078
868
1108
150675
1129
1549863
2778186
577371
3049252
761795328
7168577
177745
158943664
1487790
21928006
589337
512256
31751102
2133772
114928
14948832
214729
30485520
1475584
48816
17295084
389095
125052312
2563028
1489398
366332992
6137652
111054
192801552
67436
14127992
547541
-102845
109575576
62879
4340
818192
14872
527
310261
3745
13280959
62987
57406
20316412
224461
7290
8325587
1086
439479
12479
3887
1941100
1112
269005
11587
1543
1112463
14932
729
232481
16267
8198493
99714
59078
37840064
4330
1659
902113
6299
371
273827
7739
5628
558986
777
6822
3661645
41231
1592
939892
11420152
376237
3605923
593818240
11876828
110639
149217440
1399579
15495399
1719736
281193
179172336
2156413
104741
8980665
192390
11365256
1366336
83702
13267910
483864
313710624
3008161
1842907
535257440
12491699
356485
197776224
210497
47710908
890965
568449
129218000
134570
9413
953589
26560
806
441505
2610
12826764
105584
32774
22246928
233833
10858
7951747
1118
822634
12002
7924
2310320
2340
286884
8189
1569
849542
38517
937
211079
17419
9616384
86581
90096
52966732
7519
1996
1056636
7125
1452
329717
3996
7084
984160
788
2836
3618053
25916
1466
2845636
125753328
5890728
260237
43853680
1630176
747941888
17517308
6415478
4759528448
35507760
1979993
633651200
314091
154462336
1994159
1765601
470825856
387252
50328520
2818381
651676
256381888
8492208
93339
18054752
1447144
842049472
14350693
7369529
1788264704
336642
932417
85870560
1747689
1554609
25822
4327
3160742
18881
909
910125
25776
44233156
235533
149813
97554528
28715
6993
3329292
31970
1340
2064615
13828
18003
2300905
3933
34837
48704028
38073
12909
7223
571525
9404
4755
9983139
551542
731953
107827768
7439724
283620
45049132
2742972
1568649216
3197501
3082796
3298321664
1467160
1083686
95784648
3526663
73372
45356244
168426
986901
160192208
197605
935904
601053888
8010533
753602
3158
1197160
19350
16682
4717789
2293
41330
26708062
60228
10908
3266
1568205
16268
5413
15190
1343152
7412663
342342
771121
175673088
4989692
110190
25367330
86861
5522147
477262
262475
37465412
711746
27365
5547451
141674
21684884
678900
17817
2961474
195954
88072256
1549517
635795
342630336
884303
176203
28861260
95165
13073906
319946
83682
11023684
38269
3279
283895
5717
522
119795
751
4083297
23023
3650
7889355
82852
198
1616588
424
417332
5166
2125
814438
241
7063
1708
1638
676039
5244
487
52362
3197
3058929
22549
7781
8277599
5075
456
219476
1260
102
109407
4666
3923
472299
273
1152
821064
6237
557
210288
48098044
3101680
104483
16560187
307383
221925568
1470200
3133177
875049600
21779654
997377
410125440
122507
40704616
1347298
696110
133011456
132252
16945562
1119628
269607
139980992
454126
72065
16307650
357069
227630656
3546649
3907723
120522320
226240
221734
34676824
446545
147995
15599
3340
1117348
25620
1164
166586
10989
12593333
68491
57745
29187158
13870
1770
745134
13048
349
337712
5902
6165
1268756
454
26173
15488896
31227
3521
1607
343390
4424
6574
938685
77277232
2726101
46373
20041648
637745
172741344
4736357
2988209
1341043712
7847631
1286649
220784976
125382
36861720
2000996
1035761
104479832
169067
18377030
960737
336349
103203832
3242985
50260
20451782
423480
412024512
1416286
3290886
567104960
393450
206802
48726864
334123
712383
11244
4680
1810792
27192
1030
123144
10939
9982718
108559
62839
27518082
6555
3485
1009166
6808
1445
361414
4328
5078
3516146
400
20324
9721181
65733
4690
1867
286931
8697
10931
66543804
3299335
1086103
541436928
10915154
791580
106349672
1902841
1329981312
15685028
12378095
2415003136
2632511
1114931
285567200
3808527
363149
80386392
2818708
2723267
206787648
198642
2899411
189172560
12815451
678233
-653
1300474
52719
14432
12462300
10671
61420
49672120
295155
7351
4568
4530372
14159
93550
2709
518780
61033240
2660907
25299
285595776
606014
3206140
961591808
9031677
1090828
336468
125659576
868138
1930587
5298
2334930
14444
75658
6457
188788
29096082
647821
102328
10390175
208218
63810604
1976866
1822631
348284032
4514522
395561
93395296
85357
22903316
1464515
244442
47348864
42859
6581872
368269
165362
34917976
921849
45159
9621904
135238
111843656
977925
1164028
352367136
150334
233549
12438073
282665
336525
5605
661
349151
9836
729
120158
5231
3117256
32622
12227
12767415
4346
1333
167416
2596
580
297388
4051
3253
670036
671
14717
4547777
22638
1428
1352
298385
1404
4770
20691696
1353688
790945
127629848
2868975
160812
28525392
1146062
-43900260
2938409
5420302
1505043712
390268
195816
57870532
1089758
4515
58491392
1858357
838920
30888388
144473
1020503
342102528
2427741
180172
2561
450209
7174
2227
2155709
1481
34843
7977167
81639
8276
3636
1105162
9743
49703
4986
25587366
453706
100034
194005824
2468849
167658
17175512
484646
131549800
4541614
5204729
3852335616
909816
531375
94556336
1780912
161415
64154612
1051024
493034
95064032
213647
624095
397411392
3061205
282936
4479
183522
10856
6665
1751833
1755
17648
11060858
44490
5329
3874
1041388
4848
21483
4417
1102745
137085344
-2379492
1221137
905133824
872137
9320687
1920898688
12723066
1546951
1656646
90682896
5510705
2862817
17866
1680883
25319
61120
18823
1363579
69927872
3417039
7263755
1061796
14867
17953922
265355
261811
75532000
1339689
86315
21190264
441114
360654176
1878952
2138276
719920960
435426
30072
39111748
157457
73688
18674624
490465
535209
128778352
143788
44372
177871200
3203727
136209
1917
246075
458
4789
346640
976
11268
6859471
20475
1767
1912
258652
3088
6418
186
540756
114764904
1100226
1616152
236310800
215195
3247070
722393536
4764312
711384
362147
59366452
1039020
1084812
6105
1411918
3917
27867
2108
478825
119970712
2240234
1825696
202127136
89201
1772256
942448512
2823810
733679
941210
60513068
764198
2045213
4874
1176679
14645
59431
6482
2821456
455980896
3742123
11187636
1387344
8267
1829499
266046
38786072
1571350
27298
47132004
112455
386391
91719824
2352866
103635
82255
14219324
495423
638362
3650
165051
4394
15849
2033
996280
10384577
4431417
3654108
465492
1291
1014964
91915016
1691869
6123339
603598
10658
234241
572228
63807872
489646
1033506
174509
3274
1037516
667997
525896
