2041488
37006
4623447
33771
33771
272029
622213
136030
2207076
0
5
3066037
710986
11324720
41203
12490872
79165
2
1013862
111452
620526
379
2497219
35197656
7
8699595
1
13
124623
2405891
95
19487566
3706142
103416400
93640
53703344
169904
26
205636
1140312
8442
69462
157964
34875
558546
0
70953
159740
35068
555992
0
12
2271307
648567
10806352
66404
9543164
23977
0
1276579
1944075
29659436
1
20094
8706513
0
292
6
75
25
361
12
718
1
0
4738627
11108358
162186496
1110602
138321280
265978
9
124477
52386900
272374
26282024
61982
2
1722
2715484
600581760
1032625
36
690370
3926
0
3563937
1147530
137
0
2346537
34397136
10
405904
1342958
0
28357
3632
881
0
182320544
7
108
28
942409
915775
4219
37797320
8360678
324133280
424386
77922688
556330
10
80086
14413
284342
38
9256
80
0
724824000
80383592
1468181888
1227417
927702016
3656682
102
1039365
423969280
263165
174219056
987028
45
386981
12164303
2736240896
16766512
1263
2745164
11289
1
17600484
5067699
1483
6
54116
17615
39813
8606
136849
0
2
601391
169354
2732199
48161
2949129
6354
0
428612
494534
7603688
0
5078
2250623
0
82
1
2
548812
165435
2757536
45470
14257061
6092
0
124565
503682
7828595
0
5142
2341944
0
90
1
144
40
720
518
45559
5
0
4759652
12891411
183892336
1538838
351508544
210677
9
93782
67137352
412967
60049656
55276
2
1372
4134322
1452325632
909719
42
3139289
31094
2
7201324
2878752
185
0
3111803
35769464
5
268443
211642992
6
2895
102
1257823
0
1120
29
0
11533
1026
2924
8065
761465
13
0
6
3979
2589
140195
4
0
2
18239
1392986
125
0
249
2
0
416
732
0
0
24336928
286450912
128801640
11313680384
810309
57
1734998
1342765568
10334955
497296544
986884
43
16566
97643096
5277834752
14978645
574
23524624
75181
10
22291972
36323004
2155
0
7704064
99294
2839368
10920
0
5883
27455880
2203029248
4727791
186
6079116
68680
2
13205392
9635391
359
0
7807
1815631
184
0
125229856
691211
73
202915360
195505280
6132
3
177948
81968
16
0
333882
100
62
530474
280759584
16
75039
288
28386084
1
229
4
22743
0
0
592
196003
3646
-2249966
753093
54694656
214645
53320232
227762
16
2224
5787542
800765
73850136
361502
49264472
229495
14
130729
25369
569706
564
436182
3489
0
2774405120
-40806072
903905536
7909463
586975232
6495529
99
3426437
1498858240
1167001
225513776
1607867
124
264169
23146268
4164817408
61098460
1858
5427045
103979
5
50045308
22492888
1457
9
9271671
494926
13030721
4280
3206853
21001
0
6453
2299188
2404
935065
4465
0
1043
-4385
15085557
95684
2
830
16
0
1997
1514
3
0
3042080256
15581802496
167636096
77610762240
382670912
21751
17882976
14691101696
7644436
2674192384
35893196
1697
2374184
327021440
85374894080
209836800
4512
401543936
1735498
50
392749568
357843136
13463
41
120755496
352282
92356568
342117
19
1630211
74683936
30098905088
216503648
8569
84104384
290041
32
68278936
81647648
2412
12
108422
14529790
56786
3
1208674176
6263352
405
825151744
1912415360
32599
229
861935
378944
191
0
1716024
748
452
1
152451
42515
717252
34448
3796364
1591
0
169762
132777
2073923
0
1249
609456
0
51
0
86
4
79
104
18492
0
0
3063389
3277106
47354328
465244
41751552
51791
2
25673
16229251
101854
13533230
15309
0
654
1452637
254109904
259264
10
2139223
16055
0
3888969
952259
37
0
1218972
11497958
3
70636
52195796
1
1600
25
312414
0
344
7
0
59
11
178
439
10802
1
0
934262
3492553
51191384
820485
73751488
52402
2
22759
16178200
205403
31811444
14946
0
570
2832882
426032416
246753
9
1021389
17958
0
3112033
1476147
54
0
1968112
23652736
3
68797
53015796
1
1612
27
308456
0
381
7
0
18317
1159
11910
8548
688998
64
0
12
4311
1913
133007
12
0
4
18780
2095920
131
0
25118
155
0
39199
10802
0
0
36645856
743382592
77132712
13618254848
1486111
59
1635923
1724815488
13307464
1106816384
1103272
41
26164
172541840
17637531648
14257462
723
44368600
330417
13
95333312
71308120
3483
0
8369859
63227
15395770
8819
0
10936
54518460
6745808384
5206794
213
5378498
84388
7
14978267
13027788
390
0
6291
1911389
224
0
411755520
931664
15
412871872
175349824
5252
3
595423
1866087
42
0
1989153
72
49
527749
567578752
41
62851
1045
27818068
0
30269
738
0
343
4
0
43475
590225
522013
27120588
2271
0
119
129982
30494
3659465
237
0
22
448720
62714456
1899
0
269034
1038
0
220102
239019
18
0
415
830
37933
0
0
4
166347
21416010
1307
0
27391
213
0
56046
63091
2
0
150
7819
0
0
369217
4455
0
1143157
701242
48
0
295
109
0
0
67
0
0
8226405
1747799168
290326496
11800028160
2433733
252
797611
2162690048
485000478720
63257952
7744
3308651264
26099692
1454
4221522944
1478255104
33383
9
191563936
593629
159291472
146975
5
216907
1129965568
79235694592
124270328
5202
162474368
669766
74
388883616
214159808
12607
4
237179
18148756
2907
0
3175116800
26710404
1976
6919988736
4318617088
334559
72
5953836
9036224
450
8
10079113
1018
646
2110
4851149
821020992
652558
28
2255720
23536
0
2097019
2320760
111
0
35838
2671253
986
0
1272244352
4120646
299
588326272
447330944
100984
24
3069614
1918071
53
0
3730390
163
53
447782
3824
0
364466
562458
34
0
64329752
28745184
1508
18
28078080
4649
338
18591
17
5
17
63363544
6
323398
2231
2
3472
89
0
0
1934
4869207
1938338
34874736
106709
18715568
148839
9
42255
13464
283144
199
537218
1682
0
1159475200
91178920
539629440
797759
419649984
2571147
96
462153
287245280
331536
181768480
293380
8
207413
7548339
1761040640
2480165
759
7948148
32709
2
21762844
7212610
382
3
109887
25915
518820
448
154333
410
0
932449728
95868160
1134055936
2461152
206612352
5057060
155
780361
369804000
513283
196631408
945441
21
273799
5399086
4695847936
20058036
188
11984642
97610
1
21140970
9726652
368
5
10769074
1053300
8511906
32537
6733428
37116
1
10077
2165423
14811
1913813
5721
0
1164
188138
14196500
41355
7
137793
1109
0
153202
150052
6
0
3665101312
85539799040
331074496
166944014336
122884576
26914
58188488
23148916736
61291256
7760966144
17919778
4353
292293
1013196800
70020767744
532310464
46051
340099680
1866202
82
271348032
259403776
21380
112
120350720
317416
3970713
921765
22
272622
234002720
17309425664
53033640
12794
75374448
389278
2
123995736
76988232
4090
30
36625
8373581
22680
5
2020822528
6710347
515
2441161728
853370816
3196
120
6545216
12263557
590
3
22368050
144
334
-154268
-21027040
975412
318446592
3369935
158
40375
87693472
46735
15408417
73244
7
6534
1395265
307085184
1923106
239
312495
3504
0
2150036
1065763
101
0
691746
2004
377181
2425
0
2661
809488
145320544
501993
54
243597
979
0
148916
303212
16
0
578
42223
498
0
7677111
2963
1
3306928
6625891
202
1
316
306
0
0
103
2
1
2026307072
356380278784
903255424
156414115840
899465728
72793
90757256
13202105344
3019344183296
32824786944
825547
15944053760
4471430
2784
11708556288
17363365888
1197520
3145
1670102272
1079989
535153792
10583779
163
8870903
4511157248
713702440960
8222642176
347118
2908862208
4882487
454
2074040448
1827905152
54431
343
950040
132902568
624505
16
39810015232
79472536
7562
29550297088
32247271424
892429
12708
92079504
79168232
5308
6
41957104
2883
4953
93094
40713100
4069339392
49217696
310
12001430
165507
7
31130040
15131622
514
11
43074
20129580
227169
13
6093261824
5687307
2175
11083454464
9848100864
207539
1050
21203864
11350807
906
2
7883932
676
799
4149842
9549
0
11419754
2347256
145
1
173865408
232507072
10028
31
239239328
6170
10989
111145
76
84
140
30
9
170
98
13670
0
0
2373992
892607
12894144
377404
16276854
15573
0
6505
4132306
64862
7075386
4014
0
138
1018271
142410640
61548
3
475977
7329
0
1277793
924573
53
0
178727
6015083
1
20765
14882933
0
458
7
85722
0
89
1
0
7332
167
1477
1221
181270
10
0
2
817
587
30207
3
0
1
2630
1843941
50
0
972
69
0
13618
11305
0
0
7150919
165479312
50922672
8858371072
313283
17
424890
464796544
3051913
196478592
319908
17
10014
86812808
4882799616
4679786
206
15727816
51432
5
34717796
10382872
2034
0
2207653
66801
9064210
2711
0
3543
31717846
2604457984
1487841
74
4144706
13681
2
11200638
3492806
36
0
12552
936536
107
0
32794342
328992
45
207040288
75402680
9239
0
994844
508269
15
0
580944
38
7
113604
185244848
4
61997
223
6756318
0
11250
251
0
19
1
0
8954
396
5627
1988
439369
20
0
2
2040
418
133112
3
0
1
10623
2789221
134
0
6231
92
0
19735
18713
0
0
6519859
340246464
52594964
6317728256
581902
16
418791
474930208
3755695
646776448
335967
13
14193
56270780
7782353920
4218443
257
-1092492
319535
3
48680000
26516132
1179
0
1945659
79271
4649368
2680
0
4495
26748226
3622898432
1534715
80
747417
51915
1
4760488
6406293
159
0
5470
1887663
45
0
106549744
714912
22
77194800
83732184
7103
1
591410
174837
18
0
528373
26
33
350028
85050928
20
93815
192
6841761
0
9692
248
0
91
1
0
45050
511679
911551
36597532
3542
0
142
201591
39871
1851449
616
0
25
259959
91909232
8743
0
177273
1456
0
457386
520665
11
0
502
370
20149
1
0
5
258802
11464454
2659
0
49741
221
0
96800
178510
1
0
60
10330
0
0
533763
1229
0
1683503
2367045
22
0
2544
6178
0
0
11837
0
0
7594288
5723015168
119918352
47529779200
3962489
237
1453817
6516453888
1371629158400
35302168
20815
3214671872
7093224
2501
3214766080
6368243712
151786
27
213772656
1658002
41515736
154063
6
391686
826415936
245193965568
157407280
6133
195354096
3698824
153
274487616
181391776
32138
7
542133
22375074
5194
0
3241928192
23302680
2620
7301219840
3708488960
324409
62
22779948
7268559
609
4
34694272
927
900
1791
2542465
1088242944
699910
37
2970853
29686
2
10021032
3901676
178
0
80833
2425768
1794
0
447434048
2664181
734
2110729728
1977734912
88172
21
7804074
2260402
220
0
7829205
422
321
209890
7903
0
1869439
355559
16
0
54451412
60923668
2735
24
175914992
6634
7749
457911
13
12
28
56407224
7
341596
4577
1
6600
111
0
0
4241
6468221
1284772
171176576
7418
0
2075
8857328
1192632576
131230
4
17831184
101913
6
25948090
11799544
1360
0
16751
5249
523587
30
0
118
4402785
938693440
41474
2
461209
7059
0
1376654
1619275
33
0
1218
112748
5
0
13794780
43186
5
14770708
19230886
627
0
45478
25338
2
0
108063
2
3
0
30565
3514029
103
0
19916
157
0
27225
21178
0
0
353
9836
1
0
2513546
49033
0
4345273
6655660
43
0
15239
7199
0
0
25153
0
0
1519
23
0
7367
5476
0
0
177468
139921
6
0
341895
11
4
64
0
0
0
234272544
99302800
13801193472
402874
52
1034054
20365619200
3380989657088
155493952
67979
3335697664
51154036
1126
10102995968
5429429248
106433
52
12993641
1617662848
222063
4
95151661056
401451264
71235
115884310528
62990819328
6573961
176
1072869248
527524480
26118
273
942297792
60341
39746
34567
215948448
15506411520
16362915
702
35219480
274977
18
1002724
16205089
2484
0
1077698
13195966
17273
2
13990209536
251260752
6594
52044312576
31587287040
3891888
645
113850112
57779004
2429
23
102715320
10445
3496
1614795
49149
3
6233751
2665450
234
0
805292480
798028544
29122
240
1200116608
96504
74218
4990526
149
45
102
35383
1253896
252
0
137156272
1386257
71
244583296
195148064
6015
2
1253113
517860
19
0
1211999
141
30
1446809
18745
0
3307397
1522231
35
0
635407936
160633632
8132
58
248415328
38491
17382
1310603
37
40
20
431187
88476
8
0
426173
18
2
19849784
1404
465
1974
5
155217
758
0
0
9839
6041
79791
531
130959
364
0
536549376
35111156
561259008
655141
321435200
1396200
85
518969
214796896
268702
24258710
417705
26
43561
4285313
734198208
6024707
188
5518454
16989
1
12529860
2976645
444
1
2696670
-120568
209634
5129
3687645
18771
1
3991
-72806
1026
683656
6007
0
496
18735
4161309
68224
2
43049
321
0
87142
66127
2
0
3988400640
95414599680
158864064
46775648256
300697152
9244
5112916
18615418880
10819104
2381496576
9879278
1259
1133211
295392416
27423510528
411365856
14886
69800112
1611790
31
334570976
88970272
5937
38
80021912
134323
9115815
138702
11
343222
118285600
9253909504
80516304
4788
32108698
216496
13
83934760
11655733
1455
10
27366
7843191
61857
3
516385024
4585870
50
1152913408
640609984
22508
266
8240591
2220462
13
0
6149714
90
182
3026788
-25571
4759881
13318
4848146
15768
0
4764
1541507
2576
942947
1900
0
1126
57672
11127182
79530
2
39203
266
0
39840
48736
6
0
2851794432
58020634624
375027712
72383209472
70675624
30372
11737672
12835802112
21669402
2115049344
30247800
940
1275070
293605504
50978893824
533135424
6056
79923648
675541
12
177886464
168154352
6475
68
64613468
256805
26128918
58620
10
564853
67879536
20429424640
154884752
2776
28385906
243539
5
12732714
45518780
1827
15
68206
6331200
74019
1
506099328
4299132
86
93792896
795871296
22119
248
307604
3627362
45
0
4183832
190
139
44752624
556751360
4299622
480926592
2372639
185
174127
201702832
196854
22009632
238843
34
34061
4397616
242080528
1136354
315
601073
14151
0
3508726
1656422
76
0
529780
2307
572557
2218
0
7739
1115693
66972784
523503
147
2227
3396
0
915270
513985
7
0
180
15863
466
0
-2784236
65482
3
11394666
7940785
146
3
72397
35292
0
0
11841
4
1
1249714944
1042661638144
2779930624
318933041152
3804003072
105310
880558400
45227229184
8224201768960
62814240768
2642797
3223505408
193185136
5215
74942791680
37502930944
390442
5872
7329528832
3843518
1114603520
10294336
333
73914016
5277682176
1604784488448
5519427584
352701
3550341632
18817268
872
4336063488
2967168256
115201
666
1039929
394029216
1475341
44
17435820032
347259456
3278
45410594816
45359243264
1364293
5420
260125088
78426760
2177
19
94150416
3654
2559
504145
63274712
6804613632
92633232
1248
26533146
129396
3
36975380
23899246
1429
7
163795
63013240
341357
22
6488173568
104663984
2567
18991259648
6257004544
323837
3144
66320152
18517210
1127
3
41526088
1245
1101
3915047
39693
1
12644009
6426538
155
0
1482625408
637057536
21521
174
313561376
27489
13767
1846898
182
82
218
5419875
-270050176
2524865
413062336
9592091
14
2752040
82084576
15466639360
118076408
535
73222960
233941
-3
156642560
67106632
5346
29
13275902
27810
2204068
16972
1
153343
15668080
3096070144
16451468
1515
8139634
21832
1
3311953
9569938
315
0
4899
408332
3166
0
86755488
691344
19
172857840
59661928
5119
8
148974
283884
22
0
545883
18
26
1443
150026
16824730
159765
6
99400
680
0
135878
20621
6
0
404
223432
1572
0
29227042
48825
6
50486412
30376018
771
4
90661
53471
5
0
101929
5
5
15796
70
0
20154
14787
0
0
2118027
2005125
46
0
1178320
91
74
195
0
0
0
83159736320
350065216
57982496768
581930496
18064
475264992
135919255552
39669593014272
130608799744
7610820
64022372352
334417568
14803
66233831424
54059573248
1512718
16101
72716696
1460483584
77097352
1933
1340991340544
8150640640
187536
1103150186496
1046821076992
51323656
234370
6292612096
3394893824
180799
1379
6688839680
604220
224431
2322832
1104893952
42530430976
961675584
69340
383743584
3917111
63
437699840
124711960
17322
182
1978378
331062848
7199563
137
131909427200
1470432640
18392
375314579456
272456876032
4934525
89539
440764960
311206560
26173
81
316355264
18971
11383
39925956
46246
10
55681908
14739394
1449
21
7218298880
7429913088
328409
1859
4766695424
490247
192698
25115312
1321
405
1901
77185
18308954
70627
7
869538944
10446139
396
2520402432
-56700384
100349
542
7089237
6237722
108
2
4078138
245
276
12394036
5254
2
9673029
5808205
258
0
3283525888
1453230848
11261
622
1392776960
150511
63548
8186735
140
138
223
679428
1293301
15
0
1842508
70
61
36844940
7269
2589
2957
18
1193
252
3248
1644
46881
15
0
3
1147
125
41214
2
0
0
4303
1341544
27
0
4616
14
0
2778
2219
0
0
3635831
80334448
24823504
3616028672
49300
10
119284
136294800
2521546
313859168
90551
2
2430
29496156
3749399552
1547399
38
8773651
70265
3
13333810
9684275
682
0
627887
23295
3866311
731
0
987
6767899
656584320
402849
19
743610
11880
0
1811011
1160927
92
0
4617
473315
46
0
13024806
153225
22
52950816
32213440
662
0
164897
306805
18
0
334830
11
6
171926
49261292
3
17358
180
1939579
0
2636
52
0
32
0
0
11950
395537
344034
36512028
2104
0
65
21591
17867
912780
91
0
11
324546
2751856
1633
0
80025
1235
0
109081
110743
4
0
262
313
35385
1
0
3
45813
6692805
274
0
5495
209
0
24480
28942
1
0
79
8835
0
0
230618
3625
0
1071957
571288
19
0
2395
1928
0
0
1833
0
0
3564187
1939251712
-26500802
13368484864
693827
121
330004
3049387776
296063664128
20114374
859
1062720320
9540509
288
4764084224
282942976
62362
6
62722696
776692
122762704
45377
2
146040
842721536
118823682048
47267532
2054
165572512
649847
18
237869824
187629408
4089
1
94468
5936628
1615
0
1626928384
8524762
1594
2935408896
1949689728
63304
29
10247574
9373964
296
2
4411504
497
373
795
4210273
741656960
182348
10
2505741
2162
0
2423024
2586147
82
0
16017
1194034
477
0
724246912
3119156
48
1624418560
695710464
28837
6
2520582
1909269
87
0
1558966
145
65
269691
3703
0
467873
325940
25
0
29260572
19344160
1520
17
30812340
1956
753
466282
10
9
10
17509736
3
218743
1637
0
989
25
0
0
12004
180854
190875
40457384
1119
0
119
60358
20950
448060
127
0
19
198273
5464005
2097
0
57466
458
0
88949
74221
1
0
371
322
34793
1
0
4
90802
12087402
604
0
11792
353
0
17015
7694
1
0
38
2191
0
0
390973
6580
0
1495805
376118
22
0
2397
5483
0
0
3686
0
0
5491939
1356430336
117637024
17635983360
2050714
109
76725
1354664960
538914127872
30969816
2170
1980613120
21647978
424
5030255104
1692277248
52787
19
55510884
759243
151202528
41975
2
123683
720447168
89813811200
35258120
2072
162779280
913285
27
448643424
83366544
7948
1
115729
13223706
2398
0
2354601472
6539960
730
6390382592
2126687744
116188
31
9906745
3300785
237
3
8590294
430
389
803
2647991
826362240
213120
9
735232
16416
0
3394833
2007994
115
0
36756
2394183
467
0
30594776
5823703
152
2234541312
803179136
6811
5
3998854
1283954
81
1
2986153
115
121
71247
3526
0
1094910
228206
6
0
41104836
19110168
749
7
60200400
3505
746
153970
14
7
18
24919744
4
234559
1620
0
1253
23
0
0
16710
8289898
2303687
145442864
9088
1
1132
14903312
3557065216
187550
19
7908317
163400
9
28510814
9181228
1318
0
10842
15979
1280815
63
0
137
12117064
1422205440
63051
1
1945177
6255
0
3357659
2833344
151
0
1358
228016
8
0
28001366
59901
11
64204532
27138582
1996
0
151973
86590
3
0
242661
14
3
1
54597
6326663
252
0
22631
118
0
49551
34520
1
0
527
62691
2
0
8286264
34939
4
20144222
11409026
611
0
32442
8564
1
0
37230
3
0
4216
24
0
10039
4086
0
0
783957
164170
20
0
926167
64
12
1171
0
0
0
727835072
106386504
12375532544
496629
82
8171162
52571353088
13816847925248
496494016
72064
5857408000
136040416
2050
3704436736
9346417664
912316
58
26391862
1138272512
222930
11
109750976512
2359758848
80254
394448961536
127704932352
11283730
1223
561110272
593764352
65445
1038
674882624
53889
34544
65111
374598592
46872256512
19171808
859
55187824
764540
32
82516496
73581856
1985
0
2274463
280143648
41802
4
83200843776
561609344
18001
24811995136
65439125504
1008222
1003
286470592
114803312
6254
45
183485616
8215
5924
7104873
106839
4
3210810
7086496
597
0
2434939904
3199472896
72340
857
2724761344
127837
112129
9245141
302
127
294
7261
4118757
304
0
372338048
1680191
91
432194624
684815360
13897
3
454449
544947
54
0
2090463
82
26
1465619
28674
1
2998389
985255
140
0
935766400
890813696
21027
325
996013824
49701
45165
984531
61
37
72
176124
149736
8
0
76060
36
15
23991498
2526
982
1674
9
193670
940
8
0
1252899
427102
49705780
3102
0
6918
119756816
13881143296
999768
36
-1455831
341282
14
74535480
28789240
-957
0
179085
12573850
236
0
740818240
10877779
485
505231040
514793216
45273
3
4250922
1676055
124
1
8379842
586
144
52
1034141
111796744
4858
0
203852
468
0
324300
284789
13
0
9753
1223593
33
0
211077840
2406204
33
198068096
186188784
3279
0
454140
216558
11
0
677193
30
24
34377
288
0
46603
27195
1
0
8181851
2551839
161
2
14562340
517
353
22296
1
0
0
92
6531
0
0
291426
3092
0
440641
1204536
18
0
3822
3130
0
0
7743
0
0
6121
61
0
11252
10848
0
0
3209875
1498140
59
0
1630932
176
97
6790
0
0
0
2510
734
0
0
1380
0
0
107341
2
3
2
0
996280
3085258240
387986358272
102561384
8425
1201380864
37182892
2251
75822280
4088574720
155391
6
58851604
1356951296
582801
66
828321300480
6378667008
495343
1974244212736
604780101632
60511552
6085
4788427776
1656769280
48152
1342
3263016448
189193
33993
605985984
3132926
197
1046406656
597474688
19531
2
72403959808
27179806720
1802840
24962
98857189376
3438207
1301866
278646176
15835
9594
10373
117311
22344850
6481
0
3087405568
53430112
2357
12134246400
7193239040
189914
75
21333694
5419826
544
4
21190016
862
510
40481992
307382
21
98148440
30221460
510
0
21336033280
9550642176
408431
3465
31610261504
483776
195754
30668040
1076
889
883
2713689
1222870
176
0
3130983
289
74
430804032
9677
11805
18623
65
292256
2871
0
1161429
510479
19
0
129230752
37178608
1289
32
96497304
8412
2979
254353
16
12
23
650311
225961
26
0
997693
-7
23
150331392
5044
6472
6828
10
33591
3
1
3
296
0
2315543
211321
1951983
4115
1789542
3463
0
2321
781267
1126
318662
1233
0
412
20552
4956085
26755
1
5447
118
0
43359
42257
1
0
1964595712
29688258560
139067824
15705645056
118449552
5911
10074587
8952342528
5309487
604362112
18467602
334
2307329
117830144
10566363136
127997560
6511
74484728
435722
13
62337172
114322904
4171
30
47380436
155999
17713372
136025
5
245202
26406520
4033596672
48085940
1161
16820484
89175
4
14679358
25069320
768
5
30415
5612346
19883
0
212126080
2203312
86
320801184
480044000
6880
60
2109406
1687802
80
0
1041681
161
107
9539782
271195072
845565
88648528
1958393
10
58474
73532480
37551
24828700
134857
5
7435
185591
222794128
1536146
84
498055
2480
0
1439165
785188
51
0
296729
1063
303259
96
0
3296
239272
71792504
468633
39
287311
1042
0
301464
69433
13
0
208
45733
265
0
4071722
19990
1
4792202
704185
267
1
41756
8203
1
0
25616
1
1
1483155456
689765548032
499857152
32887863296
685199488
25092
184111328
9380196352
537228279808
20643414016
564600
8954462208
115260320
3674
34543804416
16430561280
475294
4842
3001448448
2383570
883578240
3159482
129
12196403
1898669696
260740104192
4680260608
138380
472648000
4614569
271
947121024
458069408
29658
286
738788
141593504
490913
28
13293596672
84620704
3158
30549532672
8038075904
505327
2893
20290362
39416432
1411
10
64317712
4015
2458
196775
22275464
1569518976
6557003
949
7196444
52875
2
22789496
13715488
583
4
167251
31694588
75951
4
5646925824
40596376
1292
10667783168
760121600
113070
235
8062003
6993064
609
4
13403497
785
388
2880341
7751
0
2781054
4522943
175
0
320784512
198825248
7244
52
308173920
14965
9036
1078360
21
57
25
14365318
384815168
1179509
320852032
1307313
101
45154
61708364
35414
32013634
80959
8
10631
1293863
249915904
849960
123
1059026
3762
0
732521
496103
21
0
476470
576
184434
1605
0
3395
83558
74861336
483782
35
193093
622
0
158193
186572
8
0
282
32608
298
0
5277034
9209
1
1552135
2394853
143
0
38960
27409
0
0
35106
0
1
1050296576
351355863040
779993984
10954414080
519686336
34568
202173440
5189507072
549402148864
8201816064
1130906
8019616768
57563656
4721
29129637888
12019019776
294708
2112
2288684032
1629344
662775488
3044212
65
12568416
4089885184
323862003712
8617537536
102494
712787392
9199780
213
1162870656
852600384
51354
381
383188
36810504
587445
19
5908155392
50869868
4333
31191289856
16101928960
1114783
6876
58128688
45781864
1272
13
67673736
772
2015
80596
22715636
3591766016
26602812
732
10692512
11912
3
1282513
13961658
659
3
411248
53359500
271976
10
2445595648
10682832
929
-1194373888
2935050496
194930
1000
3966794
11331961
447
1
11111839
516
377
2536089
13260
0
3155826
2228575
82
1
168454048
178185328
7440
40
427731200
17816
10220
885482
35
51
92
21837556
9121474560
5796275
1138331264
8262376
754
2575175
-56538132
32534491136
200553408
4023
137192432
866199
52
177576336
175017056
6726
50
23234686
60064
5748551
69068
2
254704
46599772
12372133888
81893368
1142
26571180
67076
5
16613122
10423948
298
3
4209
1093264
11649
0
546061120
1611771
105
285387680
176419504
-2097
58
470881
99675
26
0
849259
50
17
1900
298285
64530992
374053
7
90435
701
0
157339
190563
1
0
2746
333950
3104
0
154951456
343756
25
17062652
79922240
1302
24
58742
25964
3
0
332156
1
9
40843
272
0
66331
24231
1
0
3307722
1225853
101
0
2825283
127
129
12286
0
0
1
198044647424
327927872
45571325952
771909184
32530
1870634496
485421907968
75480090804224
331330224128
-93163
118223618048
876189440
24309
225523351552
60121694208
3598414
29731
52482328
31704156160
36449480
8722
2195512754176
20311685120
543498
2550447996928
1969809522688
6705706
347712
7384860672
8079253504
237933
66
11141510144
427369
319434
9191792
1387659136
145861083136
2290800384
35579
503264800
4810816
61
603950016
353976128
23726
296
20871108
1241747072
13051294
986
314025541632
1934542720
137440
571560165376
163986145280
17510528
132342
1467128960
1025698432
27307
132
1367366400
21390
19039
120071592
392130
17
84625840
39237420
6714
21
29136773120
10724990976
529200
3628
6634127360
165407
230719
53715968
1142
988
4762
111356
9724422
32670
5
3619527168
5425339
473
358344704
725551680
89806
1013
11587105
10811353
381
0
8031264
537
424
16284583
102830
5
53340352
9640118
556
10
4900527104
4532786176
188520
690
8078132736
369662
163127
16561590
355
163
542
2809465
1971406
44
0
1368291
126
66
534211296
-38
5776
7513
39
224439152
1707334
329888256
1460152
127
4633096
298953696
70451339264
670249024
21929
333146048
3043189
14
206277376
207760608
-532
60
514491
94068280
236645
20
4503355392
40453908
1189
11208018944
937838848
147743
780
34325796
28811602
1746
6
49836444
2392
1672
12407
2047661
241652928
5468750
145
1067144
9797
0
3430896
1578312
56
0
33484
5248886
25554
2
605902848
4003895
182
1055033344
797435456
1371
398
4477105
679684
181
0
1786585
132
124
59472
367
0
251442
212498
13
0
44942000
36326120
2658
7
45871152
2119
1924
94528
4
0
10
398
34917
306
0
5430761
32344
1
13983775
3017381
457
2
23632
8465
0
0
9195
1
1
48317
324
0
38251
58800
2
0
4129356
13934258
635
2
22450238
759
665
14672
0
1
1
6368
173
0
0
8654
0
0
349321
12
19
34
0
201816544
17693837312
5305726926848
21067532288
1280941
25605337088
28305406
3348
47269097472
24628871168
1713057
2788
95222336
20680663040
457196384
10233
13354301128704
34863349760
1885095
10348629327872
12322934358016
295322048
1147733
19075991552
25354098688
117700
8004
41343090688
537351
932534
6569810944
22242784
1286
3530916096
6608545280
287611
1206
221613293568
401016291328
10393584
81659
817558126592
12965412
15888372
1473475584
120772
104454
216283
2030003
245049616
1671211
86
40647913472
304794464
9645
63570087936
15535273984
1318474
12478
99615472
103337608
5067
14
122175168
10031
4505
387297088
1788639
74
146126688
258000560
11101
65
82585075712
59599613952
1767468
13252
57210249216
5680741
1443742
179946816
7727
7381
6599
14066762
7932866
257
3
29671890
634
437
1474703104
121197
147667
136384
508
1761697
12610
0
5804378
5011127
146
0
581771456
247342208
4071
77
302178592
38877
11914
4574155
85
47
105
2694554
2968185
92
0
5243499
151
77
328813600
39131
49494
43901
41
341254
12
21
29
1203
3427
87594
62925
5959129
526
0
57
44905
5804
826973
72
0
6
126503
17857304
1368
0
32799
156
0
48391
23620
1
0
387
82
16226
0
0
1
65636
7826607
501
0
4538
40
0
11456
9907
0
0
19
1856
0
0
211917
1144
0
520614
78437
11
0
1197
1858
0
0
550
0
0
1384044
1449617024
65637680
9481807872
1491413
103
247194
1861246592
141738409984
23885092
1499
393119360
1627739
282
883038976
270228256
26148
2
16324821
261140
43729324
13103
0
19782
141913952
33561317376
10544642
513
38601948
408011
25
58730364
58360584
1598
0
46995
9883942
556
0
535930496
4532108
161
950981888
952991872
16153
4
7459991
4062520
43
1
6415755
238
101
179
1632475
133347312
58678
2
446444
4377
0
899316
1203316
26
0
10467
788177
324
0
64492216
2193045
122
268835936
425803776
3469
1
1836349
921203
15
0
1876605
83
49
81305
1651
0
566855
142163
1
0
23717736
11816379
760
2
22080228
1246
364
107171
8
2
6
12747951
1
64274
1183
0
458
13
0
0
4765
2759956
732477
127872384
2388
0
1001
14933060
1783792768
74329
4
13689860
71615
0
22154210
7923318
557
0
5502
4604
212271
15
0
108
4519870
185396624
7603
1
285796
9754
0
1446831
777545
6
0
412
18134
1
0
6408143
92839
1
13718200
11922600
238
0
43333
16139
1
0
90000
2
2
1
20679
972929
62
0
7079
77
0
13087
2842
0
0
99
12744
0
0
891031
43850
0
3818608
4204498
13
0
15406
4992
0
0
12916
0
0
2753
11
0
2173
1325
0
0
235896
55025
11
0
225025
19
8
501
0
0
0
91147224
4038800
5919647232
641595
32
632468
6682320896
3432466087936
54536980
46120
2303599360
14761482
602
18755024896
2045057408
259853
14
14623651
1105931008
113308
4
104820154368
-57656664
24352
276714225664
94072561664
4714616
376
1153849856
413255552
6171
109
1227794944
60868
15539
16614
107201408
22015049728
5319985
148
32916856
265013
12
68249968
19891652
1174
0
299084
81634592
8476
0
13817795584
142974288
3326
52146540544
24581885952
1061306
228
71780840
45425536
768
7
51963056
4402
1775
-236239
46393
2
7936226
3472376
18
0
1916959744
635169920
17998
320
1037244608
37595
40175
3698547
32
46
146
7566
740766
105
0
192244912
889895
31
95497656
111601920
2657
1
547598
483396
3
0
643639
42
40
474474
6124
0
1513719
757464
15
0
458812608
212575360
8310
57
221659552
15084
10775
443565
17
27
26
145309
25959
6
0
118658
7
2
9991763
318
277
516
1
25863
464
1
0
2549
1221330
1769263
76351760
4590
0
315
22538390
1305624320
106320
4
4436594
124892
3
17348748
588987
649
0
11847
5199
478184
23
0
61
3401166
336257280
17599
2
294181
7413
0
674226
709175
40
0
347
109178
3
0
10310556
52278
1
12350876
8124976
734
0
41465
17367
1
0
101488
2
1
1
30864
2299637
72
0
10186
116
0
25053
5376
0
0
81
12472
1
0
2313918
47373
0
2588760
4039482
143
0
14471
6590
0
0
22926
0
0
2238
18
0
5024
425
0
0
312413
145642
4
0
354608
10
7
661
0
0
0
410241664
24829246
6560962560
767781
82
2728947
8998924288
3556035264512
132589776
53006
6485692928
63274576
1569
17841522688
3189658368
520300
18
3514413
955893888
98643
8
83585490944
19240144
35908
256161677312
130111127552
8363202
259
1305061504
423371968
15799
177
177723984
38196
30497
25095
148457280
18921656320
5623408
203
25770572
261241
5
46573140
32288338
1903
0
1295641
108644240
5314
0
2928827392
263327040
2563
56548732928
32847224832
-38444
234
84262288
27052480
2701
20
101532816
745
4645
3671657
9960
1
10483516
4320454
36
0
1345408256
768098688
24091
596
1072563712
87205
30751
2309706
133
106
272
3226
-211203
66
0
208535584
617399
20
267620416
23941592
9608
0
928483
456931
7
0
669547
67
40
-172861
3337
0
1803592
1179597
16
0
466743008
74011528
4881
72
327006272
17421
14098
920518
32
16
56
53831
151057
5
0
250702
16
6
15143542
405
369
1326
4
40739
381
4
0
1547996
599209
67769248
4270
0
14556
174491168
40440520704
1610736
82
15689322
78566
38
88588224
82710472
1403
0
110534
17480964
823
0
698536192
5918869
851
1405056640
1115724544
36241
1
9014727
3528617
201
1
7642739
222
390
50
2494181
313791232
5207
0
242519
5189
0
594546
455919
26
0
3758
1691843
95
0
560552192
1844449
98
749617216
331181760
11919
0
915567
181253
32
0
1767948
99
23
50837
501
0
110690
42822
2
0
10927514
3821930
336
2
23684086
716
246
37522
1
1
0
108
2881
0
0
2105317
7569
1
2896824
2369990
62
0
8894
4780
0
0
8924
0
0
2175
108
0
29229
10615
0
0
4478524
217109
137
1
5446882
322
118
9243
0
0
0
2585
1273
0
0
1488
0
0
74567
3
1
16
0
994607
5706436096
961251311616
142383888
9800
4637785600
57157736
2800
7644683776
4566583808
142713
15
35193428
3873730304
1154353
11
1604159668224
4010266880
1412977
1571099377664
1420436963328
118227504
21243
4254699264
2964854016
78938
2132
3880077056
500075
85656
371143936
8256765
277
749199552
596790400
37804
5
61433630720
69889835008
2181921
60433
91082489856
6827160
3172905
759070080
45615
5345
34394
479677
3305254
4298
0
6239820288
115701624
1405
10477977600
18543693824
458361
113
17034076
11621978
392
10
44361248
1061
469
33822912
1458035
31
64893144
72203296
6576
0
36539678720
34164303872
1218047
7662
22794287104
951024
689991
64927228
1152
1663
1204
5625335
4471386
94
1
5687521
297
140
997143872
40150
17171
28748
186
796099
6473
0
2450039
507243
44
0
277841536
104943600
2721
39
242094096
5031
2283
200091
29
19
25
648932
950231
17
0
1320965
114
44
361030528
3859
8059
8343
39
118921
3
1
4
640
2
2630
43953180
2821347328
240223
8
5851706
87921
5
36155884
15527070
-224
0
80931
23765392
427
0
1317603584
40645968
1572
5982518272
7111163392
395216
19
24887076
4727044
135
6
25858296
1438
323
1233332
47557
0
6670524
2880019
171
0
281862816
111071776
12277
63
71067296
15280
11482
202984
182
13
139
186
190066
8
0
17897478
34145
6
29035878
25713112
456
0
173384
30284
3
0
120381
4
2
150569
1763
0
394130
299140
15
0
101766680
33937212
1390
21
76785456
2601
1375
107865
5
2
6
11077
4285
0
0
10692
1
0
4373634
84
63
134
0
2608
27
0
5709
3065
0
0
874356
302424
9
0
192040
22
19
1267
0
0
0
3000
-43
0
0
1287
0
0
1126813
29
1
26
0
743
0
0
0
1
22913732
1946834688
212407
13
86366814208
1188446720
84821
153571262464
176608657408
16555324
1208
1231257216
777008320
-8502
354
1114666368
22204
19286
393404352
20020088
542
725804544
475358848
45486
8
851805208576
-10613791744
5935443
87764
770039349248
27198428
8384190
618693888
52289
28941
29176
491254336
56554592
5869
47
215966560
7438
13592
22629527552
799381
489691
1394004
4519
6479075
59385
3
11843419
12387410
347
0
1588878336
1945479680
44927
1064
3497697792
122173
57509
4705129
268
196
124
14017866
5593849
437
4
26831606
1901
657
6327872512
160602
55386
377308
592
850252
35
29
46
5144
169527
194160
3
0
133080
19
5
21242858
856
215
895
10
78205
10
8
12
2761
0
8771697
179859264
903648
94742336
868293
62
39126
26911212
19003
3881279
41499
2
4892
315651
66467516
735863
50
246896
2097
0
725783
450988
19
0
115762
627
112207
300
0
774
175061
29853540
184043
4
41099
690
0
177913
118061
3
0
51
9025
152
0
1203121
6246
0
3277209
2192509
68
0
10834
7940
0
0
6132
0
0
484218304
130541002752
376013568
39064305664
418757568
11382
104386584
9185130496
1239380787200
4873490432
24289
2020123392
50380880
1938
6431468032
619189504
401940
1258
1307812608
1465749
273977792
1841952
175
8533214
856651456
166300581888
1872760960
54121
381413952
1742119
142
349613760
493501120
22160
185
251038
46593712
137973
13
5163993088
12339072
1328
4439589376
8229900800
207846
1434
14706041
15510688
1126
4
34392192
1652
1229
69167
5107188
1257426432
9172104
133
5293171
38020
0
9117812
2849754
252
1
41440
9110192
40545
1
1892981120
5529784
515
1553088128
2849402624
125837
509
6895695
5509134
305
0
3903470
322
191
1660014
4326
0
1998428
1156523
46
0
62367592
139102816
3208
-2
168668624
2383
3502
631299
32
1
20
5157561
2578101504
2203825
789728384
4296893
224
461139
-6784075
12300165120
81079288
3831
43513248
274005
22
110352896
41721888
2508
26
12311118
6258
3119210
10244
0
39851
8402416
3495449600
30894464
299
6223571
22510
1
9635025
4235788
515
0
3419
547536
5615
0
63705784
291307
21
82567464
62755676
9163
30
245485
96327
16
0
257564
10
4
1518
89671
12468849
78236
12
15760
452
0
125899
85639
1
0
623
68412
831
0
30417876
145336
9
24548072
15377916
2318
8
11465
46696
4
0
76878
3
2
6107
62
0
17989
1888
0
0
1043757
418253
64
0
1618611
34
47
5095
0
0
0
77977092096
351992384
26821732352
335006880
8305
164119232
68640342016
19088998924288
143930408960
1840657
32875751424
328298368
15720
64028147712
30271553536
595282
10920
50979212
82623680
41853192
3025
880429694976
4112951552
238461
766636261376
249412943872
18242774
12681
4220511488
5921121792
115858
961
1794225024
148022
122613
3154018
477101504
118658154496
496986048
11391
232123008
1254558
74
306920768
281269888
10966
80
5874984
997549312
2798552
323
164812898304
1310372736
37445
325040799744
111675719680
4638980
42006
138597728
-27129780
9339
121
630091264
40233
11111
8963263
127989
4
33613744
40471948
1510
9
5582368768
2468025088
192815
832
5746009088
507413
220086
3889119
951
404
326
60102
4642382
13055
1
436630912
2478197
552
1267587840
1293231104
2237
361
3653141
1435446
162
1
2056910
358
170
3730194
24668
0
10187534
9777739
321
1
862313536
1230257664
49057
141
2753894656
53796
54802
2368761
293
86
48
860623
887809
20
0
1568015
87
37
40316056
4229
2163
3472
27
7761949
3419055104
3123041
-38084524
1202248
245
731107
87957808
6602919936
39879124
6153
3439820
478146
8
160824672
58520208
6381
16
8692350
3964
4832385
29203
1
62109
17865506
2441114624
21013250
874
2858648
67654
1
9614874
5726106
171
2
1550
451139
4507
0
54253912
929825
45
127979784
67918024
1526
28
288584
135068
12
0
354059
8
6
826
60841
15680183
61742
1
-2402
204
0
77970
49180
1
0
993
139440
1131
0
17500772
318792
12
33798920
24780844
387
10
28001
23329
0
0
37432
1
4
18167
70
0
18515
13519
0
0
389870
1486015
43
0
1342018
33
-6
4770
0
0
0
20263251968
207091328
46824099840
208785072
11119
198742208
117718605824
10128865624064
23453536256
1404620
46279008256
198714752
19539
62078468096
24115484672
736109
10571
34562732
4418381824
55904832
3247
833968668672
2495072768
199223
1127065845760
536901910528
23463704
292475
4070311936
4093647360
204025
664
3416702976
280913
196430
4354821
1080932992
127499231232
397412800
35302
187922992
1935765
109
267046592
152029056
17620
33
6465170
1392098048
5898512
363
167318700032
627197952
7828
-13411278848
98293882880
444893
81209
221917632
202352256
9021
47
293527104
6986
10592
22909204
200766
8
22319980
28944992
1633
7
1254538496
4697991168
165221
1070
5030349824
158227
66572
23567856
698
547
985
53816
5331185
85353
2
589923968
6698451
145
2111931264
1067029120
61564
200
4500191
3106674
137
0
5909133
456
6
3644838
36283
2
1196247
8916794
302
1
87340176
1131939200
53833
284
2032624000
129481
25641
4707456
4
132
143
722732
653826
30
0
1075449
70
20
46052132
2244
2545
3913
26
1221291008
3377979
632640000
3879585
168
10333462
1510576256
324764303360
1392873728
88557
371912736
2571338
92
1027617920
461225600
21190
64
648051
14538105
576589
31
5595495936
58303648
2170
15798313984
6951773184
358432
4706
54493700
26942342
1824
11
44185848
2841
1652
31238
6191888
1208233216
8775853
307
2168750
14345
0
2764572
2727176
139
0
66471
10616862
61759
2
2666039296
11342934
974
4039054848
1145487360
172528
763
3254318
2513056
120
0
6756768
446
77
274431
2838
0
307767
473143
20
0
82086176
44558816
2462
21
68859256
4964
1770
175468
10
10
8
102
151991
713
0
2881571
81409
0
13582965
14699528
627
1
30592
26996
1
0
63669
2
2
94628
681
0
55895
115986
3
0
14840279
21932954
1066
4
36255376
652
625
42757
2
1
3
6550
7978
0
0
13527
0
0
910814
47
37
75
0
416022816
15211945984
4466014683136
44059942912
976681
15489196032
175068832
11599
21767340032
47459405824
1522378
9322
155616576
36189278208
246881264
22047
15421102096384
91957723136
4961451
28850622824448
18351929688064
282679008
2504453
50979586048
34344202240
1485143
3225
34462990336
1497959
680975
5956849664
29094022
1834
16215655424
6953581056
300907
1249
625112252416
361408954368
48503912
57913
634196328448
24561756
22076622
1401782784
170546
86225
61740
2696174
372440864
3320696
155
58873401344
326527616
23345
105589104640
79238897664
539184
42913
205623296
178850368
3123
36
185726832
7787
8048
676720256
5751910
61
940102272
500469760
31949
125
190353309696
121934823424
3630103
14709
196598923264
6382899
2663955
380959200
12655
10091
14220
42465648
21458058
3145
6
19998194
1288
1043
9180143616
161956
116626
226020
1114
6686293
26888
1
3568366
3512193
250
1
1107679488
663941696
36152
122
567352448
47144
30323
3472370
268
111
181
13062894
3218309
262
0
4609135
248
266
3028781312
33148
56234
73203
191
749584
-8
25
40
3136
1269325
89101856
25977694208
199884384
5061
45687700
329403
34
156787888
32020920
4016
46
1314282
35431492
135777
24
49221742592
263322688
14777
23545208832
16486906880
143707
9910
50061612
58658556
3338
25
59364132
3259
2764
23661540
54713
5
23793842
37937232
845
3
3153196544
1200231168
31016
490
1394557952
89322
68277
9008862
435
186
414
6082
1023187
8766
0
64623780
352173
63
511933312
256266720
7379
42
919677
368041
21
0
563665
27
22
1726014
12557
0
2668762
1687202
67
0
490577888
191211840
16037
118
426747584
30531
8473
626566
46
10
30
41592
47879
2
0
88066
6
2
10368010
653
489
456
2
16288
85
0
39669
11496
0
0
2398767
558293
76
0
2775801
269
48
3762
0
0
0
11756
13390
0
0
17127
1
0
2750554
115
-6
135
0
2073
0
0
0
6
22411624
6998339584
77645192
2157
209446699008
2513031936
438251
983384784896
1512799993856
54370316
196843
3749939456
4043771648
93320
1474
10563992576
339525
253450
8403052032
83965216
561
17265018880
8356731904
697871
4484
3942652051456
3160821727232
15184040
642833
3590843793408
193009120
38352296
3536624384
223289
180178
258625
800031104
733210048
63359
222
394762368
41669
31439
93779034112
5921882
4586224
6159225
21922
42722992
139324
16
54302284
31059726
1768
18
9895876608
10654932992
486490
2586
9777127424
720182
429328
38537856
2503
1257
2029
153311600
41839168
1839
25
92429088
8646
278
20658620416
1665032
460359
396232
2539
3593749
184
50
454
21427
1075747
724512
20
0
1883749
41
54
214526048
12786
5442
13876
30
1212926
67
22
73
6722
5
3909
1216025
325937
42799496
838
0
614
6076521
843674048
46677
2
3090620
40755
1
8271668
4576493
164
0
7813
1531
149117
29
0
68
1882234
279332896
13139
0
141473
1552
0
550064
219892
10
0
307
20313
1
0
4575298
14048
1
13342277
3284235
129
0
5034
17356
0
0
26220
0
0
0
8784
1870381
76
0
4151
21
0
4685
3428
0
0
68
6264
0
0
926849
9446
0
4423514
865890
26
0
6000
2679
0
0
2954
0
0
547
7
0
2467
694
0
0
56110
56454
1
0
77957
5
4
364
0
0
0
201721232
26025382
2748747776
416399
13
902231
3055700992
657482842112
231059840
11506
1268558592
16354898
125
1757167360
4825603584
76824
8
6954111
79862408
52417
4
10829648896
145688576
22508
94625226752
58697932800
1312100
403
468250240
13515462
4494
87
171364448
5493
14772
6990
78104096
4119568896
1270176
86
8395112
52666
8
27656944
3970157
632
0
218347
47593440
5433
0
9265158144
87517632
5085
17522069504
11810171904
715476
105
48889328
28319776
934
8
40237728
1199
1113
1573344
23389
0
3658124
2362279
76
0
682083328
274048256
4636
111
691662592
8290
16785
1282880
89
40
80
5032
631428
44
0
35123836
547450
20
-12940503
35154632
733
0
335605
155909
3
0
103449
16
14
569336
3474
0
890294
801801
29
0
140749456
95163384
2916
29
191719600
6580
2797
454438
25
9
17
107252
55515
1
0
68424
0
2
7265315
301
146
320
1
10033
104
0
0
401133
267483
22922632
500
0
4372
71214832
8450155520
404694
22
10254569
78851
16
34505096
9000276
1760
0
76639
2243031
161
0
249053664
2772941
179
557134144
264310720
22087
0
6988577
1031932
157
1
8857153
152
76
4
510754
26878112
974
0
24885
292
0
211939
229005
3
0
4246
812398
11
0
54718748
1106537
37
280537024
136895152
4539
0
90996
143909
9
0
327370
5
10
14269
102
0
32235
24895
1
0
3163126
2424311
164
1
5841894
255
160
20739
0
0
0
25
5512
0
0
1089938
7567
0
583011
1045676
28
0
2608
382
0
0
3688
0
0
5009
70
0
8794
2222
0
0
535630
605299
43
0
2041999
63
79
5076
0
0
0
428
432
0
0
574
0
0
47231
2
0
2
0
573729
2732076544
367102263296
22119960
6867
1151521280
16893482
241
4537530368
3093095168
83490
3
10096930
1435538688
414582
58
543140970496
3086554624
170247
588783943680
583948435456
23717798
3758
1374054400
1251166976
53816
532
1272043520
41066
71566
294368000
2404703
138
514186176
384170464
17296
1
37458362368
12188662784
876572
11654
28898191360
-35205
1408287
215999632
15486
11456
7450
71404
5364719
2062
0
5464333312
30141402
1606
12455393280
4460600832
114306
28
15119287
8006646
649
4
11867738
693
113
27625544
216796
5
27927868
34009952
881
0
13939705856
6202657792
303697
3832
6875936768
427802
451877
28902180
98
594
1201
2290248
1429178
47
0
2709177
44
47
328127808
8088
6059
15985
36
367095
3965
0
374166
318661
6
0
90662144
42380172
2316
20
64400048
4864
1978
231631
13
3
18
394667
90545
13
0
170419
13
14
96357960
594
2152
5608
8
41215
2
1
3
404
0
621611
217485
45104056
1104
0
1760
193757184
14056076288
417924
48
32652260
165341
13
45621804
20318814
2296
0
102039
8371908
332
0
397322624
4279817
107
70992144
481262624
30939
0
3296470
1993032
254
1
5005162
178
209
11
260300
61550640
3486
0
69051
1638
0
155901
140919
11
0
2746
722112
61
0
115163176
1234929
1
380953920
218346880
4137
0
493324
150185
10
0
377818
21
19
12387
319
0
18935
19287
1
0
8108828
2765259
121
1
3630264
232
191
2386
0
0
1
64
5904
0
0
857075
10512
0
653800
859098
15
0
1400
1708
0
0
1716
0
0
2280
48
0
4558
6813
0
0
2677239
753828
36
0
1004821
123
80
1798
0
0
0
555
667
0
0
720
0
0
9662
4
1
4
0
563332
3655668736
189399433216
69006920
8691
907249536
16915638
837
810063168
1917727744
175647
3
30126334
3487699968
394190
44
851478183936
6603957248
165041
625454022656
255014846464
53022140
5375
3569809664
2671839744
69291
1196
1757886848
129335
63651
336666528
2899850
127
1209342720
311379520
9925
2
62106468352
39849967616
549175
18509
32637032448
1414533
1849215
327023616
12097
835
4668
245896
15006504
2879
0
4205001984
24811208
787
4512415232
1861667328
212674
29
17387152
7699767
242
4
9721609
999
210
15684260
316208
8
36413088
11851735
940
0
19981045760
7418063872
385600
1551
11533370368
169350
318131
28685306
108
685
1002
3787311
2031274
30
0
4102589
136
99
320522432
10612
16543
13644
13
426958
5206
0
392381
570887
28
0
85347568
49795008
896
21
44227952
4159
223
13951
4
7
5
709636
191784
15
0
990234
32
21
173759104
5129
1247
4473
11
32111
0
0
2
279
1
4169
55021284
8357592576
659173
22
28035040
109428
8
1386439
22557046
694
0
7950
93543040
2866
0
3626348032
41808648
4323
5693684224
14042436608
372403
26
8221244
24200058
825
9
19118980
2033
931
2061155
22610
1
5113477
3512546
178
0
300534368
543010176
15470
110
199507936
44695
34738
2954826
104
100
200
1116
344014
6
0
27056606
568933
17
154292512
54355436
3890
0
135935
116916
8
0
264440
10
2
396080
3572
0
484147
269810
16
0
132438104
17330496
-1495
14
176361600
8334
2653
252915
19
8
28
46010
7876
0
0
13938
1
1
1984884
283
104
181
0
3957
32
0
4941
4876
0
0
571523
435300
28
0
454353
62
32
3098
0
0
0
7744
2983
0
0
13130
0
0
1169767
79
49
79
0
725
0
0
0
4
30714208
1965384576
277991
25
104461033472
2853945600
113979
66343874560
404514897920
16720852
2699
1699201152
1311945088
9678
301
3283739136
9600
74670
710883200
32623738
1336
3745516800
3421096960
61067
0
1405314793472
780925468672
22580640
106208
679069024256
16396894
12271805
2785947136
110092
35693
189662
586558080
252751648
12994
37
327351744
32055
5757
38048497664
2353563
1029563
3071969
13066
17721840
37899
7
27861300
11969649
874
0
4270518784
1340673536
242467
947
3682881792
82054
122334
8519779
589
180
407
17632932
13725690
1284
4
16268672
3761
1437
13860128768
219760
492308
167942
559
1261985
37
30
76
-252
276921
158668
12
0
308852
8
13
49643256
4104
1904
3416
4
236915
-1
6
18
2636
0
71894
13462698
275
0
905489280
9754434
639
2208703744
903253632
56956
3
3086937
7055509
261
1
4232287
431
43
8797788
58967
4
7990054
9680678
524
0
750702336
74595392
17198
410
1176495744
97654
16693
10794182
217
131
202
1157711
180710
57
0
1196110
87
20
51124884
6396
969
7980
31
33701
643
0
100423
53317
1
0
27948910
9884728
30
4
11306727
349
526
36207
1
0
0
39660
43248
1
0
111930
2
2
42750584
1879
352
903
0
3692
0
0
0
32
897
401
0
0
1882
0
0
103279
7
3
5
0
541
0
0
0
9
0
342851328
3373238
283
1534662912
864919488
22761
2
40728805376
48311324672
3038098
13928
120588443648
6454661
2208696
38551808
11163
10293
29756
564158336
284552032
22173
152
746904448
15268
25353
173481656320
11665435
2930423
4840191
13496
54096352
2079
2147
6938
272632
2764451
2546420
146
0
4416179
299
114
824241792
47419
23314
76985
54
5799811
140
162
271
107079
3
72156
5
1
3
291
3
1922901
973011520
859499
143273120
542150
72
347014
8850764
2803685888
-38903
2474
33747296
239827
6
29521164
17745512
698
8
5892052
11852
1143444
6004
0
8611
5222811
1062793216
8966594
635
1364185
18852
0
5280122
2340233
64
0
1045
218087
536
0
35033104
365537
6
91729200
25720552
507
1
156968
120986
3
0
127624
7
3
22
74912
6419399
36313
2
15741
53
0
20038
55336
1
0
300
77837
465
0
9203304
106156
3
21284632
11285073
180
2
45957
13638
1
0
27612
2
0
6428
30
0
12001
8085
0
0
360041
244658
18
0
560357
31
9
5050
0
0
0
9435988992
34271152
12165136384
84454792
7257
546764160
23848275968
3202389377024
34013014016
2662774
21644603392
58287704
1567
31307708416
10126212096
179100
265
9648354
3331946752
22635532
1338
230540083200
1646841600
57046
368290889728
158473715712
6192740
100217
632257664
1856203136
92914
619
2132321664
65005
45590
1584752
193053888
16972614656
292680896
10082
73323720
99238
50
160967696
50007148
6121
28
2954391
340390976
56486
151
37229850624
38546864
37673
21294405632
67596537856
6067730
30086
177840176
128053856
9788
29
159397536
9035
6892
11301036
95001
5
11991399
22068564
612
5
1240621440
878089216
32855
814
2806716160
43803
91990
2475524
353
136
249
15166
9028761
13266
1
50213376
2066139
160
636976000
327254432
13509
190
2839217
930971
24
0
2553780
187
98
2819934
25657
1
727900
3954346
68
0
692602688
627247424
22939
125
538377728
21048
34076
2027886
126
66
65
447655
123835
13
0
367963
34
15
31540984
1492
806
619
4
730491904
1850265
369339392
1317449
115
4782126
308706656
87028965376
517252256
37237
280741952
554933
47
205902880
107157520
8226
86
84463
66844784
131252
13
3708945920
22702678
1829
4650647552
3428457216
288579
644
8431625
30370992
516
1
18706200
550
603
7761
605231
298887872
2602217
118
594507
7194
0
874795
1410442
20
0
7097
502855
28076
1
628496256
5195347
214
1383274496
721798528
50307
367
1661964
1979670
35
0
2054910
97
48
81060
762
0
415937
214175
9
0
12484492
24547712
916
2
15021234
1660
449
38942
5
2
3
198
20896
213
0
5265969
20076
1
2295780
3903437
238
0
32975
1970
0
0
152
1
1
29185
74
0
72140
28875
0
0
8619231
9483052
341
0
7360310
384
258
13905
1
0
0
5728
3217
0
0
4515
0
0
375108
20
8
10
0
123347872
24474216448
4623388639232
19861354496
1029700
3800769792
27813572
4475
17223477248
4386371584
526953
3912
187934368
43988914176
139956416
7293
4172746063872
38071992320
1192336
8242757369856
3752556494848
170624992
1092557
4418922496
4033733632
158742
3097
23512653824
523471
280231
2933287936
18182450
468
1269923840
1735095680
179093
1282
122709532672
40409374720
11660379
48932
371313213440
16441689
5694062
1262998528
31962
40199
43005
494058
124172624
1685661
30
19783329792
128976968
8422
33296476160
7777468928
611751
8833
49895988
28807256
1344
11
91368936
3338
1062
119564408
811807
43
116998680
164156768
8006
56
-904253440
-5844465664
258782
-502
83613433856
556263
3474036
82069944
3117
-355
4091
6246808
5118580
370
1
15174908
735
545
1095987712
65839
10924
41217
216
2134617
12630
0
561954
3128469
231
0
237210576
30450800
8111
52
156072240
27676
12079
597005
41
56
86
2924270
1213654
60
0
1996364
245
126
349988256
12861
-137
21949
60
249794
7
12
13
1211
11016832
470805
234483296
1520809
38
4855138
481784224
61225336832
104301592
88613
54422832
5405
46
416684160
242239568
9040
47
163313
51032368
196039
21
2191173888
13301916
2793
10575632384
2215842304
220817
805
21962018
10406201
418
5
43058776
1074
1086
19558
571423
525126624
1440120
229
577265
10009
0
1066131
1499309
76
0
6341
3428517
33544
0
912096768
11424355
300
786590976
772056704
71577
397
1805408
1386790
51
0
1612758
65
128
133647
1436
0
313377
78722
6
0
13390076
20840996
9
6
16924466
2497
836
30334
2
0
7
363
56191
517
0
6033939
19786
2
5634954
8332435
177
1
17386
10972
0
0
36381
2
0
25708
265
0
42179
63189
1
0
9359454
5624690
94
2
6243204
170
201
13182
1
0
1
2239
3753
0
0
10359
0
0
227737
19
12
26
0
49770248
13284536320
4982878240768
12016409600
164341
8888673280
80818680
2386
9031453696
16054470656
706005
3411
68996224
19451287552
138524288
7795
6434690957312
28111400960
1068672
8026607583232
2420390232064
132249984
2603186
8468982272
9980065792
186264
5721
7035716096
1580898
549437
1973789312
9894295
789
4910407168
2562013952
49319
414
167042318336
212980039680
4631052
69853
292600741888
22455806
10552825
947556480
79380
82315
25082
489068
70577360
934972
54
5452689408
297512384
1036
67839979520
28576579584
1665000
13045
61766484
74555824
4339
28
51003104
6527
2354
206652096
188565
93
119866544
180803168
8766
29
87109918720
43029803008
674361
23022
35423764480
5846336
1893702
121251232
4508
3264
72
9795554
1816781
428
3
1410424
1481
500
890027776
41635
61525
85002
174
737727
2143
0
1877609
2933653
46
0
301206144
349028832
7439
93
182997232
12058
14873
1098406
68
73
91
2586782
1400375
241
1
1186938
247
133
559319488
17783
13679
13291
97
255065
21
7
16
527
2503115
360157728
33161449472
479594272
17784
209177744
673218
27
163094496
183774016
5766
76
2487809
292902432
3384058
124
4175586304
358863104
21194
122094092288
80454524928
1855401
38157
156977920
195402320
10200
22
175967584
11006
8654
17091956
83230
10
33600392
24175188
1317
11
3964310528
3469504256
253870
352
4660067840
230884
82539
18479472
433
651
125
12073
1530852
14040
0
388049856
1458034
78
433774592
264598672
27567
100
502162
417361
29
0
1071592
36
31
2640256
12498
1
3603352
2339653
165
0
457755360
744812672
38606
187
1319850496
62650
35182
959292
118
30
26
31334
61264
4
0
101578
13
5
17472016
1862
700
664
3
24509
133
0
18251
27800
2
0
2271167
1533659
175
1
6599083
318
63
13718
1
0
0
13849
12846
3
0
27167
2
1
6333018
505
225
108
0
3813
0
0
0
6
22087420
12666757120
82404256
12130
1362818891776
13446433792
549563
3242469359616
1833415475200
103404160
285451
3959940352
9153251328
189371
568
9686478848
249213
62236
6803155968
136447216
4916
48391340032
16826380288
540985
9179
6771335757824
4995498377216
176469872
1912646
4537907675136
284466496
239668976
12314719232
570795
301201
464660
1191940480
855426752
30869
340
2716308224
50437
92615
138986946560
7758122
5945361
10909022
35404
73022744
517687
19
209462560
86227072
3344
40
46286491648
22884562944
497990
4305
27413755904
700672
1857736
82640312
1535
2881
2197
158073472
71383544
11966
54
324100800
2745
19709
63730999296
1677698
702234
3501847
9148
6519129
265
169
199
141132
970766
1967619
66
0
2017414
56
85
209063920
10872
15170
19649
35
1382585
79
21
51
59757
11
332831
39693776
270966
21
3238474496
22760152
1781
14196336640
2637956096
550299
2106
34902192
26352934
648
14
67193992
2315
1292
11273122
39576
16
96542664
55236320
2655
12
11162820608
17718976512
394185
2490
20231593984
815090
507242
4551253
1271
758
1589
5244035
10502520
257
2
12369824
230
282
406542144
29075
27876
25596
92
269483
1479
0
306889
200004
14
0
125283648
15972785
490
14
103538216
7826
2142
117559
11
7
11
441589
521908
20
0
363639
45
18
94123112
6888
5165
5990
8
12561
0
0
1
51
8913
5842
0
0
9273
0
0
369633
42
3
46
0
3842
0
0
0
36
0
3243288320
13414214
1313
235170720
2928779520
118974
1729
423521943552
113818009600
-234117
91503
435916767232
14305001
14092577
1948740224
67798
31266
78834
-284983744
1919549440
131634
933
4704791552
122161
139113
556416237568
16842500
34981576
50430276
108938
788723392
29541
6624
17275
2138118
13258845
5282094
1268
1
20776700
753
54
6425505792
344163
188432
363078
265
19768402
728
1192
2312
406926
153
146666
17
12
25
4809
18
81363
86075
6944696
949
0
1061
44872908
6293576192
52322
6
1742675
56457
5
29680986
8453146
468
0
18228
3127826
109
0
101300448
1711908
89
156520976
148395872
18390
0
2359370
1083604
60
0
1631347
176
70
15
268826
53398376
763
0
52766
489
0
143035
43592
2
0
3617
258030
4
0
24963148
163366
14
110044128
57627636
3061
0
120844
41475
1
0
175353
7
2
8647
42
0
28230
12143
0
0
2372051
1377986
21
0
3377170
250
47
11232
0
0
0
27
1207
0
0
243676
3351
0
561087
480022
23
0
2835
1444
0
0
317
0
0
1422
14
0
3059
2715
0
0
690233
209077
8
0
584649
78
11
2198
0
0
0
474
325
0
0
413
0
0
42920
0
0
0
0
204006
1755072256
139169955840
1379378
3005
511879552
7761113
310
1668542592
399768960
47821
6
13620159
1493452544
140554
15
128248905728
1574374144
59179
81137680384
491339055104
15411049
2204
1068641024
487143968
56484
336
1115134080
126864
37986
199130944
869430
44
354101184
145477920
8198
0
19797264384
12975095808
979682
5127
21329412096
1455871
554305
150216752
5844
1980
4932
44496
14251582
1136
0
1763773696
15650520
1661
792707072
907720768
13783
3
-730267
3234563
75
2
3513120
370
125
6717159
98708
3
16621449
10652241
340
0
3992739840
3203788288
168352
2373
6603781632
285223
69068
14562297
838
211
651
719763
1039512
18
0
2149388
38
53
253723312
12256
2860
7706
14
227658
1209
0
303025
195931
11
0
10819023
10846590
634
7
17821954
1815
992
80715
5
5
3
158302
238831
5
0
365772
10
13
52353596
2702
1131
2873
2
959
0
0
0
76
0
1245
26430660
2962098176
144765
8
3546679
68779
3
5525996
7455817
527
0
67546
24058600
215
0
1421324544
23328306
1420
6608027136
3585368832
139573
8
11482234
6004116
121
2
11979980
370
-64
1493600
14418
0
3408753
1260671
103
0
217788832
66405732
8066
55
209788208
8219
4109
368405
125
54
27
918
67377
2
0
14595070
344890
0
26239174
24524918
351
0
17674
54393
1
0
69955
6
1
149359
1321
0
20369
119233
8
0
45930644
24982214
2363
7
49518992
4634
106
119262
0
2
4
2681
1816
0
0
19477
1
0
1497775
34
23
107
0
2003
15
0
5790
2290
0
0
231184
97767
8
0
293046
33
12
421
0
0
0
2246
1050
0
0
4196
0
0
174638
16
15
31
0
280
0
0
0
1
7717811
782346176
109214
12
72172691456
255654096
41834
449190133760
78269620224
8803688
727
315308032
405217536
14312
143
538897472
45152
30106
758450816
10562908
456
2870617856
916151616
28074
4
112101572608
69870960640
4188801
58638
270398947328
2699693
8808187
783729984
11297
17422
43442
188757088
33600512
5718
87
161504560
8403
4228
7025298944
339530
124056
282950
5518
3928220
39133
0
11072176
6221506
230
0
1547491840
635132288
32652
452
2788514304
120015
48319
4244191
230
58
281
13045008
3874204
196
4
10719709
1095
917
6438956032
71839
57724
164777
34
350738
25
2
30
649
101976
134583
4
0
195378
4
0
2462510
995
389
728
3
98994
8
4
7
1682
0
939
23043108
1509136640
248025
7
1716691
21239
4
5793827
7126791
612
0
49753
-1850207
1396
0
2036032640
17449234
2402
8284096000
2412126464
283673
14
17136348
7413700
705
2
20273744
888
217
1797688
5384
0
3619330
1713862
53
0
257195072
82696496
10308
24
425742624
14529
4498
1132772
126
20
65
614
185501
4
0
23940326
381682
12
26602464
11794247
1216
0
50223
48660
1
0
116084
3
1
61368
1057
0
283219
171022
9
0
89939040
52702748
1114
35
37129240
7482
766
59473
9
2
5
11843
6873
0
0
15007
0
0
494458
91
8
128
0
2961
5
0
2148
1690
0
0
148764
155775
12
0
587338
28
6
2634
0
0
0
3257
1603
0
0
1794
0
0
158154
28
9
28
0
166
0
0
0
1
5886703
704819456
133616
6
30966386688
189619872
15997
390433308672
134131949568
8146452
554
1579345024
476749792
35663
125
863669248
21367
46062
1355060480
11387589
540
2348488448
845894912
45782
5
232712568832
101941207040
14632916
73382
564713226240
18271246
8252152
781968128
46588
10769
53263
91565968
84603064
5052
44
227735216
13908
5669
6856369152
1123561
242643
562792
3356
3154361
49838
1
7649665
4617695
127
0
2562847744
1495472128
28400
775
2131675520
171298
44742
3466530
331
70
407
16423229
9586583
376
5
15396786
659
309
5839163904
470011
49197
419323
187
324969
24
16
26
2394
132174
58781
5
0
176850
10
5
7244987
1075
1211
959
4
147517
13
6
2
4029
1
134639
13953007
1000
0
2033234944
30985924
656
2553152512
1310514432
62484
7
12879753
2170734
439
3
13140141
486
298
13422658
137246
7
27529662
11430514
800
0
2219361792
3887171072
167964
1152
4069079552
260488
151960
5833163
296
33
412
1800046
1657450
93
0
1016240
132
36
130598464
3612
1722
13243
55
6790
964
0
171260
76934
3
0
38415224
21658218
273
8
12389842
2193
687
29675
1
2
0
207722
31811
6
0
458330
10
6
76029000
4019
1474
5354
7
7926
0
0
0
68
3222
1848
0
0
2211
0
0
242628
15
6
3
0
2175
0
0
0
34
0
192708928
8207588
313
1022753088
1458649856
42543
4
109907632128
109902667776
6683281
38508
227537715200
265964
4608812
649065664
1816
17576
59673
1169610368
1323352064
30776
702
1844745216
18659
38966
381395009536
21941242
11578142
6849608
11410
156886848
1079
4597
6046
414123
7951758
2777455
103
2
8094524
533
102
856086400
48139
33207
166306
38
5764651
517
126
296
104736
17
154229
6
2
7
897
6
2133658
23793
1
3864209
2517880
175
0
477733824
361613152
14622
78
1160002688
45508
4950
2501714
89
76
160
5166565
456335
149
1
4909244
210
20
441039776
-1204
20248
-2994
52
374395
6
12
30
831
23843
6133
0
0
15920
0
0
4808808
242
147
201
0
19301
1
0
2
649
0
164
0
0
0
2
0
239118144
132295000
1277
57
223387824
19206
11110
19422017536
1836714
583932
1443702
6139
78413296
7146
1104
17672
2766264
580
1132151
30
20
30
11296
84
1
137014720
981148
92505232
1197276
29
1079954
230795360
3090818048
215006432
9182
99451816
612900
10
58855464
52064768
992
24
185807
27130352
96384
3
1150060544
8136977
496
2235059712
1094979840
41434
558
18520804
11646412
253
2
17706750
418
455
8364
1323756
108339784
685509
5
362390
775
0
672779
426968
31
0
15580
1877279
4715
0
271388384
3693075
233
666462464
292091072
6918
57
1066516
373142
19
0
496272
25
16
55041
426
0
116856
40159
3
0
23273652
3387555
216
2
5420328
649
408
17456
2
1
2
153
19463
182
0
1415180
15324
0
4273379
3395199
94
0
13743
7129
0
0
4706
0
0
12075
58
0
28941
12441
0
0
6369347
1660435
104
0
3361589
145
95
6992
0
0
0
2019
942
0
0
1028
0
0
66398
11
2
11
0
31637980
2142766848
2149878071296
6279687168
342092
7194888192
31884384
2246
14677304320
9953914880
179480
1892
55546224
4892992512
99763296
5155
2741648490496
8229355008
658863
2658206482432
2776106270720
122371328
237589
9549428736
4506476544
154024
893
3546440192
140503
146177
122399936
5311977
248
1973721472
936828800
71820
372
94037139456
73610149888
2624197
20039
124515917824
2191362
513870
665775296
59866
31189
23839
587213
47181384
280699
9
10372340736
18801248
3322
8667691008
11510295552
501380
2171
11043357
12537236
2227
5
34730524
1268
738
91269208
425227
14
8053138
76521656
2034
43
7421741056
16870013952
816772
11046
35833815040
378492
615003
49313116
2578
2395
1862
4600071
1864798
248
1
8229678
172
187
1090353664
27931
29064
35459
99
741888
9341
0
1551991
1198543
68
0
45134000
67884336
4870
44
26394368
7994
7383
577681
21
23
27
670188
949014
61
0
1904891
54
49
362218208
9969
7903
13795
17
215866
5
4
10
955
980758
65036648
16471200768
87552384
6197
89003544
123697
9
102390448
27270164
1973
42
614649
97408976
908067
35
32895338496
198571744
3433
28905619456
19598716928
1891585
6982
44220248
54948032
2927
17
23704072
2353
1870
11829256
42273
3
7295257
11188687
1075
2
238903664
774220864
37795
-5
1330189824
93516
55449
2184652
267
157
32
4232
139615
3572
0
325970784
771966
35
128543568
119381712
7318
33
652015
148076
19
0
655162
18
18
635205
4476
0
1059507
837457
148
0
442302528
213157248
19528
95
308734784
21732
12041
587883
16
23
24
45866
20943
0
0
77436
4
1
4320857
579
376
403
1
2654
113
0
15487
17308
0
0
1946250
1854174
124
0
1189757
125
80
3694
0
0
0
11101
2922
0
0
19219
0
0
1919392
137
110
174
0
1961
0
0
0
1
53617832
8355854336
70572272
1061
171829198848
5341412352
61158
2329412370432
254689509376
51857392
321827
4635308032
1754185728
133886
1460
5647282688
235230
145802
3963970048
55624424
1483
18421895168
3828830208
333118
2330
691312656384
648019443712
22809370
498637
1787233173504
122564256
54718360
2874818048
144165
42754
88135
830293056
801211392
16205
121
984770816
20636
42679
67777679360
3434727
2840247
4047407
19658
34810872
256282
10
32996528
33078228
438
23
5333467136
3133369088
394990
281
7898638336
400799
96296
20422178
1508
907
460
57327600
35623632
2481
19
103996088
3340
1041
3896660736
1445338
348932
752472
1922
2670747
30
40
90
23600
-135068
293239
26
0
741402
39
28
122609696
4974
2371
3174
20
258964
28
7
20
7553
2
1551500
101543960
10899015680
89479024
5356
16945750
758997
1
69373576
73344160
3560
33
910791
164787232
708913
50
23955013632
104735624
8170
60435267584
23643033600
1076149
8007
36083008
32086012
3069
2
108052816
4217
4188
18192740
18348
3
27765654
6531333
397
2
675340288
926473280
60855
332
1321600896
82662
42084
12138221
172
197
213
3157
249419
3381
0
56085560
1218796
44
124420896
242624336
8746
62
550809
364444
10
0
190370
20
8
1030330
3874
0
1241600
739355
26
0
343881312
206453296
23954
60
313550368
19364
10068
345532
20
9
20
104507
50703
3
0
56714
5
2
4972851
568
262
533
1
5466
38
0
14848
-2006
0
0
3395890
726124
195
0
1491340
34
40
1227
0
0
0
15093
12221
0
0
17111
1
0
2722220
238
62
246
0
1590
0
0
0
7
33089164
15958775808
63010252
3450
408356159488
3115739392
204049
668070510592
436899086336
59028672
150069
4032029440
2907199744
185281
2554
1842184960
371580
376219
14864560128
36683048
2241
16100758528
10270171136
383115
1643
2140967665664
1385846145024
91587976
363336
832191070208
86133472
69995008
2309820672
272127
127804
268380
1090977408
759758528
19495
163
230632160
24585
65735
29235476480
2878260
2895125
4143476
21938
31714108
42107
9
20465032
43466388
2763
10
6617437184
6952281088
405266
2401
7807153152
983408
456302
10853856
1958
856
1293
95349368
62040444
2433
31
18458466
10917
2927
21953503232
232899
528129
946319
2057
2667154
224
144
185
22044
831104
650618
25
0
1900853
27
25
66040232
7552
3621
3150
15
649609
58
20
48
8122
1
350488
98628920
216577
9
11798136832
78810080
3315
15714778112
9546719232
849753
4325
24639040
11133775
3854
13
50334256
1119
3148
61565976
463741
24
94634104
127660752
1565
20
45381910528
33339457536
869531
3549
36588969984
1977957
474057
48237920
3033
2290
3057
13361733
7827925
615
1
13049716
496
393
998369280
75329
27429
49539
111
782179
2494
0
1407927
445665
34
0
134707680
138794688
6192
36
74084080
8520
7309
241132
20
4
21
698040
516240
14
0
843663
61
53
189834656
15195
4361
8410
14
34016
1
1
3
411
4455
7584
0
0
11936
0
0
950257
90
40
56
0
10174
0
0
0
90
0
3664675072
32454578
735
11282071552
4149095680
377831
1629
596518567936
217982926848
18851430
-8804
821459681280
98282744
45041832
4879761408
95957
87047
133651
6604782592
2331035648
175266
2278
13116996608
93708
204835
1811535626240
70946344
60266128
68823040
180316
577468032
31718
20052
30930
3642373
42525608
21807280
167
6
41502388
1903
639
12476195840
371369
293507
494555
802
14867134
2728
1132
1691
709759
142
744670
36
17
24
2064
57
33946572
52225
4
25496736
7898869
1078
3
1927534080
1271094400
129513
649
1916291328
102203
32520
9725322
205
339
360
14939666
12161542
1103
4
14211226
711
490
2381750784
121863
183067
171833
357
1579690
50
90
70
3583
74054
102727
5
0
35916
9
1
12298773
679
271
2214
2
210999
2
4
12
1290
0
2207
0
0
0
9
0
1392865280
974016128
28153
372
1074744960
111897
25190
214385721344
2386474
948692
2713047
59786
608552448
16718
27869
26546
6906121
4884
7694001
494
114
376
45698
282
10
497
11298698
674745600
104272
3
2286260
31611
3
14504005
2403382
192
0
76362
9850960
310
0
986078464
13414970
530
2772573440
1217386112
82553
2
7600115
1316501
206
1
11772907
240
128
1558959
6954
0
692453
610552
16
0
118671536
12681438
2803
30
196026880
3134
1958
375021
49
0
7
396
45156
2
0
7389506
116921
4
23594158
9749319
137
0
66030
19247
0
0
27497
1
1
-4487
666
0
166261
49622
1
0
23159024
8507396
1062
10
21969024
964
574
68756
1
0
3
4186
3092
0
0
3613
0
0
1443169
36
12
61
0
387
3
0
2353
850
0
0
150672
90949
3
0
57552
11
3
601
0
0
0
770
720
0
0
880
0
0
226562
8
4
18
0
122
0
0
0
0
2097533
510720032
31926
0
12450959360
298006976
37847
35946631168
72910143488
3648653
56
509976224
187735008
6677
138
446764672
39706
9096
210908160
2810707
21
712227968
391049088
24838
1
159058624512
97854685184
4408574
42964
213522317312
1133663
3148146
228884352
14073
6075
6782
124950768
14759080
2130
11
61986824
3423
3006
7124823552
293250
137229
62726
2446
2188106
34742
0
2924231
5083127
79
0
50670824
551125824
22380
151
1001494720
85125
19294
2365687
34
61
68
2552717
5028242
87
0
11418735
362
67
2668670720
51889
58210
210943
134
250044
17
4
23
2302
49405
21290
2
0
65314
5
2
5150069
170
243
311
1
65624
3
1
2
352
0
126335
6194353
84
0
267864736
5904150
362
1606593280
247648768
61472
1
1989684
1194712
214
0
7667699
153
115
3695516
57771
3
15151399
7058666
562
0
1527808640
605198976
23790
447
542383744
118733
73316
2687287
432
71
300
661353
316231
21
0
260762
57
11
19056516
7338
-198
2827
1
27341
463
0
63252
33783
0
0
9473557
3410323
228
3
9481079
384
400
10442
1
0
0
58638
38010
1
0
67909
3
4
10834120
647
143
1290
0
3469
0
0
0
20
529
521
0
0
510
0
0
87036
4
2
7
0
406
0
0
0
4
0
281789184
1140738
143
971960384
572314496
5979
0
53057658880
42513350656
1467619
11023
98377572352
2787083
3058691
144163392
18032
9503
24814
544001920
229059792
9514
68
524518784
40547
7725
67774357504
2654570
3650066
5089857
10327
44958436
2065
566
3107
82983
1204345
1333386
72
0
4501998
203
83
109442544
28323
16007
28807
82
6047845
167
35
381
14320
2
20334
0
0
2
174
1
62445
10176138
187
0
700218304
2696078
332
3344478976
675159168
64590
3
4778136
2339034
203
0
4414997
280
81
3101535
30275
2
19966420
7159776
539
0
1262873984
1175246464
29330
412
2611935488
80149
89313
7421902
208
87
202
512382
840325
43
0
1114897
0
48
94985184
3889
1961
7659
22
18919
139
0
43844
18421
1
0
17998482
244877
140
3
21789186
1003
202
28517
1
0
0
89658
30102
0
0
103294
4
3
14160466
1023
602
505
0
3863
0
0
0
10
361
435
0
0
608
0
0
108032
6
2
8
0
725
0
0
0
1
0
201531360
2189733
123
574888960
377032128
18589
0
63613677568
42259025920
2214511
9626
90870390784
6606068
2380456
260227664
10055
8058
19138
452994752
-15709608
5951
211
449859968
46131
12419
71517233152
6070116
18442
12550300
20705
42773108
1034
1580
1564
83280
1966115
1117629
124
0
3460951
122
81
558781440
16151
31181
46176
54
3155877
222
100
315
58771
3
31545
2
1
0
143
2
4687369
71767
0
7051376
3085482
72
0
868796672
604866880
62453
334
1740537984
34837
34215
897256
274
68
306
2735560
4902188
238
2
4425869
416
374
1084999808
69584
2549
157492
138
856286
41
12
22
2275
39758
26692
0
0
47451
1
1
4501489
630
134
229
0
25263
3
2
4
367
0
252
0
0
0
5
0
383994880
49992496
7636
138
466896320
26690
4310
16666912768
387102
3050409
2372540
665
290054144
10413
20257
27208
1168074
1437
2666041
98
41
142
2141
264
1
1616086
928314
7
0
1866356
63
23
113740256
12252
4684
9351
31
967211
47
38
34
7672
1
5801
0
0
0
107
0
0
67534016
2187
3154
1531
506997
4360
15
279666
35731360
9869249536
48051976
2652
19210182
106326
16
54552852
16969000
844
7
92812
70839992
340519
18
13919230976
9487420
4510
10951856128
6396360704
216359
-669
28186576
27298448
948
9
16766123
468
838
4364600
19594
2
5344596
4848947
502
3
391702944
421428192
12267
112
692238016
28220
10674
1607952
208
140
151
1186
207119
1813
0
64437336
289012
21
85970704
60017832
2465
15
82488
-8404
5
0
188543
5
10
424048
3315
0
1005754
660184
19
0
292632032
68823088
4932
52
130300288
7709
4878
168583
10
9
17
45108
6435
0
0
21755
2
0
4070329
259
181
260
0
4689
58
0
987
6833
0
0
1040808
315875
27
0
1510129
63
32
4717
0
0
0
8796
2047
0
0
3584
0
0
1138679
69
30
87
0
549
0
0
0
2
23695002
5694301184
18221894
505
177940807680
2645517056
70055
799215058944
586115186688
30167000
213365
2591092480
2035725312
257
607
687491968
164368
117011
3090078976
12203192
980
8254235648
3310564864
219043
1545
714250649600
332232458240
11249377
40135
933080006656
45046996
20050840
1316516608
134736
45233
114383
178167568
504906144
10710
87
618460416
49347
9564
30806597632
2244279
632796
2065603
5778
29068088
141579
6
28562008
22243668
1045
3
3005103360
1935972352
70431
1014
6872086016
148469
35006
7402018
454
425
765
15459886
3708873
943
11
65390768
2732
1256
9308851200
323140
98070
604868
426
581407
88
63
150
2937
327902
301580
8
0
291006
18
16
37134784
1249
1472
4401
9
116095
23
15
41
1856
0
67598
55769788
374153
19
2765968384
14246190
2466
5081418752
5525950976
249842
1164
20856528
12601508
1248
2
11702412
869
179
34508564
161637
5
40344784
72189280
1913
10
8674447360
8644358144
387511
1854
7087965696
399996
144782
15346540
-100
655
1170
4091727
3700408
86
0
6697545
301
132
298353088
7693
27400
12202
150
83992
2235
0
188220
58628
10
0
53907196
31034904
1614
13
49978920
3618
1155
168784
8
2
10
335831
280016
12
0
534051
26
27
74773760
5129
4121
4998
7
33191
0
0
0
100
1613
3159
0
0
4856
0
0
387367
37
8
9
0
5957
0
0
0
19
0
351331520
11958925
297
4273936640
1265386624
85871
1151
298855628800
232198995968
13315134
43385
365649559552
19387040
2818274
1321192832
96125
15331
60241
656150784
2590445056
76093
507
1447173376
149942
69076
296968355840
11291202
14069800
19833262
53127
185619456
10573
4309
7058
429331
13022805
9374432
389
4
5450258
627
21
3040008192
125764
75756
177047
353
17332492
1248
1692
317
250971
36
177887
5
6
12
1917
8
329080
56727412
316865
7
2625349632
38874608
969
10575429632
7455682048
26598
1557
12979066
6340549
484
3
22275114
1089
394
44425936
236367
20
57356272
37871468
2483
8
4490272256
4669020672
435706
1360
9280701440
623060
646110
23071318
1350
445
1171
5546910
4917598
139
1
5371313
361
203
199400064
42492
529
25062
183
398959
1390
0
426257
379715
4
0
42290848
33453750
2372
6
6226129
4124
1581
110158
10
1
4
347842
461343
7
0
514763
19
12
139259952
7511
3806
6354
14
18179
0
0
1
149
2332
1029
0
0
5289
0
0
453906
26
17
10
0
2821
0
0
0
62
0
1742597888
17032584
376
2549929728
367327616
174428
695
299263295488
183211819008
13273194
222168
133684453376
13042540
25322650
658864064
47697
55365
96104
3803033344
2169685504
109612
589
3132802048
178465
115909
447001559040
25976582
15129494
23571872
58960
341096736
15778
9065
18768
872004
14777930
8051525
827
8
5150952
666
770
2616808448
201711
156429
162781
474
5527971
1187
610
541
359977
43
138406
6
13
23
1431
11
47872328
226601
15
25653810
22022462
2150
9
3198168576
2718307840
161847
1108
3289449984
146125
121498
7506816
395
578
854
20689696
29200250
1425
11
52852172
1579
1874
8243558912
221753
463738
487806
113
2356338
106
98
183
3765
149583
140151
1
0
241303
15
8
11549182
2056
3328
5336
6
377831
9
9
28
6026
0
3206
0
0
0
33
0
894411776
3022061312
36327
1259
258806976
139367
60742
227172843520
7538298
10093068
4625858
43582
1313590784
93236
48639
44289
11314600
13619
2042955
284
398
257
192148
842
9
5066687
5075639
-17
2
9395102
491
359
277337024
36992
6857
41775
141
4713899
366
22
145
44438
19
45620
0
0
1
327
2
0
559455360
22412
12680
16143
2839697
4137
112
16272
2304632
92
0
374322496
1993110
194
661368192
363516640
13346
1
946424
1008274
86
0
2956890
2
46
2342582
19267
1
6180308
763531
224
0
614915008
73327664
7098
98
759813056
53601
34489
965470
86
39
117
436319
206523
8
0
310968
30
1
9606094
2024
1077
1250
14
15402
3
0
47356
10952
0
0
8918772
1533909
125
1
-783187
42
132
2170
0
0
0
40346
21007
1
0
33947
2
0
11019328
436
97
198
0
1304
0
0
0
11
425
318
0
0
444
0
0
30330
1
0
1
0
357
0
0
0
3
0
167750816
45001
108
386995936
312896256
9770
0
22225268736
20387491840
163610
5620
18726887424
711388
554478
228711904
4233
1946
6637
199971376
102495992
5905
114
148251808
7785
5079
48573902848
1775602
661082
2264312
1507
3858051
1720
425
544
98755
723056
605430
7
0
1460516
64
31
184939504
18813
11040
20501
26
1785924
48
41
108
33193
1
20694
0
0
2
73
0
821567
16547
0
3913932
2723974
51
0
478097440
177427872
6056
63
472524064
17253
8026
944040
70
34
121
2064006
378727
20
0
3497769
93
105
936314112
37877
8086
26322
90
256560
10
1
16
1067
12280
3409
0
0
20224
0
0
2029950
155
61
102
0
34593
1
0
0
179
0
161
0
0
0
2
0
316829504
62632764
3791
35
123915536
10374
6392
15436351488
364841
472430
1712266
2038
17000122
9430
7181
6443
1347546
654
91575
37
30
28
9952
125
0
681560
21182
0
5548881
2332931
100
0
479442720
197090768
7072
60
176909408
31891
7047
1674749
70
31
69
3504657
2536088
97
0
1298938
189
133
1100147200
30808
7895
20976
93
230880
8
7
11
2458
16539
6367
0
0
25928
1
0
2230822
131
73
115
0
-2195
1
0
1
325
0
247
0
0
0
1
0
275471424
43407412
4782
72
173356384
9097
9437
11856723968
530665
553190
743691
3532
113759776
3898
5511
3679
593237
640
539974
48
30
22
9214
41
0
1806698
1387749
82
0
2476666
228
114
279281760
11771
11251
20812
78
1524291
63
53
54
20785
8
16074
0
0
0
93
0
0
134960592
4578
4039
8003
1168383
4264
12
325495
19
14
7
729
0
0
1037
84372
21210380
164888
1
1422732160
11006960
977
3808611840
2555130112
113831
-24
11157322
13122177
356
2
8939387
679
329
3950321
173524
5
13105576
39308648
298
7
3570725888
1645713280
167193
-51
5398168576
134389
165174
6206027
623
122
425
1468341
1590785
68
0
2756843
114
157
123208168
9821
9877
13560
11
26094
364
0
123303
85362
3
0
8852733
11875375
1595
2
2028084
1847
1334
65279
3
1
2
168731
84788
3
0
16730
2
6
54843080
4696
853
2143
1
13296
0
0
0
72
2290
2335
0
0
3266
0
0
331196
14
6
1
0
1666
0
0
0
8
0
747786880
3945865
241
1192369920
801859776
50265
597
245592850432
71218610176
6714171
38735
261778292736
7296293
4710350
284294016
12162
8506
26546
198291200
1059031936
33613
313
599380224
65168
39098
206001930240
9337348
9762817
19107388
26688
108277744
7824
6179
2739
867687
12938102
2660951
187
2
8511548
490
70
242222560
63588
37769
54152
104
1642156
433
291
473
44084
11
60419
5
3
7
356
6
7232007
74173
2
15106763
17572354
852
0
871110144
1385778432
36766
363
2087428096
-2685
53948
7093256
317
100
353
4875414
15947846
252
2
15728000
444
405
1727822336
97484
110050
-21227
11
866957
82
63
54
6691
52654
62291
2
0
63815
3
1
6844964
687
431
1005
2
213643
3
1
5
2547
0
1104
0
0
0
12
0
1533664512
537065536
18220
261
1036252672
73230
36877
10509009920
5480136
3073837
3846387
4953
855608960
21888
24660
35823
10290803
3343
5051242
137
152
187
40003
275
5
4671369
102706
3
21672554
14751360
13
7
417575904
1255117568
28324
353
3247407104
55292
58081
5206724
439
330
543
6268202
8339261
569
2
17934400
523
683
4249254912
85184
166163
122712
344
1347698
29
74
81
6557
123467
65844
3
0
57328
2
5
8838129
1250
333
552
1
135805
5
3
5
1219
0
761
0
0
0
8
0
1203144064
23124504
12664
288
479937472
45908
55296
12853539840
5020029
5068563
6322157
10072
922197120
43262
-9056
47807
4533274
6885
4002883
162
116
255
18702
227
2
12441370
10795561
462
2
3104681
393
501
2228279552
83296
26113
47436
-37
6487552
648
145
578
81063
20
58586
3
1
0
56
5
0
837522944
2208
39011
44849
1621921
26825
155
1821622
137
87
100
9234
72
0
6573
792800
9764
0
1715024
840228
3
0
398220640
143932976
2168
38
108249208
7277
4789
519889
8
3
40
663165
337728
21
0
645242
88
28
200167168
12460
2768
10935
15
196368
6
2
7
148
15806
3897
0
0
7863
0
0
1436886
71
32
115
0
8484
0
0
0
206
0
181
0
0
0
0
0
60765776
91699312
1409
22
133126448
1556
3435
9848794112
753088
124265
256244
550
52358496
3684
898
3372
742914
185
178909
33
16
9
2340
53
0
1439759
504905
15
0
398133
55
41
78847296
3392
1117
631
15
1267441
36
12
47
3296
3
5049
0
0
0
42
0
0
17936684
1888
1562
2256
82518
997
5
824718
521609
26
0
1161208
54
27
112569928
7525
2172
5838
11
677822
23
23
55
5579
4
11060
0
0
0
73
0
0
44838108
2750
2073
1209
220377
1967
14
677169
18
14
27
2585
26
0
1143
11
6373041
4869
0
5342551
4885648
247
1
895081216
1015080064
41140
208
893689600
45843
33324
5278099
225
156
281
6511806
5726513
135
0
10794798
135
264
1324782336
98356
37668
37129
114
884536
17
26
27
290
20914
20934
0
0
47410
1
0
9964230
169
11
713
1
53082
3
2
3
344
0
357
0
0
0
6
0
294599296
416233024
4118
128
828071040
28788
7745
51848183808
4135371
1625604
3682246
11138
273199680
8348
11247
13748
5946958
571
2087102
9
30
190
11311
131
2
1614121
4441947
176
0
9058710
229
173
151697664
14471
4262
27575
108
3331335
103
30
118
39173
20
26595
0
0
1
201
2
0
230378016
11630
1056
7436
1253104
7993
20
5583665
2586205
202
2
5571286
173
182
363962944
14109
14162
38483
84
2657016
188
194
219
3264
20
26208
1
0
2
285
1
0
303811296
6355
15935
21503
1322670
16305
38
4837094
150
177
180
26772
137
0
8588
11
381895
185565
4
0
882885
19
10
61784664
1622
754
1376
11
315813
9
3
20
2175
0
1897
0
0
0
27
0
0
18753156
1000
628
1354
82100
1139
1
141615
6
13
16
520
6
0
480
52892
5
14
7
1688
25
0
618
7
2878609
2466876
65
0
3157970
286
140
179020816
15301
4200
24156
55
1779339
68
67
216
25160
6
11659
0
0
0
77
0
0
128202064
2203
4817
10388
567261
784
26
1372507
29
64
98
13122
42
0
1348
722713
75
7
95
7914
62
0
3535
68
137717
5
6
2
1085
4
0
147
4
7
811038
11
22
57
1640
12
0
2010
19
15
1
8
