2041488
37006
4623447
33771
33771
272029
622213
116923
2207076
0
5
3066037
611118
11324720
41203
12490872
79165
2
987596
95797
142345
379
2146450
35197656
7
7477618
1
13
124623
2405890
95
19487566
3185564
103416392
93640
53703344
169904
26
205636
203347
8442
69956
156849
29659
559845
0
70953
159740
30143
555992
0
12
2271307
557467
10806352
66404
9543169
23977
0
830180
1671003
29659436
1
17271
7483564
0
292
6
75
21
361
12
718
1
0
3869631
9548036
162186496
1110603
138321280
265978
9
106993
45028444
234115
22590358
53275
2
1722
2715485
600581632
1032625
36
690370
3926
0
686581
1147530
137
0
1813690
36547904
14
348889
1154321
0
7973
3632
757
0
156711120
6
108
24
843795
1627473
4219
37797320
7186306
324133280
494473
154837408
556330
10
77018
17955
465884
38
9256
80
0
1053391872
69092624
1468182016
5408436
762529536
3656683
102
893373
364416768
659945
239441056
848387
39
386981
17748498
3603004416
16766512
1263
2745164
11289
6
2136492
5067699
675
3
11045
17749
40775
7625
142255
0
3
610816
142140
2824822
35296
8107666
6028
0
483436
434998
7760947
0
4289
1974873
0
111
1
2
548812
142197
2757536
45470
14257061
6033
0
495080
432932
7828596
0
4420
2012986
0
90
1
144
35
720
518
45559
5
0
2474664
11080635
183892336
1538838
351508544
210677
9
80609
57706984
354960
51614856
47512
2
1372
4134322
1452325632
909719
42
3139289
31094
2
9387175
2878752
185
0
2252869
17862436
5
230737
181914816
5
2895
102
1081145
0
962
25
0
142
881
2924
8065
761465
13
0
5
3420
2225
120503
3
0
2
18239
1392986
125
0
249
2
0
1104
732
1
0
40178264
425850784
84895368
13956798464
466892
98
1491293
1154155648
8883268
427444448
848262
37
16566
97643096
5277835776
14978645
574
23524618
75181
10
36029208
36323000
2155
0
6621923
85347
2440540
9368
0
5057
23599324
1893583488
4063708
160
5225222
59033
2
9937064
8281969
308
0
7807
1815631
184
0
125229840
691211
73
153281840
195505280
6132
3
166018
81968
35
0
137003
82
38
531986
252742720
26
70528
571
24398874
1
197
3
19548
0
0
508
652413
2688
15993886
2955635
40743116
190461
27995594
459016
15
6856
19726740
3739504
73909472
304647
21784766
229495
11
130729
21806
569706
2249
397500
6273
0
443923712
274924512
3636694016
6701273
1313905280
9858325
593
2945147
1288323328
2098083
258243872
1323201
106
264169
43295616
7251219968
40065520
1858
5427045
106478
4
23512114
20964506
709
8
4141512
425407
13030721
4280
3206852
41321
0
4186
1980441
2066
803722
6885
0
1471
-4385
15085560
164333
9
830
7
0
2972
2066
3
0
1836832000
95777734656
370836160
51528650752
407761856
18534
15371064
12627531776
6570672
2298564608
30851506
1459
2374184
327021568
85374894080
-148599472
4512
401543936
1142854
50
200916400
377687552
13463
41
103793768
548808
87516784
294062
17
1401225
181310736
17179473920
186092736
7365
72290768
94928
11
35718320
90397888
2605
10
10385
13472620
56786
3
1208673536
2911047
238
270306240
827623552
32599
229
295264
378944
191
0
423700
216
452
1
155016
36622
766242
42158
2316673
1606
0
167565
113267
1974278
0
1147
496047
0
48
0
8
-1
37
67
4395
0
0
2844870
2788056
49373348
693869
66210304
55110
2
20430
14570582
214145
19632712
13574
0
742
5146464
480526688
281554
11
1643857
4204
0
4581220
1177536
70
0
412902
10903930
7
60237
46968264
1
1267
28
265736
0
259
6
0
59
10
178
439
10802
2
0
1811018
2998935
54456036
820485
73751488
49034
2
19562
13905752
176551
27343096
12048
0
570
2832882
426032320
249049
9
1021389
17958
0
5880343
1476147
54
0
479380
-475076
6
59133
45569000
1
1612
27
265129
0
328
6
0
9215
996
11910
8548
688998
64
0
10
3706
1645
114324
10
0
4
18780
2095921
131
0
25118
155
0
38634
10802
0
0
2547012
68459112
186251184
9191174144
245733
66
1406135
1482541440
11438251
951348480
948302
36
26164
172541856
17637539840
14257462
723
44368608
330417
13
75140304
71308128
3483
0
7194197
54346
13233221
7440
0
9400
46860608
5798267904
4475428
183
4623015
72535
6
9431061
11197860
335
0
6291
1911389
224
0
411755520
931665
15
317601920
175349856
5252
3
1714024
1866087
42
0
1972952
91
49
384438
247581200
49
203128
832
23910642
0
26017
634
0
295
3
0
15585
476021
522013
27120592
1767
0
102
111725
26211
3145443
204
0
22
448720
62714452
1899
0
269034
1038
0
19498
239019
18
0
356
714
32605
0
0
4
142981
18407840
1123
0
23543
183
0
8061
54229
1
0
150
7819
0
0
369217
4455
0
417709
701241
48
0
133
109
0
0
167
0
0
4541386
4672909312
179041920
9944002560
3122521
203
1066299
5284200960
383182897152
28540944
4452
2082329728
27310482
1085
5543929344
2813512960
153595
8
164656144
510246
136916768
122505
5
186439
971246848
68105957376
106814864
4472
139652640
575688
64
-28847588
184078160
10837
3
237179
18148752
2907
0
3175116800
26710406
1976
436300160
4318617600
334559
72
20125558
9036227
450
8
8103040
181
646
1814
4169739
705697344
539137
24
1938873
20230
0
1807091
1994778
95
0
30804
2296040
848
0
1093540096
3541846
257
708424576
384497120
86799
20
2082679
1648651
45
0
2323578
79
45
447782
3824
0
2201120
562458
34
0
61315820
28745184
1508
18
55994380
5053
338
13238
22
5
5
46080912
4
65573
2036
1
2984
77
0
0
2176
5118378
554636
27697594
18930
30566392
173061
4
36204
11394
277734
437
199057
2254
0
727248576
82703968
1112019072
1701879
101766944
4082882
146
671256
291134912
284187
49165036
924524
24
127421
5966315
1096753792
16643852
359
10670570
27755
3
6165322
5336428
535
2
29888
7823
190048
1109
317863
1040
0
507387584
50984148
930159232
3513405
387239040
4511656
156
670749
416890240
692621
87821064
1060354
45
75029
15632799
3209331200
26399940
1448
2545656
83579
4
13659278
7182330
832
3
10769076
560913
15214972
43977
16243287
37116
1
8661
1861261
6271
2484736
4917
0
1164
171499
41372840
41355
7
138057
592
0
120474
141129
6
0
12786338816
206351024128
599192256
40404058112
345587648
51107
38418312
28841385984
60435016
2662212608
43495788
1962
8099966
228019664
69073158144
420530496
49415
304814848
2352270
73
662581376
377118784
12768
112
103445840
762572
65638072
792291
19
234329
407159264
29152532480
45584388
10997
126670792
470786
18
102330848
96269216
7369
26
32617
6962405
22680
5
816652160
8311522
637
1180884864
2371318272
56268
120
6729339
6088649
172
1
4167770
216
286
28997846
435400896
975412
318446400
855468
75
129410
88412368
40680
22489890
109284
14
26506
1119683
515166944
3137391
40
312495
3504
0
1050065
1065763
69
0
390275
1722
324201
547
0
4452
695784
124908304
867818
46
209381
841
0
362811
260622
14
0
578
42223
485
0
7677112
2963
1
3882338
6625893
236
1
512
306
0
0
1320
2
1
1220873216
510473535488
715237184
126868946944
1412657664
47185
185573344
6519571456
2928811442176
16331798528
-94024
10083811328
98019176
1510
16615506944
18704492544
791281
6708
1435515264
6038461
1282645248
9097141
140
7624863
2696810496
399896412160
7067658752
298361
2500272896
6023255
321
144390832
800893248
67266
295
919086
158136288
624505
16
39810015232
74989224
3721
19620763648
20042059776
1331171
12708
32914302
72582000
5308
10
59905812
556
668
80018
21895470
4506223616
42304388
346
32854512
95122
0
3885970
17531844
685
9
219753
23895102
195260
11
4708866560
20920720
1870
6755770880
6043787264
178388
902
3570678
8755690
414
2
14016017
324
1044
1428389
15089
0
-523969
7398533
145
1
179649168
266378528
14150
40
396204544
12506
10989
50085
80
84
91
23
3
6
178
9209
0
0
812604
718085
11426065
147566
22621032
15669
0
4906
3743085
46127
3926517
3895
0
297
1989253
221657824
64422
3
654324
2527
0
836575
723345
38
0
437882
12084529
1
17588
11948270
0
501
9
71077
0
114
1
0
6405
655
9840
2675
372185
27
0
3
857
358
70242
6
0
0
19950
1685862
132
0
5322
63
0
7779
9957
0
0
6835259
276034048
40678724
284159648
168521
18
369043
390064576
3389110
359206304
248798
10
9632
48138920
5259164160
4119828
157
16735491
139801
8
56979368
15193934
1542
0
1787589
47811
1565526
2285
0
4773
50656392
2902336512
1340543
60
3332605
25910
1
7910350
3096758
169
0
11515
1209568
112
0
91942360
790192
28
178255024
82845168
3669
0
1099731
828751
11
0
1637019
44
12
410066
109012856
18
80695
184
6228822
0
9855
219
0
62
1
0
3935
511
7034
1988
439369
24
0
2
1754
359
114415
3
0
1
10623
2789220
55
0
13274
92
0
19907
18713
0
0
18363070
253009216
45249360
6332744192
1034735
24
376333
436400192
3228154
555927680
273799
12
15161
56270780
7782353920
4437676
200
15082398
319536
3
78261816
26516132
1179
0
1672365
68136
3996300
2104
0
3864
22991066
3114012928
1217859
69
3589394
44623
1
14131002
5506441
137
0
5470
1887663
70
0
148892560
714912
22
261367552
83732208
7103
1
1266418
174837
24
0
1591292
66
33
378382
121292888
16
81428
472
5880742
0
8331
213
0
85
1
0
34623
676955
911551
36597540
1590
0
122
173275
34270
1591388
529
0
25
259959
91909264
8743
0
163145
1456
0
404181
520664
11
0
431
318
17319
4
0
4
222449
9854122
2285
0
56212
190
0
78057
153436
1
0
60
10330
0
0
1577561
1229
0
1264057
2367044
22
0
12589
2418
0
0
15611
0
0
6603052
-530527520
327235232
22248460288
2773453
402
1123980
4312360448
920750129152
64002888
4351
2623342848
7232133
2214
5668529664
1419570688
237170
18
183745344
1425113
35684300
134352
5
336668
710334080
210753159168
135297280
5271
256823952
3179273
132
-16424784
155912736
27624
6
542133
22375078
5194
0
4266990848
23302680
3494
198728192
3708488960
183962
62
20944320
3951639
715
4
7089985
1957
900
1539
2185340
935383680
676039
32
2733050
25516
2
9653266
3353633
153
0
69479
2085037
1542
0
1960261504
2289959
631
602968576
1699934976
75787
18
4127154
577648
155
0
4789991
249
276
541647
7903
0
762473
355559
16
0
109120624
13143824
2584
24
190716480
7766
7749
283064
11
0
32
70956568
4
551304
2566
0
5673
95
0
0
5035
3650169
1104308
147132496
6501
0
1556
8857328
1192632576
129230
11
2795971
101913
6
20711684
11799548
1360
0
14398
4512
450042
54
0
101
3784353
806841088
35648
1
425600
6068
0
1303508
1391826
28
0
1218
112748
5
0
23478396
43186
5
17016412
19230880
627
0
79599
41113
1
0
95664
5
3
0
26272
3020435
149
0
12894
135
0
6147
18204
0
0
303
8454
0
0
5451220
42146
0
6840963
5720780
37
0
12234
6457
0
0
14441
0
0
2571
23
0
3799
5476
0
0
339619
220839
7
0
309708
7
4
19
0
0
0
697339776
117645568
1088381184
1089529
61
2833037
21263155200
1917220814848
300460416
65385
2895706624
37227712
1489
10437097472
9359955968
328509
29
17184126
939679744
72352
10
50853253120
1342787328
106606
168756314112
255404834816
6537140
1021
1661741568
1229478528
21694
14
1114433024
49771
-10439
29711
185615520
13328324608
15187907
604
30272436
236353
15
27993212
13928866
2135
0
926321
11342422
14847
1
12025084928
215967872
5667
12599963648
27150419968
3345220
554
32263772
49663128
2088
20
95752376
2170
3005
1614794
49149
3
6929913
2665447
234
0
2123706880
798028288
29122
240
1855833344
136882
74218
4262253
237
45
88
30413
1077770
176
0
117890800
1191539
61
206345200
167736768
5170
2
1848896
445119
16
0
615812
7
26
1243585
16112
0
2871375
1308413
30
0
267800736
138070448
6990
50
281911584
32714
14940
955161
14
35
51
434533
88476
7
0
318265
12
2
22062296
627
452
1123
3
77068
814
2
0
31954
5865
152037
232
120490
771
0
423472576
28552004
780681344
796553
319522656
1033592
62
648674
170197936
255787
62000392
256550
20
64411
2391501
479809120
6027392
315
3176147
11309
1
1833813
3559018
418
1
3722523
456194
6384847
13637
2989036
12479
1
1973
1766231
2305
527773
3151
0
1372
50225
16194626
61742
5
51933
550
0
69430
86381
4
0
3430934784
46891634688
252658192
57763840000
207093600
12018
9844808
14434662400
10281441
1180640512
32518486
720
4557762
222005056
25917657088
514170592
15038
143721008
679173
2
175494960
159621152
-960
66
92759960
216837
12715744
208155
13
453360
88819544
8633915392
116728496
8409
24079800
159696
6
10783751
28042216
320
14
57584
15831882
31575
1
682264192
6341471
73
444192128
647965888
42391
315
7496165
2225648
78
0
5612815
361
142
4919642
387759
6101610
13318
4848146
15768
1
4095
1633099
2214
810498
1633
0
1140
57672
11127178
79530
8
39203
266
0
80245
48736
6
0
2730637312
71021305856
246729216
42565386240
133259504
26222
10088955
16226613248
22166624
4176483584
25999084
600
1722423
396539424
61508911104
533135296
8294
79923648
675541
42
244977264
168154416
5631
68
55537624
220733
22458766
50386
9
386139
120051488
14221565952
133129016
3464
24398712
209331
11
53646844
39125032
842
13
21902
10107135
46213
3
506099296
4299132
166
956292160
795871168
47574
248
5171533
3627362
45
0
2589216
198
139
22040416
510796672
3187728
401284256
2372639
182
117622
111387016
211717
102488448
205294
9
34061
4653636
1512446464
1136354
34
601074
15247
0
2879500
1989417
112
0
455366
2392
912038
1906
0
6652
1175948
364669632
449970
126
1914
2701
0
628499
448665
23
0
632
80780
466
0
-2784235
20904
2
7388460
11070653
607
4
34370
26406
0
0
44293
2
3
2957086720
864515588096
1698229888
287313461248
2801279232
93306
251764576
13721281536
5317231378432
53034352640
423980
32572788736
168977728
6535
26984730624
29268144128
1602925
16271
4049227008
6234253
1189151872
8848356
844
24486208
10609743872
1652990672896
8333614592
303159
3051647488
13037610
945
1545351424
2728716032
150698
1099
1679872
179403104
1475340
73
17435811840
81497088
12697
17310959616
16681439232
2568329
24598
10588840
65036908
2177
54
79887960
2423
4213
433331
31145946
3063303424
79621632
1073
15299314
271600
6
16539600
12486958
1604
6
186473
30184472
293408
19
5576819200
13843479
1750
4925271552
5574372352
409915
2702
13925469
9197164
969
9
15580426
789
506
2750452
35066
2
6412982
5332928
93
0
141487728
495033088
21521
109
580510720
20989
26423
919931
163
90
202
9724681
1024609984
2170213
355042016
4308043
200
207219
82084576
15466636288
127340336
7683
73222960
233941
-3
134663392
67106592
5346
25
11129080
23904
1894477
24555
1
41416
13467288
2661184512
24881618
1302
3647305
18765
1
8476470
8225709
271
1
4899
408332
3612
0
74554992
691344
24
169510896
59661844
6727
47
420699
312304
6
0
201526
11
26
-146
128953
14461464
31519
6
85438
584
0
61936
17724
5
0
347
192048
1716
0
11678544
161693
5
57668228
19827152
663
4
35551
71842
2
0
68968
4
3
15796
70
0
40013
14787
0
0
1351718
1218526
46
0
1070078
71
74
196
0
0
0
65364213760
438812736
76818178048
381099424
18126
424640576
79761539072
12445078781952
85448663040
4984915
58914906112
198260608
12232
78142029824
51025256448
2698483
6634
135313824
12455966720
66114736
3713
105937469440
8832237568
379644
1074142838784
1046343974912
52970636
425329
8392627200
2117851392
162450
529
12094340096
246725
242391
1996558
420313792
30031380480
826595136
59600
358816000
2093466
56
341969888
192808896
12261
156
3811913
509224224
6188285
118
113380884480
978372416
15808
106580328448
143293628416
4241403
76962
246914208
183751840
22497
54
283563648
15007
12463
66457128
220505
15
81769984
24778300
1116
21
2383850496
4565441536
328409
1660
3144792576
658746
409949
23223696
473
352
1330
93685
11827152
60706
6
1282728448
4970130
115
1738640384
282819104
83875
465
6510693
5361548
316
1
5198475
336
137
6602074
48246
4
8939346
16786722
355
0
2503604736
928496000
9680
176
1058017088
81409
88552
7798540
110
163
233
1468833
422810
50
0
1226572
97
61
132452744
5064
1610
6244
31
2936
20
-742
1273
241865
7
0
1
-113
280
50700
2
0
0
1662
607432
54
0
4729
26
0
2728
4537
0
0
2538627
35993004
31932642
1967175680
80350
13
105899
94870784
1283351
143851440
79883
4
3393
17250666
247001728
1274587
74
7824455
39658
3
25636838
11875162
458
0
521069
24788
1682954
602
0
1222
7691959
316448672
330540
20
2685582
12517
0
2526472
1985093
75
0
4961
545379
35
0
30689408
113904
24
81639032
34281736
2372
0
-17310
169824
7
0
355529
14
9
78066
14438476
5
17590
83
1667960
0
2169
55
0
32
0
0
20636
343281
15002
5205474
1355
0
82
73519
16733
2877790
131
0
11
197197
50223676
2441
0
140538
717
0
134896
154379
2
0
268
132
25348
0
0
0
59976
12726522
620
0
26200
111
0
13149
25163
0
0
80
4057
0
0
738372
1681
0
810998
631911
16
0
3312
1891
0
0
5809
0
0
2142538
1786453248
127431272
23798829056
264664
80
1034654
3696797184
244294205440
14833721
2803
1762128128
13117426
1137
645646720
2463455488
80629
4
50730444
824625
103508368
33379
1
167735
516017984
49831784448
38436396
1585
89005248
875398
55
133623592
60070704
8208
2
33175
13192229
1009
0
1949531904
13453820
521
3072149504
1270268288
88603
31
12984302
3983300
155
3
11241244
597
507
688
1936795
256314000
175015
7
477794
4098
0
4141388
1270118
51
0
20983
3485738
266
0
342324704
4935803
200
823715456
423265248
27747
3
1149529
985815
20
0
1969853
151
70
187403
3703
0
315778
305811
20
0
46430736
29810092
826
5
42850404
2351
827
258733
10
7
16
32845734
2
64225
2611
1
1278
24
0
0
24605
471172
190875
34767908
615
0
149
43469
37599
3691975
55
0
19
496249
46497696
491
0
88473
458
0
227219
62728
6
0
319
277
35896
0
0
3
78048
9822213
317
0
19587
304
0
40027
17109
1
0
38
5310
0
0
169690
6580
0
695415
395165
29
0
3643
3396
0
0
1803
0
0
4000828
1673370112
146159008
13037387776
1706389
163
309249
3580302592
539041005568
17981188
3193
976140416
19157988
1042
2450050304
1455876096
53519
5
46967348
937894
72809176
34972
1
109530
892399680
48093880320
35823920
1781
189746384
761425
65
329437184
155299312
4542
1
63758
2624313
1553
0
2980175360
15369831
933
5391490560
1313981440
136896
20
8567610
5533997
542
2
6342491
301
346
1095
2276044
386914560
207809
8
913122
14110
0
2644556
1420330
26
0
31593
4744429
342
0
825696192
5005682
131
2533370368
242826720
5854
8
1125402
1087101
41
1
2141231
91
102
152219
3526
0
915283
173841
21
0
53692880
24829796
1022
7
8725973
1601
2709
196617
16
4
12
26410524
4
222008
2943
0
1257
20
0
0
14063
6325087
1980103
179907360
3666
0
2918
14903316
5084713984
231892
8
2590081
163400
9
26825668
32039346
950
0
9319
13735
378874
78
0
118
10415054
426495552
54194
1
1458541
5376
0
3868065
3647783
86
0
1358
213142
8
0
35706352
59901
11
101689640
31196368
1996
0
156804
90164
4
0
103243
7
7
1
46928
3348925
220
0
9115
101
0
19490
15492
0
0
453
46265
2
0
5278423
30031
3
26714260
10136249
525
0
29108
22838
0
0
35269
1
1
3183
24
0
6417
6109
0
0
280780
241189
20
0
1051973
34
30
2372
0
0
0
967799360
211857936
10771333120
1285373
137
1152345
74313809920
7136832651264
661590528
45134
8851815424
108764544
3214
28650862592
13375516672
914262
58
18633184
2981920256
178515
12
49394704384
1245712384
113310
605218275328
240284729344
16238698
1787
2987855360
615143488
30836
1040
3871599872
129234
86956
55965
321980992
40288411648
16824638
738
19892008
657149
28
222253648
63246280
1706
0
1954983
240793504
35931
3
45468798976
482723584
15473
1305044992
56247300096
866604
862
88354816
84277816
2925
39
231529408
6848
5092
9965766
106839
4
5080791
7086496
597
0
2278972672
1110150912
120008
857
1442891008
245375
112129
3143661
258
244
509
6241
3540221
113
0
299015936
1444184
78
921937280
588623616
11945
2
284049
696159
58
0
2376565
112
22
2574828
24647
1
3787510
846862
120
0
588227840
242843536
26624
280
1056810240
42438
38821
1329772
52
27
70
488554
217058
22
0
91651
7
15
33461086
107
506
2145
9
76288
529
5
0
163761
367110
42723912
1693
0
4915
102935312
11931343872
780110
61
8123585
293344
12
91100728
24745402
-823
0
179085
6519871
676
0
300828480
10877781
485
1052195584
667980352
14791
2
5228841
3874268
202
1
5636853
197
144
45
888882
96093344
3239
0
101541
402
0
359811
244787
11
0
8383
1051722
29
0
167114448
2068220
29
312976192
160035936
2818
0
204835
95798
6
0
667517
9
20
6902
288
0
68543
21825
1
0
5533576
1954001
246
2
7929648
218
215
13689
0
1
1
79
5613
0
0
778044
2657
0
1718303
1035342
15
0
7539
4667
0
0
9257
0
0
9224
52
0
4204
9324
0
0
2021233
764704
28
0
1594957
133
84
3199
0
0
0
919
1102
0
0
763
0
0
78514
0
3
3
0
1467929
9220139008
487703904256
56547280
7360
949899904
17015614
921
9132230656
1997727872
99085
8
68434736
6414773248
363717
27
235433132032
5255645696
312996
1297783848960
1725345038336
24101078
3451
3642014720
1244192
88245
993
6838473216
252974
105180
456844416
4776812
157
837878272
634510208
17388
4
43606245376
16253255680
1162631
9228
105616883712
3156861
1528084
385582304
20843
4110
34879
100833
19206208
2822
0
2653737216
45925112
2026
2696971264
6182849536
163238
88
11035615
4658540
467
3
16297643
1138
438
34795740
264206
18
73443824
25976456
438
0
3822101248
8209125376
351061
2978
12396118016
200793
168257
25685110
724
764
1005
2722355
1222870
176
0
3261706
276
74
542472512
9831
8907
27654
82
251205
2467
0
814738
438775
16
0
108147160
35147296
1108
27
70903456
1740
2561
256073
15
5
16
416390
194222
22
0
1224058
12
19
72299912
-237
1931
4968
1
39095
4
3
0
82
0
1775869
220527
2580100
1069
401376
12172
0
2362
435789
1571
89626
1781
0
394
2776
3749180
210
1
38369
33
0
43128
32611
0
0
1069450880
16989865984
113332528
18843590656
239058752
3377
8847067
6332830720
5122551
829161152
5168172
107
1360507
80209744
12631731200
34600656
3821
56091656
283643
33
98279240
35775260
5979
34
24825956
42076
20393936
148801
6
243115
17063736
4162528768
28974422
15
6230154
49794
8
17590252
8386707
878
4
28713
4734644
16091
1
259062816
1960378
94
368609184
208270624
14784
112
1325336
1506370
20
0
2146088
85
79
9486122
52839340
1626876
217432000
824299
70
53489
88801344
83076
42704044
83836
6
11507
613505
397914784
1084289
45
504610
4173
0
732270
112908
55
0
245540
1237
243175
1023
0
2030
331923
124269856
415901
8
165589
974
0
186390
132710
10
0
1
49400
284
0
1548282
33599
0
3340212
2695356
267
0
993
8211
0
0
17843
1
0
324375296
39332286464
600107008
109834256384
693861632
19843
203376704
14645294080
1555340722176
16765845504
297724
5559133184
75446104
1935
24310153216
1172970752
480380
3416
916982400
4238323
526264640
1203765
32
25768464
2706876416
248990990336
1506511232
127194
333937280
4578221
198
950472832
820104576
50559
71
364354
80164304
521478
43
10078394368
126924392
4136
16969517056
12260885504
338651
3441
28606738
34224296
1804
10
42822348
2930
1672
265998
15768221
1763394688
12219888
1361
7653823
49762
1
11470155
12613074
599
3
102034
25199090
90954
7
869191808
31893076
1138
3571927552
2550636800
202195
1805
4609224
5843826
231
1
10325963
827
447
3021002
13176
0
1535286
1235473
137
1
299613440
149752064
6209
53
228716880
6912
13412
1376329
30
30
50
7404515
324891072
618609
162039664
1571899
99
38811
44550316
29251
8518974
128269
8
36411
102367
41533936
2705430
142
1059026
3762
0
1310720
496103
50
0
409544
495
158528
1379
0
1433
133067
38649564
444389
40
165970
535
0
262403
160365
10
0
313
67749
327
0
5277032
9209
0
5151268
2394854
162
1
30141
27409
0
0
19789
1
1
1197065216
308509868032
652870976
149855895552
537015488
33849
72186080
8948199424
1206593519616
17601177600
853524
9529982976
85111328
3262
11426008064
24169443328
605083
3796
1967207040
1400480
569679680
2616611
56
14409031
6901151744
554147053568
4361224192
123325
559585856
4747191
248
1219106304
1133440000
36829
452
225884
132478584
1121009
12
7764901888
152290432
1844
22772965376
13792835584
576332
7476
40277872
45781864
1290
9
81415752
1582
1503
500267
19524910
3087255040
22866078
779
9190601
10239
3
20922842
12000554
567
2
102872
11947553
145949
4
1706677248
33857248
739
4369932288
5279755264
180173
2476
11157754
9740234
132
2
16068997
689
562
2175679
17526
0
4240882
1572744
164
0
154298400
178185328
9315
13
205049648
4203
5366
1613481
37
51
109
11473152
2543196672
9070477
543198848
4885267
272
956919
112691200
17465892864
105755904
7668
52574860
644795
23
323189248
131519240
3262
41
17868152
35592
12421624
10239
1
218927
50534620
14128935936
70390328
2573
15041803
115990
3
3781194
8587635
443
3
5965
1284066
8550
0
175512560
1416746
53
-105804056
317186272
8270
58
160676
343479
26
0
735038
25
26
1633
265655
48528092
321512
22
173311
948
0
234928
211925
10
0
1950
283338
2668
0
65044344
377035
11
91404728
82813072
2943
21
199467
70420
6
0
194582
6
4
35501
90
0
43129
24953
0
0
2638236
1728212
133
0
3198775
40
200
12489
0
0
0
86522781696
342523616
121749905408
781305728
40733
643257408
226597126144
24311962271744
343502389248
-929388
70535954432
422359808
30483
72296923136
38279151616
3863691
14978
49842560
14137077760
134066000
5735
1241648463872
14148620288
833582
2219293802496
938791993344
36405596
594793
5867531264
4779684864
217380
2463
10329810944
466865
200313
7900681
1040901056
195293954048
1969025792
99646
111663032
3125354
139
175479312
317731680
9904
254
2019255
1028266176
11218067
58
260364058624
1444607360
220524
315764408320
474942898176
26531604
95472
556834624
533425408
11476
168
979162624
26169
50291
40802696
462861
8
137164912
44187544
3276
21
13266937856
10522167296
366575
3450
7227871232
196528
512749
37069792
494
2240
1684
89558
20249188
28081
4
775079424
22371142
439
3113763584
1354498432
181812
871
11058167
4911775
231
2
11328364
773
517
-1682649
13064
2
7413831
14514317
464
9
3089850368
3322433536
114544
612
5711683072
47766
191378
9610017
340
560
464
2101829
1208708
43
0
2042641
197
45
204754000
13492
5802
13452
45
306392896
1467517
283550848
1165987
80
3066580
256961488
60555452416
285191680
24898
286351104
2615731
12
188087568
178577808
-457
106
514491
94068288
52500
7
4503356416
40453904
583
5233247744
937838848
404261
1555
6505409
20897164
1746
6
19558644
2680
1672
25585
1760039
207709344
1468208
73
917249
8421
0
1401423
1356617
48
0
28781
4511608
29993
1
520795424
3441496
157
1024188800
685425152
1178
274
2029660
1243759
155
0
1797558
100
106
59472
367
0
184327
212498
13
0
25701126
45141940
2658
7
42674992
1639
1924
16992
3
2
1
342
30013
543
0
4667938
27800
1
5961318
2593546
164
1
28738
7276
0
0
29152
0
1
41530
272
0
83774
40230
2
0
4256355
5054891
546
2
2471607
462
659
24285
0
1
0
6844
12113
0
0
7363
0
0
534580
7
19
14
0
1888972
17886294016
4142153596928
37279014912
1304619
17234358272
129508048
6825
21111984128
9031287808
413794
4938
46658424
29879564288
280446528
6083
6227766542336
18573250560
1699761
9157692358656
2997482422272
230288512
1703254
17508509696
14513656832
834680
1616
4605643776
792341
328080
2856699904
29454950
1328
2512968960
2709444864
184131
947
301702348800
264779055104
18091220
46145
252025012224
15443256
7157781
3261123072
62099
60844
31562
377707
255047024
1436467
74
15352000512
185366624
14507
65717796864
30799564800
2731071
10725
135078848
85423856
2645
9
87421256
1644
-121
159088592
1101707
54
143800992
151981504
17354
56
74161864704
29438097408
1519203
8698
36892860416
2140345
2315400
147826976
4678
2196
3467
20230946
9913528
691
5
12613960
337
726
2535220736
14191
12377
19646
195
1654896
30170
0
4043406
2319254
170
0
533158048
107033264
2948
5
58823256
5893
9428
2835935
58
51
90
2796572
1813830
110
0
2538890
153
152
627816896
18969
25549
36832
41
132008
16
23
11
1139
7124
146953
226463
11262200
990
0
20
11152
7615
692865
20
0
2
136063
8233865
475
0
13583
-111
0
132115
31895
1
0
169
75
18844
0
0
1
18762
2411571
204
0
9824
0
0
28239
11808
0
0
33
2507
0
0
175859
1233
0
588005
101150
3
0
1683
1401
0
0
2901
0
0
952813
395780480
36069260
7048763392
756187
41
269417
1084721792
104567013376
10127940
1669
859125632
5486325
189
779353536
783169216
46083
1
15407598
243848
46229612
9212
0
55081
282663424
17051557888
7467753
581
32171190
352946
13
77807360
32725572
2105
0
75762
4806396
487
0
1086142336
5818655
294
514986720
1050568320
36519
5
3898568
1919912
148
0
5892692
175
55
252
1884649
169783824
60588
4
593197
4657
0
951140
765876
56
0
4157
191574
162
0
42579128
1727527
104
43133856
114722624
7958
1
310175
886588
13
0
815664
58
32
6733
1730
0
252553
151102
4
0
5484151
18030592
463
1
37918364
1602
1217
233906
8
1
4
11161831
0
50734
742
0
647
8
0
0
8347
666628
508485
66528220
2516
0
1545
5262823
1810463744
61792
5
5327658
39047
5
14823087
1421367
179
0
13797
4626
381194
21
0
58
4678023
272511840
22658
0
743706
8244
0
1140984
1003598
36
0
562
46107
3
0
6503664
124355
0
9210998
19902972
901
0
5403
22365
1
0
14235
1
1
1
12520
2479525
48
0
5989
67
0
10267
5217
0
0
56
18660
0
0
2095743
27075
0
2320268
5845086
250
0
5104
8256
0
0
-1970
0
0
2864
11
0
3421
1235
0
0
211620
166508
5
0
20411
9
5
1856
0
0
0
294384128
31390504
3216732160
399235
5
1847658
19038769152
1555989135360
84881312
34373
6049484288
28717256
2068
10652808192
4293340928
243355
15
7015898
861501568
224654
7
152004886528
729602816
40430
229521047552
61726187520
1711507
559
534420096
615211136
17583
479
66271928
46778
30234
15476
247867808
4739195904
4708354
138
17921268
255127
8
23840558
14374059
944
0
669798
91225536
13377
2
32203243520
126117248
3802
24854208512
17508835328
1250209
178
37761988
24494742
1466
9
71087992
1983
157
4069444
35529
2
5550052
1813276
360
0
413895904
526022592
13389
160
1171354368
-2176
31482
2500027
271
67
205
6503
929357
156
0
194259968
596931
29
285372224
130560520
3680
0
513869
260822
20
0
1679090
46
12
-3978
5264
0
1529189
455616
45
0
29041728
207133056
8214
33
307118528
4139
5459
393940
20
23
23
60811
25959
3
0
115698
6
2
12947458
343
338
778
2
54185
234
2
0
3101
2515213
355280
123183456
2793
0
1201
2788201
2469081344
170578
6
4436592
124892
4
11416565
8243056
594
0
16159
3827
356372
11
0
52
4476396
395830368
15127
0
774640
1838
0
917694
612738
16
0
952
121204
6
0
16982430
119007
2
-1113586
4995297
449
0
36745
17367
1
0
82311
2
1
1
26528
2985141
62
0
8755
99
0
15793
123
0
0
69
14060
1
0
1988897
40718
1
6069729
2051020
212
0
12863
5664
0
0
12480
0
0
2238
18
0
7642
1708
0
0
135910
145642
4
0
444696
18
7
1810
0
0
0
260420528
66211160
8978650112
474621
3
2965038
22811140096
1444245667840
325486528
58637
4653764096
35679384
2402
11543325696
1970832768
113459
38
12113796
660906496
75429
4
126831394816
664768832
37682
213663186944
62390996992
3107883
948
742134208
489775424
28345
248
1016287296
9693
31133
13121
162324624
11814883328
4833522
246
19177076
295668
4
42762092
16397264
1045
0
948766
61434020
4567
2
19516016640
225537216
2203
72146837504
35015196672
-33044
201
58507768
23252590
817
29
14469662
3868
2343
4983612
41741
0
12958227
3312860
288
0
1037067456
768098688
34374
596
604873024
17052
30751
4478577
164
106
149
2773
778219
104
0
179243936
530677
56
141452768
103617584
1511
0
794205
392748
6
0
1307558
32
6
-148580
2868
0
2643490
235306
60
0
295562688
63615592
4195
62
374961952
14798
12118
945220
38
14
26
107849
151057
5
0
241305
15
8
9014388
-22
369
427
4
72068
227
0
0
942775
515042
28965112
2635
0
10141
149981440
30041092096
1290388
66
13485539
67530
32
113102096
105679784
5324
0
110534
9858821
767
0
698536256
5918865
735
2358737408
1481958912
65855
5
16899620
3528618
201
1
5893800
240
402
43
2143839
142816288
4475
0
208454
4460
0
457126
225682
10
0
3230
1651535
82
0
363719072
1585372
260
756835840
364343744
2975
0
613225
155793
39
0
620304
74
12
50837
501
0
179792
25018
3
0
5341757
3821925
449
2
9974312
762
360
44352
2
1
5
92
24194
0
0
1809596
6506
0
2341322
205747
44
0
7636
4108
0
0
13931
0
0
1870
93
0
26951
3437
0
0
4440349
186613
109
1
4803145
131
56
14511
0
0
1
3152
1273
0
0
4214
0
0
188009
4
2
9
0
5518006
8638380032
235389616128
62938120
11968
3265939456
19814584
1873
7280345600
2921714432
-24924
18
62013788
7582699520
767851
78
659321061376
11449123840
666135
4173754793984
1116982214656
70857128
9533
6737265664
2489040896
309313
1512
2367780096
253428
175899
984220160
5107486
395
1965264128
897817856
11651
4
39445413888
80172449792
6261611
22852
51181043712
6238919
1990220
300996160
8211
17487
32325
412300
2840983
3694
0
15587066880
99449744
1208
21088579584
15938979840
393977
97
52455964
23721364
610
8
52105636
-392
403
78498864
1253234
27
183315552
62061312
5652
0
39861989376
12237676544
1046956
6585
42385698816
2019412
593072
15635468
3652
804
3758
5614795
2542282
69
1
8192286
230
140
702978112
39302
13186
74463
141
937293
5563
0
1050636
435994
38
0
69990616
120591344
2934
34
220976560
6738
1962
257334
40
14
14
1656241
379166
14
0
1406510
54
38
143704688
12608
2200
19685
18
108264
6
1
8
241
2
1317
37779352
2425050112
113208
4
8083551
75571
4
27756650
13346080
-193
0
69563
20427216
727
0
4262184704
34936684
1352
7245580288
6112305664
339702
11
19695426
6362158
256
5
18278572
523
278
1233333
47557
0
4990593
4346126
160
0
385274272
111071776
12277
63
449838272
13008
13858
1920474
127
69
153
160
163368
7
0
42970704
29349
6
66809768
22101342
392
0
112360
39515
2
0
115366
6
2
178104
1516
0
177113
257122
13
0
106275368
16082387
1194
18
67261232
5915
1182
217246
12
3
1
11448
4285
0
0
6953
1
0
1285387
146
63
38
0
2119
23
0
4359
2635
0
0
543386
323597
4
0
499782
30
17
1564
0
0
0
2234
2563
0
0
1853
0
0
954309
59
11
5
0
478
0
0
0
0
15243064
2411791872
200611
22
100422713344
2051704064
69825
126671618048
93369712640
8634912
1095
1197662208
277867392
35354
339
2061812736
29323
20108
865583296
9063428
625
821212736
1257417728
84786
5
313477365760
45012942848
10547784
92673
570487865344
26655174
35669528
964512768
59842
33974
33561
41648884
130344096
5492
41
366538464
11149
5458
34146443264
613722
646229
1419906
6222
5569001
51043
2
16411858
10647429
299
0
423879520
1672210944
38616
914
1465345280
97532
49431
4905255
177
168
156
15091735
4808119
375
3
22137734
1006
565
3317865472
151081
47606
70451
463
585580
48
29
131
4453
159458
166887
2
0
187664
19
4
18478286
796
185
1271
4
190894
1
7
10
600
0
11714348
190851280
844555
101709240
218433
49
29361
28143804
20247
4819658
41087
1
5230
351778
82957720
674834
62
573896
2273
0
130260
175080
6
0
212999
260
88275
646
0
738
146081
34229592
224667
8
87257
344
0
154196
10840
2
0
113
20375
85
0
977103
3911
0
1591807
804372
70
0
5967
6924
0
0
14332
0
0
510135456
191393300480
215134400
43706343424
169152096
17917
126872216
5970792448
1356032376832
8746912768
641122
2960762624
38610240
2114
5107617280
5448440320
584850
488
511556928
1687273
250515200
1514676
70
-869913
902371840
149175238656
631305024
41975
116625856
1338327
136
481680032
510820128
30756
63
232418
4572840
489656
8
5645143552
16339914
2088
3975748096
10050266112
506035
2234
33765416
7044263
224
7
11014816
2045
1068
51884
7510505
1819644160
7673357
548
5068894
28068
2
4593881
7361847
129
3
67631
796288
62283
2
687411776
1662720
463
1118428160
1991175040
112472
917
7734960
2189466
33
0
3312283
204
228
1079642
9237
0
589317
500059
40
0
154047296
85048592
2384
35
84451376
5133
7844
615794
15
9
16
4701707
786804608
1464029
547535424
2393726
157
328087
65394360
14597434368
94930472
1988
57493468
58395
16
113125304
62665352
2597
9
15309
448
3328121
1350
1
16306
9449960
3892828928
22540640
434
5803564
33667
1
4224737
3975322
435
1
1921
511204
6250
0
76325560
592035
8
53130080
49483976
8746
23
240908
375299
15
0
284170
8
13
1036
62902
25198152
33119
5
63755
273
0
50251
118774
4
0
385
89124
865
0
15058243
162654
6
22784604
24767164
1779
4
36269
70764
3
0
56230
1
5
14187
70
0
14646
6557
0
0
1634101
461761
57
0
882182
52
122
6824
0
0
0
38186090496
90674456
43563417600
407318400
11643
386128576
119828512768
16622962081792
137133883392
1782638
15061204992
129176304
10088
54921551872
38107418624
426260
21979
46521276
6314891264
49772224
1203
707195371520
5481778688
196142
1063206125568
797105258496
28348020
411610
4176401152
1364504576
54311
623
1177968128
198226
247880
1452785
827907008
55961354240
71804976
42702
119590312
1411342
57
417932448
386584512
9955
78
3635090
1061693440
2499673
68
86682542080
941746688
41273
110361051136
150945234944
6926905
66568
145882192
167457456
14870
107
434816672
17478
2458
34164788
179628
3
35380916
1976805
1532
8
2003390720
2866602496
317095
2325
3481165312
207007
99082
18624870
108
861
779
-1007
2558047
28741
1
836898176
3190730
300
1186201728
1602073856
17171
62
2986821
1034535
104
0
6572391
88
82
6913723
49506
1
5489221
2396792
257
2
921460800
616100736
87429
412
1259539456
108636
6987
2522370
45
178
172
969423
-96094
39
0
1324864
0
32
61662560
2055
3786
2355
20
6671676
1748666368
2744616
943359296
5067594
438
1337726
78556472
6333399040
73163120
5824
52986720
507797
20
53410932
108209008
4674
29
7471392
3407
4153610
25101
1
90283
6875441
1790000896
18252760
1641
4701712
51057
0
10024634
7993286
257
1
3434
743487
4518
0
136019888
837823
7
154277056
97792168
5660
20
346686
135068
17
0
196993
29
3
684
52295
13477689
53069
1
68342
175
0
45326
42272
1
0
731
119189
421
0
23827930
107309
2
42382072
17288650
1164
4
68684
20052
3
0
74094
4
2
12705
62
0
15174
15498
0
0
1166074
1486015
31
0
1918649
13
48
10526
0
0
0
47602458624
390798976
31433570304
224530464
20136
358219680
86922395648
9192424341504
152346902528
4750190
24594550784
112307536
7633
26868903936
25123053568
2470813
13725
36196024
6023692288
54320448
2953
627112804352
3171673088
93732
937908699136
347095433216
14217832
334013
3743520768
5046355968
286187
1028
1964984320
170388
193686
1742072
929101056
109590216704
341590592
35429
161526640
1663861
94
324067808
130674472
15145
28
1919001
379505856
4277255
133
82451849216
1608656768
14541
194854043648
261115740160
5956086
48610
411695104
320472320
14752
78
466157280
3651
12498
42072052
220449
8
41861140
57221376
3339
7
6149348864
4369086464
314201
1778
9913858048
144215
269168
10883308
736
1042
901
34343
3257830
59652
3
507060864
5757560
124
925282176
917150528
52917
172
3731515
2670297
117
0
5165379
121
5
4527262
50583
2
9317042
9811770
428
2
1215097856
1401928448
60730
424
3122236928
81920
72269
1045856
113
122
109
739234
987524
35
0
498554
28
28
952930
1595
2947
3495
15
242672352
1871328
706563264
1131074
156
1533645
721723904
131124609024
1243985920
116870
416422272
4278620
103
633745280
347785664
57766
259
889189
114470304
299818
39
5642771456
109336280
2357
5988736512
6539691520
619678
6683
40236180
15919256
2253
17
33453692
1715
797
20689
6225604
1928764928
2900753
53
1773680
12713
0
1586891
3543758
76
0
84154
17001624
91086
2
1915130880
26029442
765
1592562688
1771628928
83890
656
4177029
2618046
85
1
2093548
200
49
92718
1793
0
672283
384026
16
0
10573594
34136408
657
17
76331608
5842
1902
152405
9
11
8
602
110161
613
0
13623308
20716
2
15320244
14553289
561
1
68251
46622
1
0
86089
1
2
8959
677
0
145917
28256
5
0
26231772
11114952
837
9
27749780
1128
264
30802
1
1
3
14378
8625
0
0
8547
0
0
193645
65
19
37
0
428521856
33400975360
4169769680896
31188121600
483024
18299969536
207377760
5727
20336424960
-4021178880
1298004
8656
202823152
42843787264
354350944
8590
10747281145856
28021153792
2694014
7633856102400
8969423683584
605479872
5349541
16283774976
18469224448
354421
7439
32401979392
878729
419568
3359673088
24430002
801
7222708736
3482993664
287638
1713
430542618624
407271014400
9835856
165698
830275780608
31257428
24133376
1813286528
129945
51331
182642
1755628
226166912
2142120
133
53985107968
130765600
21572
16199680000
39266865152
4121899
36885
89770560
60268944
8393
36
188212096
9330
11920
646428608
3490540
159
1193976576
383464000
14708
108
150161178624
158619533312
5350438
34492
200233615360
9951692
107620
64313604
5721
9090
15841
34557864
29373300
393
5
27861006
1485
1116
3264798208
66464
137076
333507
624
7036265
43778
2
5872865
9840182
176
1
874738688
483775008
20843
458
1000787840
35614
43399
5883026
58
58
254
3132341
2788999
211
0
4093251
291
97
1010100608
33982
31907
95978
130
896710
16
24
23
1633
913322
76586280
22328778752
20785580
2188
39270228
283134
29
63246856
27523112
3452
16
1129673
30454642
509341
61
42307878912
226335424
9343
36842512384
14171092992
1895979
2718
50783120
-4812160
2869
21
75174048
4254
2375
23661540
54713
5
25584524
37937232
845
7
653438784
580429248
31016
490
1888785152
66062
68277
13212285
563
175
629
5228
879466
6107
0
55546420
302705
26
228830592
220270592
3575
69
646525
316344
18
0
342363
24
19
1483572
10794
0
2525518
1450211
58
0
326108000
152419840
13784
101
309319936
19112
7283
613370
11
23
27
66155
30650
2
0
120176
3
2
6842535
185
413
255
0
14000
73
0
8992
9882
0
0
1162911
479872
65
0
3047484
66
41
5182
0
0
0
8404
6653
0
0
19571
0
0
2952028
74
118
153
0
1285
0
0
0
5
64031464
12003858432
21822326
3364
984996249600
7171242496
277256
1107831685120
1333759705088
48290336
381191
4612210688
2742092288
108254
1036
7852732928
277400
403166
5739819008
40126556
4638
12383392768
11810031616
450328
2581
1753528795136
1427288358912
63467148
314398
1559640408064
71765640
79466736
3364105984
84702
99050
138063
1317504384
1170300416
33957
149
1288001792
64270
43785
22627940352
5055500
2582389
2959854
22511
41154564
332347
13
37710428
22389508
3995
15
12849915904
17139232768
468241
614
13650993152
780944
489721
11001632
1144
656
594
109983896
34524860
2228
26
33407988
3350
6065
41682501632
450697
871005
728429
2156
2816415
301
182
101
41929
923543
628549
33
0
449090
45
20
153725712
5635
2638
9961
10
340143
37
47
61
3068
5
1484
1038106
273835
33043058
1280
0
635
1678264
343863040
36741
1
4053448
15821
3
9367989
8330006
176
0
1960
2814
328424
15
0
26
1161933
120243936
8485
0
224545
2629
0
520430
194321
13
0
235
56060
2
0
3974492
44853
2
11240696
1461889
194
0
20737
12883
1
0
45706
1
1
0
4172
372913
50
0
2609
42
0
5879
7506
0
0
21
7951
0
0
904791
-1789
0
3530380
817599
72
0
4449
2613
0
0
6061
0
0
574
7
0
1207
578
0
0
54965
60126
2
0
142140
5
3
352
0
0
0
118999224
41542328
1970424064
466009
9
1341876
4760445440
608937771008
172131312
12413
899579008
12709024
434
3765806592
1140254208
45972
8
3187638
682844352
44906
2
31923081216
229281360
13188
91603648512
59674255360
736515
162
420448384
133212240
7936
95
724207040
25651
13423
4347
27629490
1477475712
1489374
162
7215901
45268
6
11701926
5340679
852
0
187677
6844581
3478
0
5552939008
86882712
4091
6891081216
1119351040
-238523
48
28795768
18789864
935
4
17234442
1723
310
1573344
23389
0
2896240
921253
90
0
760674560
362938624
14392
8
856257152
33181
6805
1823686
57
84
60
5504
619316
63
0
30190218
470553
18
183617824
50996708
2204
0
607231
71153
3
0
94304
11
4
489365
2986
0
557262
273636
33
0
249867200
60605948
5993
37
119758352
10689
3315
344502
18
8
11
62454
55515
1
0
6480
4
4
4896896
184
153
372
0
27567
78
1
0
136771
202608
18151326
1203
0
539
87524864
7526185472
838781
20
11484586
110234
12
41533760
17939600
1359
0
65707
5741861
202
0
382680128
5560614
66
547349824
485372288
18095
0
1702256
2995122
54
0
7029120
134
179
25
943057
32278136
911
0
111832
1212
0
69898
234522
8
0
4494
395729
8
0
150583968
1183547
56
193042208
71876800
3169
0
278430
130569
8
0
110232
18
6
24129
101
0
63995
23499
0
0
4929978
1592079
133
0
4745164
254
123
10637
1
0
0
22
2393
0
0
822027
8495
0
1104647
293916
26
0
3993
2712
0
0
3078
0
0
5223
60
0
6704
5286
0
0
1001491
1296796
70
0
798101
65
72
3030
0
0
0
818
408
0
0
640
0
0
78458
3
1
1
0
294270
3660824576
174183055360
18839314
6387
952352960
19492888
885
1344934528
1230924928
31064
3
31409292
2541202176
520130
36
715632148480
5739178496
342042
1367030104064
166730350592
26083266
4359
1346543872
542860352
60217
486
2262136320
123776
28335
190075168
2374396
137
63202400
182889440
22971
0
40416501760
24473612288
3015963
9133
68488736768
2016101
827026
165163696
5636
1129
17727
59741
12784846
1826
0
3812982272
48107336
1802
8440956928
4654764544
289304
30
17327278
6522827
135
2
8252456
708
168
43291244
64736
7
54287720
13474214
314
0
6312903168
4290343680
454782
1961
12944687104
503009
615378
14400299
1034
246
989
1068742
516691
64
0
2730075
58
95
251409344
12151
9262
15303
3
315531
3408
0
249323
240866
15
0
47519924
26749284
1000
13
43136940
1889
3412
153549
15
1
6
332441
77827
10
0
517931
49
9
29430448
3584
1611
8783
4
16118
0
1
2
121
0
276355
175165
15300789
786
0
-1633
119577072
11736944640
289037
30
19734146
179084
23
74173736
10959118
1813
0
26722
11087520
260
0
596296448
7671907
189
232237712
584168896
37017
0
6680978
1993031
33
1
7171234
515
97
18
592116
38103776
3333
0
201520
1692
0
257467
231259
6
0
3655
369337
9
0
156165248
740588
23
109901808
91063656
2636
0
545519
128899
17
0
466168
14
12
6464
33
0
27603
19181
0
0
8084126
2194949
185
1
6879163
287
188
19104
0
0
0
55
2550
0
0
736687
9035
0
865988
573847
75
0
8129
616
0
0
3945
0
0
1960
41
0
1282
1561
0
0
2723201
647943
31
0
3212380
83
72
2651
0
0
0
1071
667
0
0
644
0
0
131105
5
1
4
0
342949
5246803968
5683488768
2169651
5253
1282856448
11676969
687
757541888
1488541952
101570
4
27703668
2153979392
218962
28
799615811584
4722083840
316016
1393342545920
409773735936
37781524
2595
1539896192
668670592
74682
1156
2569700096
169217
59668
151997792
2481115
172
88627744
437090144
11120
2
53151326208
19572645888
1391467
10937
55428399104
2053765
2403906
409589568
23183
4222
18125
143465
14419217
3110
0
4774413312
39453356
1179
5376127488
3158072576
165926
25
12417233
4865300
71
1
11584097
484
256
49195732
308483
5
37003760
19010798
1443
0
6366902272
5015297536
32684
2964
1688621568
470254
158905
6107297
722
681
363
2322051
329084
20
0
2579154
82
22
340799328
12284
12775
4376
35
366985
3050
0
845968
290113
17
0
38983424
42800604
770
18
57140408
2934
2911
209968
11
6
6
227222
164845
12
0
670759
13
12
56736712
2977
2016
1987
15
58414
3
0
3
90
0
3583
47292796
9268288512
566583
18
11007306
73876
7
37405212
17417964
747
0
6833
9961032
2463
0
3116977920
35936032
3716
21601597440
6783651328
605974
22
33613088
20800832
709
8
38816768
2311
900
2061154
22610
1
619163
2567409
214
0
742395008
543010240
15470
78
816754368
15305
18152
2440158
32
100
226
959
372972
5
0
23256138
489018
14
54168260
8250953
2761
0
207365
79281
7
0
221770
9
8
340445
3071
0
672821
494511
15
0
188889008
14896196
-1285
12
144818896
7771
3102
354983
6
7
13
26973
7876
0
0
30397
2
0
6350219
219
104
172
0
3401
27
0
7642
4423
0
0
990279
374156
24
0
930763
59
19
2943
0
0
0
7404
2564
0
0
4992
0
0
1700749
20
42
70
0
504
0
0
0
3
39827604
4659486208
397857
26
156216328192
2872026112
138699
909786087424
316731162624
5242590
2666
1110742400
570570112
41967
703
-174361632
211501
68093
1066947520
8354085
349
1283338880
2587212032
126391
18
846124154880
170585751552
13874448
279819
628389117952
59573192
13700069
2136778112
63722
28376
107256
12199783
210485552
5132
119
328567360
7446
18723
18701488128
1309693
875790
2100503
3665
4808996
32575
6
27815784
10288350
752
0
4374432256
2058962816
107344
814
9034245120
484631
105151
4815053
864
216
492
24040752
8525244
2229
3
25726502
2420
1235
5448671232
733279
184011
496007
884
643084
100
28
50
13705
249669
162962
5
0
332943
11
11
23983600
2332
664
540
7
530740
17
10
8
4530
1
61795
11571679
237
0
746499776
8384286
549
1255664256
776379200
48955
2
10678625
2404256
233
0
8836431
399
37
7950600
50684
3
14813372
8320897
450
0
2441975296
1750962432
55695
352
2328525824
96745
14349
4150294
113
98
183
1654653
180711
57
0
989667
16
35
52758584
4583
969
1862
22
30961
552
0
52669
45828
1
0
8723267
5268271
175
4
9751840
438
452
25394
0
1
0
70770
17409
2
0
63962
5
2
31145244
810
1240
2335
1
7097
0
0
0
55
1793
561
0
0
2029
0
0
219543
0
4
7
0
977
0
0
0
8
0
418295776
3421842
124
727702016
576568960
29196
3
56069660672
30056779776
2897008
21299
70357835776
1530917
3616854
271616768
20948
1243
15706
685028672
270626848
20895
123
773025920
20292
7360
135443816448
2903771
1909863
8841097
17765
45288920
4792
1614
3024
247361
1934682
2188740
126
0
1077805
381
98
534264384
31320
20039
26700
75
4133625
71
139
308
37960
6
22933
3
2
5
189
2
1652802
836338752
738770
123148464
465998
62
347014
8850770
2803683840
-38906
2474
33747292
239827
6
63573216
17745512
698
8
5064435
10187
982832
5160
0
7402
4489195
913509568
7707111
546
1172567
16204
0
4280958
2011516
55
0
1045
218087
536
0
35033104
365537
6
48732348
25720560
507
1
79935
120986
3
0
184241
7
3
3
64390
5517711
31213
1
13530
45
0
25272
47563
1
0
258
66903
400
0
7910580
91244
3
17948210
9699932
155
2
18263
11722
0
0
22646
0
0
6428
30
0
8180
8085
0
0
890672
244658
18
0
616439
45
9
3664
0
0
0
8110578176
29457244
10456366080
72591976
6237
469963712
20498452480
2752568098816
29235412992
2288751
18604320768
50100400
1347
17063183360
8703847424
153944
228
9648357
3331946496
22635520
1338
230540034048
1646840832
57046
316081995776
158473699328
6192746
100217
2857280512
1856203136
92914
619
1676796672
77599
45590
2303136
165936848
14588579840
251569984
8665
63024376
85298
43
27358754
42983000
5261
24
2539407
292578400
48552
130
32000417792
33132468
32381
65206693888
58101690368
5215434
25860
153672640
110066912
8413
25
74664008
6540
5923
11301040
95001
5
26062474
22068562
612
5
1789931136
878089344
32855
814
2090168064
164567
91990
8359094
189
136
363
13036
7760551
19370
1
43160096
1775922
138
200841472
281287072
11611
163
999112
800203
21
0
1192894
29
84
2423835
22053
1
5567364
3398904
59
0
560712192
539142080
19717
108
450756544
23598
29289
1015869
66
56
91
482905
123835
13
0
528376
12
15
34961936
1214
806
2022
6
627884224
1590370
317460544
1132395
99
4110409
265344576
74804543488
444597120
32006
241307904
476985
40
91006384
92105808
7071
74
84463
66844776
131252
13
3708945920
22702676
1829
5058857472
3428456448
288579
644
9116193
30370994
516
1
35908608
675
603
6671
520218
256904896
2236700
101
511001
6184
0
621611
1212326
17
0
6100
432222
24132
1
540215040
4465588
184
512069760
620411776
43241
315
1662710
1701598
30
0
906423
46
41
81060
762
0
92494
214175
9
0
27652048
24547716
916
2
4763795
862
449
25952
1
2
1
170
17961
183
0
4526291
17256
1
1768739
3355144
205
0
20706
1693
0
0
16941
0
1
25086
64
0
12649
24819
0
0
8633824
8151031
293
0
7911749
293
221
11061
0
0
0
4927
3217
0
0
2086
0
0
597515
25
8
0
0
106021904
21036480512
3973970919424
17071553536
885065
3266897920
23906782
3846
7919961600
3770245632
452935
3363
161536384
37810061312
120297616
6268
3586627993600
32724258816
1024856
3353607405568
3225459359744
146658304
939092
11357990912
3467142400
136444
2662
5534393344
154128
240868
2933288704
18182446
468
2749945344
1735096576
179093
1282
213402009600
40409366528
11660376
48932
240114466816
7268169
5694063
905379840
23667
40199
60120
424661
106730856
1448887
26
17004500992
110860448
7239
31833274368
6685028864
525822
7592
46335452
24760860
1155
9
117223144
1632
913
102769944
697778
37
52259892
141098736
6882
48
40542490624
-5023526912
222433
-431
64885018624
5279714
2986060
73491664
4047
-305
5360
4424528
5118580
370
1
8371767
342
545
1746289664
29854
10924
108896
128
1834781
10856
0
2755555
2689034
198
0
307047072
26173532
6972
44
228863776
13685
10382
1007831
26
48
14
460813
1043180
51
0
2464844
90
108
301465792
3379
-118
21468
43
143428
13
12
4
665
9469468
404674
201546960
1307190
33
4173168
414111072
52625395712
89650928
76166
46778456
4646
39
131721504
208213648
7770
40
163313
51032352
196039
21
2191173888
13301931
2793
4412691968
2215842560
220817
805
22015524
10406203
418
5
38451464
943
1086
16811
2953625
77758584
2854054
383
975739
4658
0
1663469
263663
51
0
5450
2946934
28832
0
783980672
9819649
257
875435264
663610752
61523
342
1240293
1191996
44
0
2154004
57
110
133647
1436
0
267363
78722
6
0
27056136
20841000
9
6
32154900
944
836
57568
6
0
5
312
48298
258
0
5617403
22680
2
6728799
4484297
230
0
22316
10456
0
0
24951
1
1
22096
228
0
50856
54313
1
0
5419444
4834627
81
1
4386568
286
173
22147
1
0
0
5646
3753
0
0
2373
0
0
46300
18
12
26
0
42779440
5073740288
2379005558784
30650796032
1081378
11097169920
62455960
2886
9233297408
7326235648
214559
4278
59304764
16719087616
119066632
6700
5530850426880
24162760704
918562
7647659556864
2080413450240
113673696
2237533
4921637888
8578223104
160101
4918
3881826816
282157
472261
1973789568
9894300
789
3741107712
2562014208
49319
414
162034319360
212980039680
4631054
69853
267343691776
11298128
10552827
1156312576
63869
82315
81122
420371
60663812
803642
46
17838544896
113614040
2319
73580003328
17226807296
1300188
6887
73185216
57927280
3966
9
44011936
1955
1715
177625008
162078
80
329053344
155406912
7534
25
29084274688
36985671680
579638
19789
34979201024
1896259
1627706
123794312
4236
2806
5677
7428541
1816781
428
3
13277628
366
500
2504186112
62417
61525
98784
314
634102
1842
0
5851109
2521583
40
0
-46107544
157538720
7298
137
303066624
8778
14308
1270964
54
47
69
-78008
1203673
207
0
3647307
5
115
519688672
14386
11758
17136
69
223013
5
7
17
960
2151518
309568736
28503461888
412228704
8752
179795856
578656
23
119622520
157960464
4956
65
2138361
251760224
2908721
60
3589073152
308455776
18217
135809024000
69153587200
1594784
22620
118495896
167955408
8767
18
154241376
9813
7438
17091952
83230
10
29478942
24175204
1317
11
3450073600
3469504256
253871
352
2691891968
205820
82539
1121080
617
651
683
10377
1315822
12068
0
333542880
1253234
67
438497984
227432192
23695
157
347194
358737
25
0
817129
45
26
2269396
10742
0
3009181
2011016
142
0
233052320
640193536
33183
161
895260800
39123
30240
1238838
90
26
48
107447
61264
4
0
125362
3
5
22103484
1230
700
622
1
21066
114
0
27726
23895
1
0
914606
1318237
150
0
2360080
155
54
30067
0
0
0
26262
11041
2
0
19678
1
0
9114102
352
193
120
0
3132
0
0
0
6
18984916
10887532544
70829448
6028
1171392167936
11557700608
472369
2329843859456
1575887306752
88879648
991096
7029627904
7867553280
162771
488
6509479424
734906
53494
5847560192
117281312
4225
11874578432
14462883840
464996
5634
3403537973248
4293812551680
151682288
1643989
2051783000064
263150560
206004160
12902276096
551785
258893
768086
1681866368
855427584
30869
340
2341625856
91941
92615
273410359296
10783212
5945358
20620030
36357
62765696
444971
17
139677632
74115296
2874
18
2346976256
19670106112
428040
3700
14489333760
848720
1596792
34355408
1108
2476
3272
142827840
61356756
10285
46
212979536
2304
16941
55094865920
1513864
603596
3184978
4851
4183453
96
169
663
84433
1037067
1691239
56
0
407349
91
73
107564136
10643
13040
17202
29
1490109
8
18
36
30361
6
286081
34118204
232905
20
2783585536
19563182
1531
7008902144
2267416576
473002
3785
37736672
22651312
557
12
35019172
1821
1110
9689663
34017
14
62243280
47477636
2282
21
7092178432
15230105600
338817
2140
10832491520
942759
435993
18690964
639
651
893
7539511
10502520
257
2
8542752
177
282
240046768
25326
27876
13117
71
231630
1271
0
110434
171911
12
0
71090256
13729176
421
12
67397816
3308
1841
61881
6
6
6
269330
448599
17
0
348543
28
15
102297912
5707
4439
9083
7
7352
1
0
0
166
5184
5022
0
0
7030
0
0
572883
40
3
50
0
2244
0
0
0
45
0
2787724032
11530000
395
3660179968
2517390080
44697
1486
90477502464
97830576128
14379501
96406
570429341696
8328639
18726928
-154951744
60888
26875
61588
3954131456
1649924224
127932
425
3140464128
272874
183637
199421771776
39049224
12485065
24978786
24926
257894736
13588
6624
16277
1461993
26734532
4540154
255
2
20227062
606
1116
974796096
174573
161964
257422
100
17518452
536
940
1271
252198
66
172789
15
10
20
1099
15
69935
73984
5969225
816
0
912
38569896
5409557504
44972
5
1497890
48527
4
22757330
7265787
402
0
18228
3127825
109
0
101300464
1711907
89
312126816
148395744
18390
0
1394538
1083603
60
0
25431
98
70
10
231066
45897844
656
0
45354
420
0
141846
37469
2
0
3109
221786
3
0
21456740
140419
12
153073344
49533056
2631
0
182854
35649
1
0
108740
6
2
8647
42
0
18607
12143
0
0
2782580
1377987
21
0
2475587
144
47
9187
0
0
0
23
1037
0
0
209449
2880
0
598875
412596
20
0
2114
1241
0
0
2266
0
0
1222
12
0
2659
2334
0
0
501737
179709
7
0
642646
23
10
1885
0
0
0
355
325
0
0
174
0
0
26809
0
0
0
0
230592
1508548480
119621640192
1185626
2583
439979168
6670957
267
1680464640
343616256
41104
5
11707019
1283676544
120811
13
110234533888
1353232128
50867
48439590912
422323748864
13246356
1894
956345216
418717888
48550
289
1139452160
49638
32650
199130928
869431
44
197527584
145477920
8198
0
16641475584
12975094784
979682
5127
34489630720
873422
554305
100252984
2109
1980
5264
9504
11245233
1021
0
1516027648
13452189
1428
3491548160
780218752
11847
3
4781112
2780224
65
1
4068079
208
108
5773642
84843
2
5304816
9155992
292
0
7657127424
2753772800
144705
2040
4909673984
109787
59367
9803596
346
181
401
462824
1039511
18
0
742171
51
53
179771680
11071
2860
7745
1
195680
1040
0
277972
168410
10
0
24084300
9323046
545
6
28010188
1337
852
38517
6
4
4
65489
205284
4
0
138311
6
11
60158912
2581
972
1342
1
28841
1
0
1
27
0
1070
8339628
2464667904
124431
3
3048501
59118
3
4904325
6408544
472
0
58058
20679244
185
0
1221680128
20051528
993
407387104
3081755136
116422
4
12073756
5160757
104
1
5199005
563
-55
1493601
14418
0
2556574
1260671
103
0
308471744
66405744
8066
55
166297456
14985
4109
1272382
43
54
-27
789
57913
2
0
12544988
296445
6
22544912
21080054
1036
0
66086
46753
1
0
67437
4
1
128379
1135
0
226750
102485
11
0
46873920
21473124
1014
15
75920144
3540
1404
4340
3
2
8
12417
1816
0
0
10042
0
0
150665
96
23
167
0
1722
13
0
698
1968
0
0
330343
84035
7
0
402176
20
10
1686
0
0
0
2979
902
0
0
2928
0
0
32601
7
12
10
0
239
0
0
0
0
6633740
672454784
93874
8
62035034112
219744272
43428
207858106368
67275591680
7298141
405
949966592
348299136
12301
123
608160256
31167
25877
651915904
9079202
251
719355776
787465344
55123
4
239087910912
60056584192
6316106
51283
200376680448
13800649
3060794
739735680
20811
14974
20088
162543936
33600500
5718
87
94906000
13593
4228
14248581120
370631
124056
513479
2577
3376447
33636
0
7611783
5347609
39
0
854602880
545919104
45080
377
1664509952
38430
50191
2449446
72
50
202
9759002
3330019
279
1
7019859
469
387
1608212864
142770
111794
149742
342
639171
24
2
22
6540
100070
115679
3
0
144345
10
0
14184670
854
335
1063
1
100686
2
3
9
526
0
807
32013978
1920526592
192874
5
3689097
89465
5
12573532
10781401
588
0
42764
-1590321
1200
0
1750044288
14998254
2065
2456382720
2073310976
243827
0
4311194
6372345
606
2
13742366
740
186
1797688
5384
0
4596883
1713861
53
0
167650496
82696528
10308
24
415551776
10244
4498
1288806
47
20
82
527
159445
6
0
22195308
370442
7
41803328
32685016
1239
0
62716
36397
2
0
92136
2
4
52748
908
0
319709
147000
7
0
70880896
45299920
957
30
26478412
488
658
78449
6
1
2
6664
6873
0
0
1002
0
0
781269
144
8
85
0
2545
4
0
-274
1453
0
0
173423
328455
3
0
316487
8
8
1171
0
0
0
2280
1377
0
0
1723
0
0
329110
42
8
27
0
71
0
0
0
0
5059835
605818176
114847
5
76028190720
418922944
14839
82621988864
103634845696
5661028
547
786678400
206231904
16936
220
722422656
47075
14926
1164723840
9788047
464
1582215040
727077504
39351
5
213824634880
87622156288
12577523
63075
197288919040
33275496
7093022
1146468736
22319
9256
58793
97219424
84603056
5052
44
314409216
11575
5669
13918613504
555755
242643
950073
5676
2711287
42837
1
7466913
3969078
109
0
1585040384
1372900992
34128
414
2532678656
36750
12299
2997445
79
46
185
7201523
8240016
323
5
14936475
854
266
2677441280
163485
42287
130114
508
1178760
27
16
33
7587
156425
50525
4
0
269545
9
4
20536290
837
601
1234
4
175270
5
5
8
518
0
115727
11993126
860
0
1747640064
26633526
564
992779392
1126434816
53708
6
7305814
1865826
377
2
6761677
863
256
11537264
117968
6
44338992
9824942
687
0
5592169472
3341164032
144371
990
3050671104
187664
130615
10314714
578
29
274
1551526
1657451
93
0
1364338
64
36
191228928
7289
1722
5369
71
5836
829
0
139364
66128
3
0
33766328
18616028
234
7
27768194
1001
591
35257
1
1
2
125144
27342
5
0
155252
1
5
62672164
2348
1267
1115
4
4922
0
0
0
58
3056
1588
0
0
1789
0
0
182583
17
5
8
0
930
0
0
0
27
0
165640576
7054717
269
1502548480
1253762048
36567
3
81236680704
94465335296
5744523
33099
85980766208
1746189
3961440
244879872
31098
15107
394
749660608
1137468800
26453
603
643931840
49534
33493
296600797184
13732997
9951832
8337320
20229
84965440
2730
4597
4002
267623
5899001
2387323
88
2
5838107
165
88
936624640
59201
28543
90873
139
6329533
607
108
824
133353
31
42279
3
1
1
155
4
1833956
20451
0
5402127
2164209
150
0
315186720
310819712
12568
67
551074880
22548
4255
630090
98
66
120
3713928
392237
128
1
2964415
149
17
424537056
38361
17404
4850
0
236264
24
12
12
1427
12502
5272
0
0
22589
2
0
1834397
183
127
37
0
27223
1
0
1
385
0
283
0
0
0
0
0
256724496
113712400
1098
49
133363848
25214
9550
6065887744
357234
501911
1014625
2294
141850160
7240
949
7007
2295577
472
987633
25
17
52
10042
84
0
117769152
843333
79511600
1029102
25
928260
198376992
2656669696
184805872
7892
85482464
526809
9
27626506
44751580
853
21
185807
27130358
96384
3
1150060032
8136981
496
2302645760
1094979712
41434
558
5623471
11646410
253
2
12643081
459
455
2329
1137815
93122024
589219
4
311487
666
0
534288
366994
26
0
13391
1613589
4053
0
233268144
3174332
201
469306816
251062784
5946
49
643162
320729
16
0
665626
47
14
55041
426
0
103024
40159
3
0
14607607
3387556
216
2
15465638
562
408
20220
2
1
1
131
16729
105
0
1216399
13171
0
3060801
2918297
81
0
7746
6127
0
0
11611
0
0
10379
50
0
10557
10694
0
0
3828192
1427203
90
0
3359121
249
82
4538
0
0
0
1860
942
0
0
2353
0
0
45390
9
2
9
0
75802608
1841786624
1847898669056
5397615104
294041
6184270336
27405784
1930
661497728
8555749888
154269
1626
47744008
4205705728
85750200
4431
2356545847296
7073428992
566316
2551923867648
2386164449280
105182640
204216
6494032896
3873480704
132389
767
3742182400
163502
125644
122399808
5311976
248
807264064
936828416
71820
372
146323144704
73610158080
2624197
20039
97686822912
5090090
513869
408276576
20181
31189
40271
504731
40554112
62653
22
8915402752
16160342
2855
16307963904
9893520384
430954
1866
42962360
10776209
1914
4
24392918
1449
634
78449192
365498
12
24188528
65773120
1748
37
19496898560
14500382720
702045
9494
24960245760
1121698
528617
16771898
1861
2059
1618
549410
1864796
248
1
6884780
352
187
463608256
33685
29064
16736
76
637680
8029
0
784500
1030191
58
0
147277616
58349048
4186
38
141876816
6245
6346
336419
14
20
13
379615
815712
52
0
1251161
67
42
142290944
7577
6793
8114
18
39757
3
4
8
201
842997
55901348
14157598720
75254416
5327
76501760
106322
8
85427032
23439704
1695
36
528314
83726560
780516
30
28274739200
170679648
2951
17345318912
16845809664
1625886
6001
51869028
47229832
2516
15
82650440
3109
1607
11829256
42273
3
25042324
11188698
1075
2
1404498176
774220992
37795
-5
766630272
91569
55449
14790487
367
157
241
3638
120004
3071
0
280183616
663532
30
55014536
102612832
6290
28
292151
127277
16
0
159090
6
16
545982
3847
0
951788
719825
127
0
362983040
183216288
16785
82
229418400
15207
10350
267463
11
20
41
55551
20943
0
0
60654
2
1
9715478
391
376
772
0
2281
97
0
9852
14877
0
0
374730
1593729
107
0
1416657
46
69
4594
0
0
0
8636
2512
0
0
8359
0
0
1168093
108
94
254
0
1701
0
0
0
6
46086440
7182160384
60659432
912
147693436928
4591136768
52567
635292483584
218914848768
44573312
276622
4321006592
1507785984
115080
1255
5919609856
21654
125322
3407175936
47811208
1275
7453094400
3291018496
286327
2003
1287816740864
556996493312
19605472
428596
1864628961280
-1611491
47032396
12179088
110182
36749
117452
866916992
801211392
16205
121
728290112
37024
42679
60184936448
1759649
2840247
7006303
13543
29921198
220283
8
20316272
28431916
377
20
5989097472
2693246208
339508
241
5503953408
275909
82770
14867268
314
780
485
71910048
30619784
2133
16
120479024
3020
895
18144040960
627303
299920
497974
1883
2518995
129
40
30
27973
191606
252049
23
0
977461
37
24
62910944
3492
2037
3635
2
616527
19
6
28
7419
3
1333571
109742448
19421323264
86080584
2969
52380060
272185
13
32930598
83274984
3293
34
782858
141640576
609337
43
20590204928
90024096
7023
12048152576
20322050048
924990
6883
41259256
27579076
2638
2
83570256
2809
3600
18192728
18348
3
5373566
6531336
397
2
719539840
926473216
60855
332
2067708928
45766
42084
3274118
159
197
356
2713
214385
2906
0
88837432
828849
33
80165664
30774008
6521
24
272705
389412
16
0
324540
5
19
885606
3330
0
555853
635503
22
0
148103760
177454080
20589
52
419471936
15756
8654
408158
16
8
44
31447
50703
3
0
2241
5
2
5788595
484
262
638
1
4698
32
0
14901
-1724
0
0
2827726
393476
199
0
1658491
68
25
3569
0
0
0
11556
10505
0
0
6387
1
0
1876232
156
53
119
0
1585
0
0
0
2
28441352
13717137408
54159612
2966
869600198656
6805472256
258478
975194423296
1191984365568
26204300
13379
3198405632
1455977216
160280
707
1671472896
219224
156539
12776631296
31530408
1926
20148230144
8827582464
329302
1412
1026359754752
1191185350656
78723200
312300
874231431168
46104128
60163264
977455232
93150
109852
128632
469045376
759758272
19495
163
742824832
87779
65735
52979412992
4194116
2895125
3282939
17872
27259442
36192
7
93799400
37360948
2375
8
14621233152
7096547840
228144
1867
2297807104
561057
59127
18425330
459
425
506
35335340
53326032
2092
26
36460980
3548
2516
16477304832
440260
453946
777991
1501
2859002
90
144
69
14243
790353
559230
22
0
1325646
52
21
110210336
3415
4487
8010
21
955129
21
17
30
3447
1
301257
84775120
186156
7
10140924928
67740144
2849
8393457664
8205758464
730393
3717
50741656
9569884
3313
11
61194888
1108
2706
52918200
398602
21
190289904
109729024
1345
17
17511589888
28656474112
747393
3051
12422987776
1579923
407470
28936868
3438
1968
1740
8199864
7827924
615
1
6374921
69
393
228009056
103331
27429
39655
236
672312
2143
0
293425
383065
29
0
62091376
119299064
5322
31
229464544
8722
6282
278452
11
3
12
930362
443727
12
0
548833
41
46
309789952
12965
3748
10218
11
28596
0
1
1
189
6527
6519
0
0
11066
0
0
1228697
52
34
58
0
3016
0
0
0
67
0
3149921536
27895896
632
5430716416
3566299136
324759
1400
439007936512
187364294656
16203493
-7567
428183322624
32753472
38715096
2931945728
90600
74820
109230
4296151552
2003609600
150647
1958
1540212736
119606
176063
1399052566528
58134800
51800928
41475296
111420
319351808
31406
20052
37611
1072128
38514836
18744156
143
5
37101728
453
549
7808531968
163019
252280
567636
148
53013876
2873
973
2163
421179
218
612248
20
15
36
2399
32
29178314
44889
4
40818756
6789369
926
3
1589242624
1092551552
111321
558
672073728
97347
27952
5234957
210
291
227
6822752
10453288
948
3
15356877
392
421
2561622272
-35128
157353
176549
147
1665647
88
90
49
2994
61446
88297
4
0
149503
5
1
15612789
1455
233
1034
1
71564
9
3
4
1066
0
116
0
0
0
14
0
1402312448
837202368
24198
320
1835877376
89624
21651
68743872512
2794092
815435
7947595
15818
169564656
37931
23955
44905
5653025
5034
5761835
186
98
321
17347
233
4
77
9711642
579968320
89625
3
1965125
27171
3
6336156
2065795
165
0
65635
8467256
266
0
847569728
11530651
456
1905681152
1046387392
70957
2
2749544
1131580
177
0
6316040
264
110
1558959
6954
0
1662556
610552
16
0
60204480
12681437
2803
30
108588328
703
1958
266873
36
0
40
340
38813
2
0
6351548
100497
3
22354446
8379890
118
0
18621
16543
0
0
18933
1
1
-3857
572
0
47148
42652
1
0
18826132
7312405
913
8
27628892
667
494
40279
1
0
1
7160
3092
0
0
4988
0
0
606999
37
12
24
0
333
3
0
1561
731
0
0
167884
78174
2
0
138218
12
3
1000
0
0
0
970
618
0
0
1046
0
0
226186
7
3
6
0
161
0
0
0
0
1802908
438982464
60375
2
10702045184
256147808
32531
179513950208
62668910592
3136149
48
765816704
161365056
5739
119
440731712
29028
7818
181283280
2415905
18
364039104
336120896
21349
1
95405367296
84109647872
3789330
36929
216841158656
7092589
2705948
394608544
10865
5221
6516
67301584
14759071
2130
11
88787216
6275
3006
7504394240
414156
137229
603624
1444
1880756
29862
0
6913862
4369131
68
0
740460416
473712544
19237
129
16398460
12661
16584
499556
69
52
60
6556584
4321958
75
0
1988488
324
57
1606157824
27347
50033
155320
101
89426
4
4
15
2027
49824
18299
2
0
68249
3
1
5425292
652
208
212
1
31258
3
1
3
812
0
108589
5324270
72
0
230239488
5074832
311
56621712
212863232
52837
0
4068279
1026898
184
0
4608569
105
99
3176427
49656
2
5435833
6067179
483
0
1890424576
520190624
20448
385
1319517568
64671
63018
2271632
181
61
88
499127
316231
21
0
545899
27
11
86314408
2680
-198
4202
19
23501
398
0
66320
29038
0
0
9416858
2931295
196
3
12375678
368
344
6774
0
0
1
33908
32671
1
0
80729
7
3
1082
505
123
821
1
2952
0
0
0
15
977
448
0
0
510
0
0
65636
2
1
4
0
454
0
0
0
5
0
242208000
980506
123
703132096
491924992
5139
0
62212632576
36541771776
1261472
9475
75122925568
4902462
2629056
297797120
12416
8168
5367
554353664
196885120
8178
59
240472144
17535
6640
108002385920
6433386
3137365
3610709
6832
20533686
39
566
4389
114280
2968697
1146093
62
0
1638237
28
71
242839920
9724
13758
19735
45
4499852
94
30
190
31829
10
37851
1
0
1
311
1
53673
8746760
240
0
181173696
5255068
174
1922135936
550310464
34929
1
751159
2613784
125
0
5379195
425
42
2665883
26023
1
3187897
6154087
463
0
613504384
1010166976
25210
354
2012956544
32833
76767
1786076
162
75
180
859006
840325
43
0
1052659
39
48
31635692
3201
1961
7117
25
16261
120
0
63379
15834
1
0
12303640
8259392
335
3
23458252
445
338
17399
1
0
0
53024
25874
0
0
104086
5
2
5503157
231
517
186
1
2573
0
0
0
23
779
374
0
0
453
0
0
79525
6
4
5
0
289
0
0
0
7
0
173223520
1882156
106
423989920
324072928
15978
0
73773260800
45896712192
2079231
17449
32716011520
2201558
2205363
203953216
7953
6794
19431
50701456
-13502976
5115
181
757217792
14460
10674
123700985856
4554617
15851
5497856
14580
19043948
2681
1580
3492
193618
1187589
960642
106
0
865442
224
70
520298016
28824
11944
18851
40
2264187
223
86
326
61703
9
70619
2
0
2
363
1
4028962
61686
0
2508004
2652083
62
0
761580288
519905056
53681
287
812394240
76481
29409
2040057
61
59
88
7533020
4213608
205
1
8142152
507
322
1169768320
72468
2191
48325
134
670214
21
12
64
3912
48723
22943
0
0
40794
0
1
5833808
449
115
360
0
78902
0
1
2
1065
0
422
0
0
0
3
0
152930672
42970352
6564
118
185851760
32213
3704
37257699328
2157252
2621937
3125117
3977
396297824
5202
17412
12164
2298673
1529
1488943
59
35
114
20720
98
0
1338761
797919
6
0
2749402
40
20
98084120
3008
4026
6816
18
818347
48
33
54
11440
3
4457
0
0
0
9
0
0
69821632
2499
2711
3342
390391
2034
13
444021
30712402
8482978304
41302412
2279
16511851
91391
14
10215206
14585480
725
6
79775
60889540
292688
15
11964084224
8154796
3877
13699297280
5497901056
185969
-575
24017608
23464008
815
8
5731256
573
720
4364600
19594
2
11016958
4848946
502
3
105276984
421428352
12267
112
508404288
21801
10674
1807756
128
140
152
1020
178026
2008
0
55386264
248416
18
102164184
51587512
2119
13
139835
-7223
5
0
208963
5
9
364484
2849
0
554374
567452
16
0
127398080
59155952
4240
44
37869800
8365
4193
225165
18
7
4
16488
6435
0
0
13807
0
0
1190275
400
181
100
0
4030
50
0
8615
5873
0
0
834707
271506
23
0
880415
35
28
1033
0
0
0
4940
1759
0
0
3902
0
0
441969
76
26
15
0
558
0
0
0
3
20366708
4894456832
30481188
557
152946540544
2273917440
60215
149486125056
503787356160
25929628
183395
834675072
1749779456
221
522
3077682944
137565
100575
2656034304
10489085
842
2161651712
2845550592
188275
1328
636275392512
285565845504
9669260
34498
521907339264
38418380
17234428
1222127104
66536
38879
122254
312550432
504906112
10710
87
528550720
19614
9564
33148164096
690319
632797
1230019
6974
24985068
121692
5
25642006
19119236
898
9
4229817600
1664038912
60538
871
2463543296
168416
30089
3537229
214
365
250
18735366
3187913
811
9
30879048
1790
1080
2802638080
485302
84295
247617
451
1156451
100
63
36
9736
550389
259219
7
0
203906
22
14
21598096
1112
1265
2864
4
340730
23
13
5
1840
1
58103
47936148
321598
16
2377448960
12245113
2120
3736587264
4749755392
214748
1001
8165032
10831452
1072
2
19198514
980
154
29661364
138933
5
30164602
62049292
1645
9
7899030528
7430137856
333080
1593
17282226176
357738
124445
14264219
844
563
602
5459605
3700409
86
0
1181945
156
132
509207648
32460
27400
6232
30
72194
1921
0
217774
50393
8
0
36144332
26675620
1387
11
14615894
1194
993
96681
2
2
2
192515
240684
11
0
434102
15
23
62430528
6723
3542
3024
8
16280
0
0
0
89
1805
2716
0
0
3109
0
0
201932
7
7
11
0
3227
0
0
0
14
0
301982592
10279134
255
2477508096
1087645440
73809
989
379836891136
199583449088
11444838
37291
357368823808
7461920
2422411
1648109184
-7709
13177
78967
3491186688
2226580992
65405
436
2292539904
233456
59374
86801465344
10063833
12093499
9702523
6393
281214816
16598
4309
15818
761856
14560067
8057661
334
3
12292960
510
18
424265024
83100
65115
190258
353
11377152
14
1454
1193
249873
70
141268
7
5
9
1511
12
282856
48759252
450970
6
2256585728
33414148
832
6638178304
6408425984
22862
1338
16661336
5449937
416
2
23535746
2177
338
38185704
203166
17
31781780
32551892
2134
7
11957031936
4013190400
374505
1169
3982649344
269930
555355
8575997
1026
382
1364
6012778
4917597
139
1
8539040
192
203
398309056
23072
529
16571
54
342920
1194
0
123120
326379
3
0
118996472
28754708
2039
5
49246324
1140
1359
77659
2
1
7
513687
396541
6
0
220226
6
11
77043856
3292
3271
6967
14
21971
0
0
1
141
3494
885
0
0
3874
0
0
213038
8
15
22
0
7017
0
0
0
36
0
1497826304
14640132
324
1678637824
315731200
149927
597
264704131072
157477142528
11408792
190961
339237830656
12151370
21765736
1092905472
70715
47588
27586
3145503488
1864923904
94216
506
2663597824
172341
99628
276554809344
13786524
13004345
19354996
24916
132337848
10507
9065
4564
348819
15620463
6920577
711
7
13481668
610
662
3437392384
54295
134456
115315
85
11221367
177
524
481
241752
23
312452
13
11
16
-53
3
41148000
194771
13
38525712
18929100
1848
8
1357608576
2336483584
139113
953
3380274432
74195
104432
3958270
662
497
709
8415542
25098672
1224
9
24095364
2335
1611
5859156992
183832
398600
314018
806
857042
128
98
168
15979
74701
120465
1
0
166411
9
7
29565502
2721
2860
1072
4
198982
9
8
27
2670
0
1320
0
0
0
24
0
1056675392
2597571328
31224
1082
1964305792
78357
52210
163355623424
4086284
8675361
2821502
20797
2765237248
74598
41807
87165
8068138
4108
11032114
377
342
462
43980
724
2
901689
4362698
-15
1
5035149
94
309
500516384
21501
5893
29572
122
6166479
180
19
419
37450
4
18482
1
0
1
229
1
0
332326528
15827
10899
12551
1668486
3564
29
13986
1980914
329
0
321743872
1713151
167
612206400
312455680
11471
0
1280686
866648
74
0
1211402
50
40
2013536
16561
0
5133073
656282
193
0
872729472
63027776
6101
84
694069248
51972
29645
982948
125
33
76
423465
206523
8
0
480293
14
1
34358136
2213
1077
2258
3
13238
2
0
5616
9414
0
0
4945291
1318451
108
1
3151509
184
114
9559
0
0
0
28982
18056
0
0
23471
1
0
6916585
258
83
215
0
2087
0
0
0
5
429
274
0
0
216
0
0
24125
1
0
3
0
231
0
0
0
1
0
144187952
38680
93
392777344
268945696
8397
0
20851222528
17523793920
140629
4830
32344334336
2141757
476593
72827584
5988
1672
2730
187332320
88099056
5076
98
76993376
9860
4366
60233060352
953893
568224
2155032
3821
19100816
1638
425
1988
145656
860650
520389
6
0
928648
60
27
64837992
18651
9489
17377
5
998939
55
35
50
13531
2
15133
0
0
1
31
0
706166
14222
0
2531158
2341353
44
0
248264848
152505808
5205
54
339861600
8956
6898
1321029
54
29
52
1375288
325529
17
0
3363730
14
90
376040608
6392
6950
9723
1
192503
22
1
27
892
9240
2930
0
0
16649
0
0
2923872
114
52
72
0
4490
0
0
0
59
0
394
0
0
0
0
0
115494064
53835096
3259
30
24822588
10819
5494
29870454784
353461
406071
357178
2428
57412568
8863
6172
6733
1822110
1045
685266
32
26
11
4665
75
0
585825
18654
0
2103992
3026034
86
0
222398960
169406704
6079
51
129683568
10511
6057
2324181
84
26
89
2459299
2179860
84
0
1308245
105
115
192844832
20006
6786
18491
15
161410
11
7
22
802
5859
5473
0
0
15614
0
0
984901
105
63
167
0
19087
1
0
0
280
0
307
0
0
0
0
0
147324992
37310252
4111
62
154628640
13252
8112
8508868608
2015657
475487
927289
3241
129949048
5857
4737
1629
1803812
468
1054596
18
26
25
6999
35
1
814982
1192821
70
0
2380526
123
98
261420512
5874
9670
11605
26
287080
90
45
113
20227
6
14524
0
0
0
84
0
0
77254728
6171
3472
4725
430564
7075
15
423556
7
12
28
3159
15
0
1261
72520
18231094
141727
1
1222890240
9460881
840
4551463936
2196226816
97842
-21
15406504
11278992
306
2
8861905
665
283
3395445
149150
4
18991772
33787220
256
6
184179200
1414549760
143709
-44
2439400704
172058
141973
13199984
411
105
143
1617075
1590785
68
0
960376
145
157
96793208
8206
9877
14386
54
22428
313
0
98023
73371
2
0
18566660
10207318
1371
2
-955711
990
1147
21716
2
0
3
78504
72878
2
0
72626
3
5
14562410
1714
733
2608
4
2301
0
0
0
35
1681
2007
0
0
107
0
0
101288
11
5
10
0
945
0
0
0
11
0
642750272
3391616
207
1429969280
689228160
43205
513
131057246208
61214994432
5771073
33294
225758167040
9134424
4048718
226686624
20542
7311
17858
1167981312
910276416
28892
269
1121203584
57448
33606
177348968448
4427371
8391496
7530336
15719
115817936
3598
6179
4947
273112
4279166
2287184
161
2
1510719
46
61
1001096128
50471
32464
25219
113
5741134
411
250
773
64039
12
45329
7
3
7
614
4
6216171
63754
2
9111514
15104078
733
0
1641537280
1231580160
46428
175
2392812800
124822
13919
2667451
124
289
347
12258070
13707758
217
2
15731355
924
348
1500197376
161360
94592
169984
359
398314
42
63
111
4521
82942
53542
2
0
106751
4
1
9437916
517
94
952
1
52393
1
1
3
1391
0
466
0
0
0
6
0
717772864
461627136
15661
225
663392512
39641
31697
64660103168
2670667
3525512
4068395
18340
855547968
24710
21196
31981
2503377
2325
3863935
19
130
185
39068
196
3
4015210
88280
2
21513896
12679323
11
6
1035890048
1078818944
30263
303
1559273728
169597
49922
4644144
222
283
106
7863606
7167899
489
1
14374682
687
587
2466558464
219326
142823
183502
287
2038056
10
74
92
2064
88124
56595
3
0
31183
6
5
11497958
1435
-120
927
0
103942
6
3
5
1141
0
186
0
0
0
4
0
937254720
19876344
10885
248
193740176
36556
47529
96235569152
5779793
3332134
4011644
15352
616368448
13345
-7784
18841
5322883
5330
3494780
91
100
184
13104
399
2
14803524
9279174
397
1
8740102
551
430
870071360
62955
23705
91120
245
9874948
455
124
154
55478
44
45521
1
1
1
496
2
0
339712640
15643
33532
40061
770639
22082
71
1117236
125
74
115
4296
43
0
3308
681440
8392
0
1010158
722207
3
0
109431656
123715600
1863
33
162590160
8626
4116
763189
12
3
52
941806
290290
18
0
1572623
88
24
156646224
12414
2379
10304
21
96862
6
2
6
448
6507
3349
0
0
2660
0
0
1547431
96
27
86
0
4938
0
0
0
146
0
34
0
0
0
0
0
51185720
78818880
1211
18
76361152
5033
2952
3063648256
226235
106810
513511
2011
56826324
2145
771
4329
1351314
617
-102673
20
14
8
2047
8
0
804130
433984
13
0
964848
60
35
54250620
6051
2931
3318
5
686068
31
10
29
3039
5
2701
0
0
0
16
0
0
24777762
935
1342
1337
259760
908
6
673338
448341
23
0
1549960
63
23
36990508
6385
1867
1674
8
544136
32
20
24
4607
2
1577
0
0
0
17
0
0
44627052
1505
1781
2745
161950
573
10
444330
27
12
23
948
33
0
1789
5
5477861
4185
0
8243291
4199393
212
1
725328640
872497920
35361
179
459706112
43633
28643
2519142
73
134
193
3605689
4922145
116
0
3302325
246
227
1151806464
13269
32377
14830
91
822923
25
26
25
2402
28530
17993
0
0
26836
1
0
5211607
139
10
325
0
17676
2
2
1
633
0
354
0
0
0
4
0
297620064
357767424
3539
110
142353680
12488
6657
45697843200
364387
1397266
2396926
6080
344711552
6406
9667
14719
1479078
1542
2936271
47
26
54
11567
45
1
7533109
3818015
151
0
3340169
157
148
449011424
27424
3663
13443
66
2223702
246
26
143
7070
15
12109
0
0
0
129
0
0
240808416
6205
908
27654
1032130
16664
60
1762658
2222936
173
2
5743277
202
157
291797440
19092
12173
18160
65
1600351
148
167
157
17651
20
10518
0
0
1
189
0
0
202036128
10678
13697
3806
1210803
12663
59
970557
151
152
90
8167
59
0
9591
36
473340
159500
3
0
138217
9
9
35770436
1353
648
940
5
444549
26
3
18
3227
2
1318
0
0
0
22
0
0
22722196
1083
540
1179
111558
505
6
166886
13
11
7
1866
12
0
386
263442
6
12
5
1500
10
0
753
3
1132611
2120369
56
0
1336763
55
121
208107296
15771
3610
4974
18
141449
92
57
55
16010
5
7584
0
0
0
76
0
0
35703232
3666
4140
5232
632697
2804
15
1116218
66
55
58
4349
44
0
-214
901375
24
6
96
3232
82
0
4339
80
40909
2
5
5
501
8
0
192
2
4
799988
22
19
32
2959
39
0
1239
10
17
2
5
