67543
33771
240833
22039
292084
2207076
78015
124501
1625483
9922087
576500
741686
9121
459925
2447
125435
1409487
51016
10644985
791985
2676500
16885
126403
11300
147469
1117093
39971
60727
5681
73136
555992
20079
91212
581443
7851156
1189906
147900
953
65350
1410608
12680
97905
6513622
173638
1886
1249776
5179
351425
9243244
304048
77554
546467
30898294
5172535
1020719
12205
33126638
6268115
2368814
10053
56672
5272
42647
3596249
265121
921
10065
5030
4379511
75417
875045
6173781
28950
2788
36577
273698
10095
45594
304311
4006353
1678049
77251
490
34091
729281
7505
49083
3409005
98031
1063
737583
23439
154807
2171082
754756
37404
253
17502
379436
3618
24815
1776527
44223
583
371619
2251
306841
10565555
944157
55558
200180
25112138
9275860
368284
8375
72539800
4951314
4522666
3296
42925
904
23369
4732492
43149
1171
912756
2207476
58700
7475
5007860
3746
14731
165693
90536
4106
118987
32599588
2451058
210990
9846
47507448
7517579
1316981
10361268
3570492
342465
35328
437208000
24978080
9266390
604616
10600
80081800
3506
154955
5495
117
31039
1578381
25508
4088
2570324
2858
1429
22367
3374499
13758
83175
1042701
281413
24215
145
8829
197485
1996
12815
878126
25256
669
198887
2012
182160
4736589
349762
31920
101433
12155756
10535644
193052
4139
30042594
2914886
3744432
1918
23863
544
11439
2438195
23137
719
478583
1161546
34961
6197
2371338
2670
1154
88977
2639013
395774
16241
57388
7014505
4191012
114217
2635
25306124
1704578
1615153
1037
10110
342
5634
1202602
10763
399
247826
582870
15492
2947
1141037
1082
6612
228768
106493
3633
102623
37801704
2004791
243101
8786
35412464
6813143
1765246
9086412
4659453
160789
46739
412627840
22414836
18680708
1396741
10135
45044824
1442
139845
3448
71
25701
1621170
13587
7097
3266121
3202
4665
1544942
3291
5157
833537
1227993
5963
723
2741874
141830
189279
10656964
1161456
83996
32925
353851840
23295364
10279160
629676
5987
187440528
15242
104527424
8244086
12366496
4691496
49300
772240320
2304492
54568
2222
945
167168
221
1383
1110889
3683
4346
573
46348
1523904
244474
11327
28901
3483235
2390414
64932
1150
27002642
1097532
-257021
801
6700
167
2784
645600
7526
187
119041
314332
7714
1336
694459
1363
8044
146175
218777
2775
54481
13548776
2765595
131282
8142
14541862
4293274
1684328
4598765
4757303
79791
44031
372955648
8462268
1565686
974419
11448
132126880
910
54410
2041
90
32291
836652
6360
4522
2071258
898
2893
876329
14745
3618
50701
80920
654
29621
10159475
1518745
93893
3765
24806478
2232975
572378
2335117
2254851
45870
23593
218907680
6716501
11634504
314799
7893
108388464
460
31157
1115
105
18226
392064
4134
2055
946103
601
939
540480
9407
6067
1228688
1048608
30337
1724
9478976
206171
346207
12365988
3858202
131460
65138
410951744
38050016
14333196
554532
22935
234393472
17390
171766192
8982119
11914804
1201512
150538
706518592
2365642
64736
1796
555
275970
297
2492
1291820
10208
10397
275598
385762
5293
11125
41881556
774825
1314252
72777
2188
12175668
24482
129599712
8621792
3208545
3062594
72264
389830336
1604205
4866597
45620
594570304
24134458
424
59833
1159
1585
3366
42807
113569
1566
15699
6850907
1237706
49620
2866
23455126
1152203
399971
1563439
993538
35897
24610
23814808
3877320
4953665
479684
5949
36142668
343
26564
991
44
9916
205827
3321
1243
731850
481
398
198896
9921
2656
867863
637863
11076
419
10138006
63445
273721
6901193
2698100
69440
49695
544001984
9644676
11079297
274466
8174
176158400
28312
195992608
4039762
17151850
7553398
161390
479468992
2119608
27877
1443
694
83919
192
2159
875546
372
5365
1615
320591
590060
6903
444
713760
87859
231596
4152638
704430
15313
19413
316296512
9180548
5476667
420304
10635
102064208
9201
130804168
2120862
1273346
3345062
139305
816347456
2241721
23212
694
532
66152
52
830
368015
6145
7892
564911
957722
10778
9953
32850528
2128649
1393941
259467
1814
32545284
32970
305074016
14612575
-838922
10655989
165399
924132096
2748840
2465438
20731
207859264
17138958
741
57824
2987
7216
3280
25655828
754806
1066752
1287234
12585
98515496
465382
1829640
45794
590241728
11964149
13187011
598
1906
154514
308410
7336
479
3645362
68009
141880
1925432
895332
22723
16438
109816072
10287727
1791126
266184
5641
38031568
13484
32096772
1793860
1074748
3428079
12007
369302976
226911
9064
621
220
58845
460
653
262011
2963
6075
396991
541723
2930
7822
168339472
1793446
2644165
131057
2702
32888384
9945
206996672
7633586
2262143
4143055
106128
1451360256
737584
6466315
80136
865337664
33865952
283
55662
1421
2077
190546
179441
2375
1301
31696024
336803
1811250
125039
1560
8076553
7038
198592736
3222270
3027445
2216555
-390
519173184
403958
4482894
48142
586974464
21527172
294
64895
1713
1336
7104
44055616
1148164
1604045
1706875
13977
390559520
728995
2278023
78894
902970624
9664000
11793678
1509
956663
9071
35011112
2631859
3137719
136224
505420
1296
2487
16765090
765369
1410566
184951
1846
10690126
6874
38195280
1980524
1474415
3205091
35407
808268160
517346
860085
10833
159245968
11453064
282
20480
1239
1784
2901
53497092
745766
943792
653652
13687
124638368
435665
3783749
55114
847948288
7534204
15310524
1247
1450
11655624
409418
1658110
458782
8133
63076844
320296
1724774
27491
376170272
6465249
10981817
340
473042
10942
182626192
4957693
8542893
2870810
1460
13390742
226788
1338570
575608
5227
86879800
298875
1061296
17742
286065888
7019391
6566952
395
594079
4733
1627720
4864867
7593636
504591
4998
8752055
1804342
4292627
2863026
168687
5387
37863436
1249922
2688178
1614451
710360
569622
