67543
33771
240833
22039
292084
2207076
12
124501
1625483
9922087
576500
118
9121
459925
2549
125435
1409487
8
10644985
126
425
16885
123629
11181
148719
1119690
6
60727
5681
73136
555992
3
91212
581443
7851156
1189906
23
953
65350
1410608
2
97905
6513622
27
1585
198
5179
351425
9243244
304048
12
546467
30898294
5172536
162
5625
33126642
997
377
10053
56672
0
42647
3596249
42
1008
9511
0
4379511
12
139
982
34694
2915
38730
288355
1
47521
300875
4070679
1677007
10
558
34314
744504
1
49131
3444910
13
1339
105
23439
154807
2171082
754756
5
253
17502
379436
0
24815
1776527
7
736
59
2251
306841
10565554
944157
8
200180
25112140
9275863
58
11434
72539784
788
719
3296
42925
0
23369
4732492
6
1359
145
2207476
9
14380
797
0
14731
165693
90536
0
118987
32599588
2451058
33
9455
47507448
1196
209
10361266
3570492
54
42283
437208032
3975
1474
899489
1
12745
3506
154955
0
133
4
1578381
4
4900
409
3518
0
2
537
11934
93463
1047413
424112
3
165
9811
187004
0
12899
890728
4
551
32
1229
166110
5387439
501851
6
102948
13899995
7333758
32
3319
38768516
559
281
1863
21059
0
11149
2650091
4
749
79
1166552
4
9346
359
0
1154
88977
2639013
395774
2
57388
7014505
4191012
18
3032
25306118
271
257
1037
10110
0
5634
1202602
1
299
39
582870
2
3047
181
0
6612
228768
106493
0
102623
37801700
2004791
38
8393
35412496
1084
280
9086412
4659452
25
39436
412627712
3567
2973
1343900
1
7169
1442
139845
0
173
4
1621170
2
9382
519
0
4585
245
1
5157
833537
1227993
0
373
2741873
22
30
10656964
1161456
13
29545
353851872
3707
1635
444630
0
29832
25276
104527440
1312
1968
8721996
4
122906
597
54568
0
274
26
0
1222
176
1
0
536
41421
1534339
44821
1
21163
4196998
3543881
7
1608
6304835
153
239
525
6298
0
3327
624259
0
224
19
355326
1
2874
88
0
7271
121738
120917
0
61215
20930434
1452549
29
6653
24410166
820
161
4281374
2444162
17
27546
119461848
1145
1112
1632461
0
30259
763
69892
0
89
5
806036
1
3767
425
0
2150
159
3
3618
50701
80920
0
29621
10159476
1518746
14
2631
24806486
355
91
2335117
2254850
7
37840
218907616
1068
1851
451359
0
17250
460
31157
0
102
2
392064
0
1784
150
0
1986
86
1
6067
1228688
1048608
4
1533
9478976
32
55
12365988
3858203
20
73482
410951488
6055
2281
535431
2
37305
25810
171766176
1429
1896
4834967
11
112446
803
64736
0
496
43
0
2239
205
1
1
275598
385762
0
4562
41881568
123
209
175466
0
1937
13108
129599728
1372
510
3252780
7
62043
259
1685098
2
94629
2041
400
9
0
0
2560
43207
95972
0
18922
6114010
1623253
8
2928
49919336
219
43
1510150
1938035
4
18717
145946576
938
1686
301634
1
12170
204
22688
0
84
2
222852
0
1009
125
0
881
66
1
2757
914807
52040
3
537
7613252
37
53
8042007
2587740
12
13896
408425504
3291
1578
699687
1
8045
19978
235995424
452
1595
10442683
22
69577
359
26176
0
1513
12
0
325
138
0
1
1615
320591
590059
1
545
713759
13
36
4152638
704430
2
2452
316296512
1461
871
298980
0
16244
11532
130804176
337
202
6328383
5
129926
499
23212
0
740
10
0
1066
58
0
0
564911
957722
1
4365
32850516
338
221
327451
0
5179
53790
305074048
2325
-133
1882851
16
147081
327
6252735
5
33082
2969
537
9
0
0
1512
25655828
120
169
1357468
2
15679
140
1409489
2
93940
946
1820
0
1732
132388
767593
0
553
7348689
9
51
2189122
752333
3
17028
103983552
1289
1266
229044
1
8789
11037
41125696
650
425
1795827
11
15391
296
9064
0
349
2
0
807
47
0
0
501673
391017
0
3576
42784364
189
533
107435
0
4233
16741
305101632
486
798
3350667
16
143309
344
2704654
6
55992
2456
392
14
0
0
190546
179441
0
65
31696012
53
288
41683
0
2746
2642
198592736
512
481
4262152
6
106593
170
2788062
3
26660
2041
136
10
0
0
2112
44055620
182
255
1957889
3
62159
122
1225183
9
72904
1906
2549
0
540442
1
14082
376
1179
104213
455023
0
2664
9748129
69
53
71737
0
608
5748
93755728
356
302
4544588
4
27098
194
3931895
8
38499
1718
266
3
0
0
3885
20597716
73
1
891296
3
35239
119
1911435
7
74576
3463
2473
0
974
11655624
65
263
1075828
2
10039
17
2502233
2
84626
1479
1216
0
1046768
1
29066
1099
1560
185
1020
14069448
35
92
722489
0
-229
45
1338662
2
52426
156
621
0
1494076
1
-3385
389
959
460171
0
1392
474
436
554
480515
0
10530
270
782
394
152
81
