33771
33771
240833
57014
292084
2207076
137506
322079
1625483
9922087
576500
1307257
23595
459925
2549
324496
3646286
232618
10644985
1395912
4717457
8442
61814
14462
74359
559845
34900
60727
14698
73136
555992
35390
235963
581443
7851156
1189906
260681
2466
169058
3649186
57819
97905
6513622
306046
1585
2202790
13399
909122
23911896
786559
353620
546467
30898294
5172536
1799066
5625
33126642
11047846
4175147
26007
146609
24040
110327
3596249
467289
2608
9511
2852
11329618
343877
3989892
10881579
17347
3718
19149
142255
9428
61467
150437
2035339
838503
59295
721
44385
963001
15498
24565
1722455
77093
669
582801
60637
154807
2171082
754756
65927
655
45277
981585
16499
24815
1776527
77946
736
654996
5824
793785
27332664
2442497
253328
200180
25112138
9275863
649118
11434
72539784
8726923
7971411
8527
111046
4124
60456
12242766
196747
3516
4161838
2207476
103462
14380
8826589
7229
38108
428643
234214
18723
307814
84333808
6340790
962038
24461
122899824
34277440
6004957
10361268
3570492
603611
42283
437208000
44025036
16332451
899489
13729
141147920
9070
400863
25058
346
141527
4083209
116310
4900
4530317
9101
5254
25295
15386496
15437
46731
523706
212056
18203
213
12691
241885
4732
6449
445364
23705
275
177816
1590
214859
6968543
649134
93961
51474
6949998
3666879
181814
1659
19384264
3097246
1558996
2410
27239
1430
14421
3427839
60019
969
1134597
583276
26740
4673
1990417
3348
2985
230182
6827021
1023853
74056
57388
7014505
4191012
201313
3032
25306118
3004399
2846784
2683
26154
1561
14576
3111083
49077
776
1129999
582870
27306
3047
2011132
3312
17105
591814
275495
16565
265483
97791472
5186317
1108455
21713
91610632
31065462
8048882
9086412
4659452
283398
39436
412627712
39507204
32925614
1343900
21170
79393592
3731
361775
15722
447
117190
4193901
61953
24272
14892329
13353
4585
2723033
12066
13341
2156327
3176768
27189
967
7093118
646696
863046
27569138
3004639
382995
76432
915400384
106218424
46869240
1150239
16505
854660992
25276
104527432
14530588
21796530
8721995
45212
1361110272
6615884
141167
10132
709
762230
1346
3162
5065255
16589
19555
693
53577
1984636
57975
22645
10581
2098498
1771940
43850
804
3152417
849562
1324756
680
8146
319
4304
807467
11547
290
278661
177663
8702
1437
487876
617
9406
157466
156403
6135
79180
27073092
1878843
429183
8606
31574056
11750950
2312357
2140687
1222081
94534
13773
59730936
6342879
6160892
816230
3211
167550800
987
90403
5110
115
78657
1042591
19791
4872
6087905
1702
1075
884211
17960
9360
131162
209337
2985
76630
26282152
3928934
428121
6807
64173332
10181558
2609836
2335117
2254851
80848
37840
218907680
11838150
20506362
451360
-3387
191039760
1192
80603
5084
264
83108
1014254
18853
4616
4313887
1164
1986
952622
13771
15695
3178568
2712707
138328
3967
24521726
940068
1578579
31990310
9981014
599411
190095
1063115712
173494288
65354188
1385138
74464
1068749056
25810
171766176
15831404
21000406
4834967
132798
1245272192
8903077
167471
8189
1283
1258323
709
5792
5890232
32613
12532
712962
997953
24135
11802
108345872
3532924
5992512
453925
10793
55516612
33911
335269248
39312248
14629799
8414810
223466
1777484288
7426048
1685098
30975
1047958336
22603294
1036
272818
12751
15032
3312
55887
124138
2043
24476
7908348
2099646
126270
3787
64569656
3145995
616029
755075
969017
23837
9358
72973320
5194291
9336902
150817
6476
67391512
264
29347
2758
109
32660
288255
8250
1306
1803878
613
440
370880
5936
3567
1183284
67313
44231
695
9847577
542960
762656
10402172
3347189
175581
17974
528289920
47145780
22612020
905030
23415
115245928
9989
117997712
2504157
8834676
5221341
126435
385260128
1990515
33859
2876
1957
184717
654
420
1988317
14205
8007
4180
829357
1526461
31475
1410
1846470
400609
1055998
10742706
1822333
69825
6343
818246144
41859976
24971620
773450
23823
465375648
11532
130804168
3738119
2244331
6328385
63303
1438850560
5535557
60050
3165
1916
301631
842
2758
1678016
20738
3930
1461403
2477588
49147
11292
84982928
9705872
6355872
847104
11184
148394752
139152
789214080
66628040
-3825168
4870862
463704
4213708544
9393723
6252735
63296
366361792
32882504
1391
263657
14703
17782
3912
66370592
3441644
4864004
3511715
60500
449195168
4033593
3646290
65373
2691288064
27111578
20161308
4662
2241
171241
503388
5167
547
4733548
135197
723564
2831587
973128
44936
20348
134500720
18469388
18135292
483559
20157
125902864
5518
20562874
3599607
2355336
2343542
66208
85225024
1640006
11724
1047
559
37845
699
1044
673490
3075
4140
648904
505773
7576
4625
55340728
2716070
7635897
90865
2583
60642000
21654
394642784
6967584
11431668
4334019
242106
2052834048
4932509
1352327
34124
310037728
13600043
507
214679
3853
11486
492935
464206
10830
170
81996336
1535700
8258649
155892
7619
78685032
6836
513751424
14692383
13804060
11026011
199773
3053778688
4896423
2788062
43833
295245312
22611036
352
295898
11923
8433
5465
113970120
5235213
7313869
5064983
109502
1780809984
3495189
3169505
283830
2088644224
54618384
28231212
4276
1398103
30744
403437536
10773949
33791416
134797
445199
2825
2530
28733322
1002287
2419400
212348
1552
17908728
7434
121271128
5102993
4330566
431384
61665
388166304
1639753
1243317
48597
213177632
15846924
345
46691
614
1325
5025
26642732
1053259
19009
908647
52840
504781984
1238198
2472401
100630
1068266624
49617484
13696379
2956
2519
30152632
1866801
7560383
2953632
60776
287607520
1461752
6473176
76388
2424464640
42379448
13476959
1886
2707946
49653
832709056
31501174
44713192
5318113
1320
14077529
503471
1953148
1088797
6369
223147232
745762
1167739
37698
750974208
1152974
3439884
333
795550
20774
-48491080
12074417
13744548
1229507
19313
39906172
5596478
12502184
15875722
621536
12701
150841760
3881159
11202670
5655581
4380341
1164487
