3526786
124501
1625483
9922087
576500
1307257
688
9121
459925
2447
404593
4104282
35197656
2654621
125435
1409487
89919
10644985
1395912
4717457
4724
2065989
8908207
177401168
5056967
3689374
5179
351425
9243244
304048
136693
546467
30898290
5172536
1799066
12205
33126642
11047846
4175146
258
2907
23366
2455
21361
10053
56672
9293
1375036
42647
3596249
467289
23444
921
10065
8867
1100992
29539130
417047
104129448
4328161
36699544
4379511
132927
1542309
10881579
2069
10302
111674
806786
13874
44232
7298111
265925568
7234448
2491816
3001508
610973760
77816832
9442808
183316
759986688
217366496
37210908
14731
165693
90536
7237
118987
32599588
2451058
371880
9846
47507448
13250086
2321240
10361266
3570492
603611
35328
437208032
44025036
16332451
604616
18683
141147952
71
931
30900
618
1960
53888
15295
329
66556
44783
610998
23862
3506
154955
9686
117
54708
360513
37776104
1508001
1578381
44960
4088
4530317
23783
69834
49205
2858
2519
39424
100812592
1237581
32585594
114243008
5947713
485
9250
377381
169599
6081
4829
490696
2868268
104219
2322
22494368
1003623
2654282
180114
4656263
1370651
113966
2497088
940412608
52955888
8852087
239905
1345573632
301097312
54476148
197744000
28580896
4526868
1072712
6438317056
738849088
495389056
5569590
312275
4374248960
5157
833537
1227993
10510
723
2741873
249983
333614
10656964
1161456
148048
32925
353851840
41059176
18117504
629676
10552
330372736
15242
104527440
14530588
21796530
4691495
86893
1361109632
4061776
293
4271
418
774
174460
9315
229
83419
57193
1659
3230
1253232
3526
15899
2174114
77422
2583
902220
54568
3916
945
294643
389
32607064
440590
46498
46207292
1383
1957995
6492
139394
45136
132371
7660
111803544
940
23921
96809
2360
4214
1821777
2407081
47536
1043
27954930
1664608
772977
721230
1729865
85170
23909
167313136
6454681
13175726
471011
15904
174302000
51571
16995220
14184160
402760
8741
188943088
7276298
7763175
327682432
40417440
4114110
1545740
5295409664
1531356160
173866240
20570852
1166962
7029497856
308686
3415233536
322562208
29236304
104399608
929102
19423363072
49337744
275598
385762
9329
11125
41881568
1365666
2316431
72777
3857
21460174
24482
129599728
15196311
5655212
3062594
127368
687094016
2827487
4866597
80408
1047958336
42538120
189
29535
1602
51
15146
19801
3377
761
741189
-128
1639
350031
9743
983202
39891
14348
5113917
6956
424
105458
2043
13133
44231972
93157
2794
70669
1212
68869
663320
5985
593
5234737
188009
362737
842955
720947
36237
11973
488024544
14804040
12121285
274677
15073
101358784
-453
136031216
3432567
7894096
1967481
61932
429189248
3801218
7833542
9284278
197208
104573
1240970240
44351300
24177352
1922067
26264
359046784
651495
1174794624
503010560
245790944
60963744
8362428
64654020608
15829559
1648626
1484553
11836550144
80787384
3280
25655824
1330382
1880201
1287233
22182
173638160
820258
1829640
80714
1040329152
21087384
23242730
16319
1088
302
103470
128
317
110221
8715
11666
4325
2202086
36075
1054
130989
76123
91436
1511
1142
34352988
920542
2093021
169772
414
32680780
11208
93975688
9301539
3652429
1850953
45870
850860736
845561
2295789
16959
731789568
28834434
62430
658268672
17496034
35440908
8842185
517243
6187899904
7145786
31033232
2520439
32562573312
610785600
122319392
956664
15989
61708696
4638776
5530377
310
39460
4116
3713
5632
2814
15136581
925894
1459233
879785
22716
242210320
446822
748433
66789
748739520
6596997
14523403
9030315
263539
3933963776
109299360
128101888
5059939
1718
843381
3400
76072416
4731391
3443750
47297260
2628794
