9840
124501
1625483
9922087
576500
118
1
9121
459925
2447
1128
11451
98209
0
125435
1409487
8
10644985
126
425
13
5764
24855
494988
14110
0
5179
351425
9243244
304048
12
546467
30898294
5172536
162
12205
33126642
997
377
0
8
65
0
59
10053
56672
0
3836
42647
3596249
42
65
921
10065
0
3072
82420
0
290543
1
9
4379511
12
139
982
5
28
311
2251
0
123
20363
741990
20185
0
8374
1704750
217125
2
511
2120528
54
9
14731
165693
90536
0
118987
32599588
2451058
33
9846
47507436
1196
209
10361268
3570492
54
35328
437208000
3975
1474
604616
1
12745
0
2
86
0
5
150
0
0
0
124
1704
0
3506
154955
0
117
4
1005
105403
0
1578381
4
4088
409
66
194
0
2858
0
3
281289
0
8
28
537
1
25
1052
473
0
13
1369
8003
0
6
62764
0
0
502
12991
3824
0
6967
2623956
147758
2
669
3754444
75
13
551748
79746
1
2993
17964314
186
124
15540
0
1102
5157
833537
1227993
0
723
2741872
22
30
10656966
1161456
13
32925
353851776
3707
1635
629676
0
29832
15242
104527440
1312
1968
4691497
7
122906
366
0
11
0
2
486
0
0
0
159
0
9
0
0
44
6066
0
7
0
54568
0
945
26
0
90980
0
129
11
1383
176
0
388
0
0
0
28
2
66
270
0
11
5083
6716
0
2
78000
0
0
2012
4826
0
66
466840
1
3
1314
0
43
143
47420
39576
0
24
527192
1
1
914305
112773
1
4312
14775338
385
43
57397
0
1771
861
9529249
81
7
291297
0
4893
12
275598
385762
0
11125
41881568
123
209
72777
0
1937
24482
129599728
1372
510
3062593
11
62043
255
4866598
7
94629
3841
0
82
0
0
0
55
0
2
0
0
4
0
0
2743
0
40
1
0
424
9
0
36
11
0
0
0
3
192
1850
0
1
14606
0
0
2352
2011
0
33
1361695
3
3
766
0
25
-1
379556
0
1
5489
0
108
0
21857
25905
0
291
3462578
11
6
5362
0
90
1817
3277934
126
61
170102
2
16289
3
4600
0
2982
20
3280
25655824
120
169
1287234
2
15679
74
1829640
7
93940
1904
2098
45
0
0
0
0
0
0
0
0
12
0
0
0
0
212
255
0
3
95852
0
0
473
0
8
31
262212
2
0
5164
0
214
0
6405
0
184
7
174
1836713
4
8
24671
0
1559
1
86589
0
8204
153
30
956663
1
5572
418
499
0
0
0
0
0
7
42234
0
0
2454
0
61
0
2088
0
188
1
3
25196
0
991
27
32
456
0
2353
0
19
1
0
11
0
