3526786
322079
1625483
9922087
1381115
1307257
688
23595
459925
2447
1046666
4104282
35197656
2654621
324496
3646286
232618
10644985
1395912
4717457
4724
5344632
8908207
177401168
12114925
3689374
13399
909122
23911896
1884353
353620
546467
30898294
12391789
1799066
12205
79361160
11047846
10002355
668
2907
23366
2455
55261
26007
146609
24040
1375036
110327
3596249
467289
23444
2384
10065
8867
2848223
76416528
1078884
104129448
4328161
36699544
11329618
343877
3989892
10881579
5352
10302
111674
1932811
13874
114426
18879918
687938624
44835860
6446228
3001508
610973760
186424992
9442808
183316
1820691968
217366496
89145784
38108
428643
561106
18723
307814
84333808
15190564
962038
25471
294429888
34277440
14386008
10361266
8553791
603611
35328
1047414720
44025036
39127472
1448472
18683
338146592
184
2410
79937
1599
1960
53888
15295
329
66556
115852
1580627
61730
9070
400863
25058
304
141527
932633
37776104
1508001
4083209
116310
4088
4530317
61527
69834
49205
7395
6517
39424
260798064
3201573
84297608
114243008
15386497
1256
23929
976270
1051102
15733
4829
490697
6871480
104219
2322
53889524
1003622
6358839
465947
12045564
8494687
294826
6459865
2432809728
328196832
22899990
620624
8339262464
778926592
337618784
197744000
68471016
4526867
1072712
15424214016
738849088
1186797952
13342999
312275
10479341568
13341
2156327
7610550
27189
1871
16992898
646696
2067594
27569138
7198185
382995
85176
2193015040
106218424
112284136
3902452
27298
2047502080
15242
250415264
14530589
52217716
11239366
86893
3260796928
9730753
759
11050
1081
2003
451322
24098
594
215804
57193
1659
3230
1253232
3526
41131
5624347
200288
6682
2334007
141167
10132
2445
762230
1008
84353160
1139788
46498
46207292
3578
5065255
6492
360607
116765
132371
19816
289231232
2434
61884
599984
6107
10902
4712865
14918016
122976
2700
173252080
4306274
4790563
721230
4144222
85170
23909
400830432
6454681
31564950
1128397
15904
417573440
133412
43965944
87907080
1041926
22614
1170984704
18823494
48112684
847701248
250489120
10643036
3998767
32818565120
3961556224
1077544704
127488896
3018884
43565678592
308686
8181841920
322562208
70041120
250109088
929102
46532333568
118197920
712962
2390784
24135
28781
259563136
3532924
14356193
451044
9978
133000600
63334
803201344
39312248
35048464
18980588
329498
4258300928
17523496
11658859
80408
2510582272
101908128
491
76407
4144
132
39183
51226
8737
1968
1917426
-331
1639
350031
9743
2543503
103196
37117
13229497
17995
1098
272818
5286
33976
114426320
93157
7228
182820
3135
178163
4110966
15483
1535
32442556
486374
2248086
2180689
4468110
93744
30974
3024557824
38297444
75122296
1702325
38994
628176256
-453
325888736
3432567
18911806
4713471
61932
1028204224
9106538
20265052
57539788
510169
270526
7690978304
114735032
149840672
11912104
67944
2225212160
1685392
7280829952
1301268096
1523302400
377826208
21633256
400696639488
98104544
3949564
1484554
28356710400
193541392
8486
159003296
3441644
11652639
7977697
57384
1076131584
5083591
11339290
208804
6447491072
130690096
55682356
42217
2817
782
267675
331
820
285138
22547
11666
11190
5696711
93325
2729
338863
196928
566681
3909
2956
212904352
2381406
12971614
1052173
1071
202540800
28995
582419136
24062704
22636132
11471383
118665
5273253888
5240405
5499997
16959
1753140480
69078360
161504
4079653376
45261524
219646976
54799892
1338087
38349832192
44286380
192329984
6520277
201808281600
3785374464
293039104
5928974
41364
382442720
28749068
34274820
802
102083
10650
9607
14570
7281
93809728
2395251
9043675
5452517
58767
1501111040
2769208
4638456
172782
4640350720
40885236
34793560
55965816
681765
24380946432
677388608
793918336
31359238
4444
5226905
8796
471462688
29323040
21342832
293127168
16292094
