1050060
2723693
1
459925
459925
1
90852
16021
3333
4105742
158710
2611630
4104282
349791
468134
76864
1388296
79914
246164
37383
5729
7420287
1092971
3708924
9417738
1298825
2378783
459925
459925
1354762
28532
468424
1370843
29702
82330
90852
16021
212455
137248
20900
35108
21952
1905
18060
40177
13664
8876
5204
688
864831
4147464
15381914
9290830
229844
361219
1173943
763999
8252018
7179594
70720
5243625
94825
309872
3572391
15370
142071
2926958
6765829
20841470
526319
1071424384
449840352
7555751
123254352
929008
5449837
14267868
7560656
567697
3010471424
1554696448
565304960
1517866
1284230
1374489
211531071488
28533
471225
1372625
28186
82057
308077
1410384
3796
3577872
2404031
59203
92922
48133
427630
247065
3766
2219471
2598285
1207561
5887
7066
216805
128131
23548
1455583232
35594
21145
1329
479264
228544
100243
7218
4341861
2394895
231387
100473
31287
6139
311
1243809
435368
391329
3757764
99573
2022134
91621
699798
3372253
147902
3266151
10001
1614511
20611
229166
1331244
2608
256239
60243200
9167076
1294585
4763114
88944376
29653552
6775953
30185276
2441454
3126753
46815044
18064466
396793
17813876
7465912
3642836
18030524
2074275
868156
1444832
3307766
2790692
8117721
2721641
5495000576
3047232256
59318144
543357376
25868612
380170816
276246784
3527679
48674368
127609511936
7815853568
6482923520
725504512
229540480
3254023936
522118240
8853043
680691072
81856496
1133118
5467160
5840100
2572766
4778315
16051161088
7827561472
5431481344
12673144
8216351
1294263168
683616640
567122944
365679
30555549696
7012039168
1337804032
292741408
11445630976
1209875584
1081620608
716129792
847920
703999
637611212800
320299
1382948
638675779584
152707472
220777070592
38997540864
3448
2198097
41395
91344
49153
406620
265145
3425
2545998
2411421
6392
8736
18194
40183040
20624204
1165404
2675805
215367
1612716
684805
10031
49187
46193808
23244308
4563573
10067852
1354056
42229
802086
120052
46188
52862
50665552
43740020
25692620
122815
39832
3409179
1146216
616103
1734
15192640
13992219
3953478
10249540
3803416
1340980
1960963
5157
7743
424528
401491
7677524992
106871
7170185728
7042
2548333
4086579
124555552
16452845568
6603361280
95351
31598
10440
470
1201770
406813
2630170
69138
45360972
28390836
4972696
26843
29425692
16113756
2391675
2628821
910947
138148
33880088
3008440
1208773
194015
7511
12370556
4613656
3562910
2294
4797479
3994413
2368627
108549
332069
145267
6472349
4003286
1403506
28643602
20091524
43413048
7223741
17262908
278368
1847230
13422930
3602806
4097934
4621582
12341715
2876478
10588180
49966
4309673
11740498
904090
1155514
1209850
662742784
253453120
112002584
52109324
43616172
29907038
321334688
43644468
69543104
37300568
176001616
70456928
25246938
62613080
19709236
1212146909184
2051222
8616089
1789446
6520250880
3109416704
17750468
350735648
8447070
1709119872
1222183424
15784692
244952800
1367661346816
29710471168
68474834944
9597227008
2239002624
15207414784
4454732288
127232288
4358254080
441664320
9546935
120329674752
3936601088
3835444736
455530304
62010812
1053704896
449997600
4096847
187283552
24863060
765502291968
1712873930752
62546673664
4571900928
20413693952
1429779712
4417905664
518653792
551014912
237613920
2936474624
310548832
4600158208
1404924928
259641824
10374774
355049152
245424704
38542824
500116160512
4372557725696
6814080
2168073
3831494
7896094720
1529338240
3494181120
6573715
2576905
5636082176
5308493824
3366159104
3710896
115655376896
156206923776
5906981888
1179784064
27173298176
12148179968
4009769984
9616412672
13238161
2122424
4714558464
9917459456
1021374848
416571328
2362295808
612795520
589438720
214575424
728282
9779492864
50140340224
17996705792
9666299904
8207862784
439635840
1445937280
5003053568
-101444880
10682821632
4701820928
1337401088
438455424
737373312
360620800
1304310
1132833538048
2000177594368
3408909824
757447393280
118994411520
38127
23946592
730009
1732716
201088
1561257088
707081142272
117760475136
42
4215065344
46755048
26537672704
41186828288
5503484416
2092082
20119
224048
2784021
1239352
65125
675393
509825
49083
50028
47595032
24530754
129250
47017
2099031
339537
1775
20771224
3788103
1406894
817224
2494
7670
37965068
14771458
35609
1775029
200017472
51460544
68178168
101721376
17308768
1001124
10988351
1683208
201088
15402349
6163959
1527953
2216017
737812
14747
635857
61141
61321352
18727468
24346524
34879224
4042789
6286007
15049034
1133320
65439
640664
1454152
76487
4847652864
14515644
9354150
7386956
14962
216660336
107683696
52658320
90740936
13864874
24566656
9948546
125544
23098
17134000
7578986
1643331
3308314
828559
897048
748473
874
210072416
10205169
21711436
12782119
3868918
9727175
8340584
1155276
866265
902187
1883181
4123
5150285312
2130569
77680762880
29913
43825524
37003476
1881981184
73324429312
31327940608
26865
32209556
13774084
536856448
22668259328
12506665984
3082694
892798
5168596
80426728
1501311488
887780736
67267059712
206835
4520
20036738
3708857
1998
4482669
2602255
143795
61276
3827932
298712
158815984
396049760
54637872
40554184
17174200
-12264
226550672
38174356
35516148
12259385
2519384
1516025
416387136
26887326
18825000
21349198
1648244
1179960
19914020
18984
61279476
21556390
14134906
1669208
2679206
1757311
77572856
95762512
24491246
3003974
1220933
787733
29718752
47916416
25860362
2069001
1831414
560188
20713066
33670960
231701712
30101152
152767168
37941216
20993100
86312016
11195094
4697800
19243490
78524880
33730444
17355154
19171712
6634293
2184910592
644043008
217009376
27556294
94183032
357484288
7956173160448
436860878848
8735537758208
362132865024
2559884
3656777728
12123869
424009504
-412113
786292608
719653120
6056660
156344864
1050803896320
39567536128
20794085376
2435380480
3207348736
1148296192
28117272
1443969792
181264320
6769865
752987013120
23164164096
12352446464
3084152832
1243089024
4837250560
1610413696
21194620
477394816
222977216
13584912351232
4337235918848
712349581312
7004368896
122768654336
92235292672
11959863296
35300474880
6845135872
6157818880
591019648
24589709312
11464550400
2846987520
68209560
1787585024
2495511040
517547776
2815870631936
773845942272
707249831936
60579307520
1276299008
17311414272
1623032704
883576832
2478264576
489531840
219965360
976643712
42054180
111594368
1562961024
276155648
5249101
179287520
40386888
55829012
1154111373312
8852293550080
1204206174208
1457379999744
613429936128
192778403840
5742082560
11405735936
1243234816
42866098176
38110330880
6305901056
3498463744
4635602432
5416619008
525767392
1063650944
129054104
1680706560
1626210176
238503984
1914964992
2250290176
1704901376
507222624
39297638400
3999416188928
2115437592576
29304102584320
161070972928
6787739680768
3716390846464
2360595
4250557440
3231722496
4715925
5243386
3260019200
3628363264
1063198976
2206595
16780805120
62016929792
-135719616
26485250048
5530659328
6219614720
4407982592
4322335
4939716
57422381056
34322456576
6422656000
3499905024
25697163264
4889338368
2363712000
5016856576
3106891
33398173696
624154443776
117347975168
17944838144
55810740224
10838562816
25539153920
2247065600
36660412416
28245762048
3193119744
2916185088
3019275520
2437335552
12043297
14647683973120
4370515968
64756449280
6800154624
6462066688
7094475776
1817382272
443614784
2072145024
480416416
2697125120
2743636480
683932288
271416192
328265056
352438016
242137
5455342592
44445548544
4320594944
31311353856
12491415552
16195471360
16134303744
6536726016
3012786688
2352998144
2257038592
534831712
4612187136
3796030720
461688768
7693952000
6945872896
1723762432
1101867392
351721029632
6154363600896
5158850789376
35347705856
2484021493760
412309913600
2386189312
7310870528
1043875758080
197979963392
155559477248
18408685568
20627820
88016
2013642
415411168
50123048
1242213
15682731
3984050
220977
12559744000
1420870942720
1122540978176
78644133888
170400989184
14152197120
598682496
4907998
877271744
646271424
232745568
23315589120
6641903104
5443342336
5344074240
4680411
2522572
14139
573051
160181
15221997
16078568
2332565
50554
1857583
1135402
246395
3507314944
26166240
8900435
15227
119433792
7732770
23574212
14496831
50444
35486
7768774
1426182
780303
757607
639
10806865
29138508
3406632
1771525
1889311
1641272
3017
4302742016
48446616
70325768
10672874
46625440
11842928
393538
10700366
1561016
75637120
308825312
343187392
172771888
67165072
117245120
65531416
43698700
952757
18655554
7795912
1024826
31185854464
54877252
9502517
6135247
9633634
1084416
5419048
2899027
342959
17621
514327
583605
131087
257072864
93025152
17825492
30283758
4187259
14780589
3711278
11173771
3908863
8941274
879800
820624704
10143790080
1051485184
86759408
192234608
31430718
101017520
12125389
11597876
8403934
16199
3181520640
291547968
137333632
241531920
37016724
186020032
82462680
18714614
23314138
7869583
18126124
73541
23797686272
32530580
4501309
6555422
9871873
1222922
2243668
2446497
1303834
780303
287107
545061
719
142879808
55919288
23002848
10945816
20805576
21240942
3406632
10709642
7190330
6295641
1781971
55950464
15810377728
5235290624
370033
326152192
154277136
10257840128
163409592320
136134868992
36856936
12957876
41852896
349371808
14213620736
1668077584384
366260420608
15583358
6476458
3974516736
213745840
5288121856
5461766656
108550733824
7412996
560197696
602065344
2028030720
22281
75379616
19650460
3305154
3970223
75282336
2413642
1506860
70817768
324685
225469968
148011680
15172832
2835003136
281826400
172504480
208306048
18917192
9152198
190170784
227744608
16730237
9863008
189850128
11984431
32742476
10566819
12039517
269159232
411082816
34814736
13179063
16130362
6301769
157253920
8167299
8065069
6237714
98701240
24709914
1663349888
198995984
244843056
141740864
108557352
81983720
2057745152
892946987614208
1709307330560
46628283088896
4195032760320
44084203520
304411901952
572057649152
128095338496
2056433434624
1018957594624
1463195136
11827405
32139906
491627872256
10961824768
2509905920
31508108
1699534592
83095832
7330757
321718386688
16281938944
10422863872
1337740672
4046031872
994535232
24839624
891068736
41506672
195480387584
3685040521216
1077757280256
133542666240
19849797632
18267965440
13588611072
3233610752
10344629248
4736869888
773528128
39578796
1281715712
1251766528
83095672
401931665408
529080582144
643103391744
869317541888
6048111616
1734081536
13736813568
8016066560
11074330624
3394722048
4692603392
654070912
3767556608
6707014656
1575590400
25503450
618624256
827397248
281471104
9053713465344
7581244325888
15615282642944
2816736231424
3129540608000
1933938655232
104692490240
5690053120
100291616768
174728036352
16267853824
23243689984
26291042304
17968816128
5674871808
8754045952
8758374400
1825012352
15606623232
13473680384
19880273920
4240412928
287247794176
21093477777408
12480642285568
442789363712
1497030328320
696130469888
627798441984
274512789504
45867954176
1666758912
6508577280
1202578944
18841409536
32436637696
3166298112
2839314432
1545393920
1180166016
444401152
612521920
67669960
831034880
1035300160
57036344
1898861184
1280500992
643156160
74115216
18643079168
363795578880
5709619527680
1141854699520
8163162062848
9245395255296
646201671680
113669111808
126766694400
1265851695104
355546333184
28064372736
913281408
5048510976
12427320320
4349919232
29825507328
25987020800
13504925696
7203904000
613017714688
1658421120
2237417216
458188896
994994624
768359552
374121632
391979968
1223974060032
830152686698496
16482478063616
537288409088
13987018178560
119969526317056
21856924991488
277636481024
445392486400
183008591872
742510690304
7662687223808
3549630038016
2278552320
1306052864
2100964
44546482176
3921194496
3913942016
6182387200
9933785
2676339
43901779968
26195595264
3930716160
13450302464
2859886848
1735757184
1022574720
1563936
272939843584
65471938560
94971985920
11624613888
6900929536
18698272768
18617528320
3473486848
4481197056
4356464640
4978837504
7355966
10816891912192
15634130944
266115481600
31394723840
39063633920
21201928192
7564955648
16149544960
1218394752
33547732992
38429507584
1275461376
2999836928
1330110976
3236210688
2410362
353246773248
51114979328
666677018624
700462530560
54447726592
103415414784
103453696000
104479571968
8952522752
6364417024
29911445504
2997321984
48687124480
73430425600
43299209216
855018240
5348644618240
60472321638400
26687894978560
3380104192
24746715136
7399739392
40109494272
21916753920
10087565312
6837748736
1589921152
3691186944
1029102464
3198603008
450059392
1597106944
989437248
207112160
1966685952
315433440
1257608320
753890752
235201003520
50510872576
10337958912
25020690432
37827956736
8560146432
115041705984
85535055872
38997815296
19027906560
922919698432
5912381952
6464129536
1530183808
1825616384
5466591232
4846780928
591048512
619193237504
36294386253824
1503730597888
4091050752
150140321792
37016629248
1008675323904
703976701952
107757322240
9879181852672
44684500992
18654474240
2163584270336
2665798400
119520829440
26930302976
58207682560
14493046784
56157456
25841472
104452
5434320
785336
197774256
115563056
7449283
834291
9599318
11777719
4209927
19899471872
3145999843328
1237478528
22098214912
2927971328
493455376384
109333970944
37828349952
59840188416
19724421120
31100567552
83773865984
18137020
1761800192
605054208
635889152
61138272256
1198917812224
8991883
13046394
986894
13846
589985
412289
89646
16541921
-845235
13413772
5037124
55900491776
7030444032
216744432
16692303
9657176
6324276
17372
321365888
156795600
26995584
24883750
26967058
17658130
44623
27523725312
8129448
8231563
1841762
857984
660583
559734
898
17051544
18072972
17952322
4073199
450832480
8326432768
160052512
135035440
79301544
31390756
16072380
45568984
31877306
8030049
143144
9055659
2339604
1568945
1077566464
1297321344
164310992
290349088
47281640
184514496
19306224
103990096
52158280
54119724
19168888
436248150016
190484578304
101796487168
61449264
2764395
9332705
16584690
8096867
5184428
1473817
5649648
2178890
2274251
573558
137986720
123378720
25134692
139752480
25754626
7744306176
4066151424
99360620544
899262016
111760368
102212848
190093600
8976245
46689216
38541196
10983326
9657171
9922334
8098347
15667
1768602240
1547123968
129095088
150974144
315171904
68934128
26528204
92310880
104490984
39379512
14766005
10038992896
44646379520
42287857664
28174652
69916296
19668882
8129446
8676988
4318344
1330310
4256946
3187599
3289059
714672
148607712
195820704
8767030
102532096
29893558
10300071936
324162944
-7112158720
67574656
32642390
32211173376
2903377920
95039545344
34360033280
1840302653440
255266400
1050157824
3015966720
141321469952
29915702
-3117723648
2503550976
16648920064
6630817792
34248976
17116962
472432640
41602968
23641842
1802816128
119881600
73235528
2400843264
88569184
93661296
198803904
60742560
127010624
2135619200
199912112
162149472
559511808
165947159676452864
9772064210681856
1549409988902912
246467870720
6169634621358080
5285040095232
35957164212224
33543010910208
9558690889728
165062639616
66878291968
318956216778752
980486339952640
258293465088
11641620004864
3281392238592
696961597440
495168520192
632749621248
15172663296
2853466368
8384502
237071840
159825424
6287288434688
981365686272
12951337984
1548778240
2517804800
23054342
872209984
1640592384
73496032
1877486075904
2012274622464
1823044009984
181559083008
18594476032
6699067392
7088481280
12773988352
785064832
8687464448
6019657728
889229440
10791096
285578592
478689728
159825440
17826008006656
3659284611072
3365285658624
5027936600064
810166779904
140230541312
126700716032
13158236160
14055535616
23030325248
21583863808
2517804032
8895489024
7933322752
8836974592
951530560
347986919424
8911664971776
7498071277568
2612071235584
34606868856832
6893139394560
2020188094464
900399104000
1202996117504
76064112640
5284320768
181993472000
30633107456
17004311552
15489702912
16375605248
12852664320
3512158208
1979029504
3074375680
612909248
6946795008
7646995456
6945508352
1195813632
19336916992
34722480652288
3302613319680
35103229083648
23312453337088
6639332622336
7659794202624
4567885938688
2817484652544
2070174236672
31832621056
96073334784
24839782400
158683201536
166814138368
114783838208
32019144704
4160808288256
4427088384
11914131456
16770609152
1503430144
3676124479488
4311478492463104
238257086398464
6311123091456
347118796800
1452164775936
279201185792
1520257466368
3209210888192
618127032320
561455169536
574237114368
892091629568
81731444736
8872735744
1012850368
17643900928
8465363968
1150711680
26740373504
11817686016
14907136000
1997550080
488015659008000
566731904
1069239232
263650048
599873984
865326976
765698880
141761424
125974217752576
5717817819136
289196965888
5130641473536
3578804305920
922543194112
8357753126912
2015728369664
7087587328000
1290246291456
248970345447424
38689509376
4604789248
2576649728
19408113664
5216697344
26174851072
4990256128
9808357883904
1787981056
1781045760
887809664
232449888
92622635008
3086260419690496
5128046247936
1035115429888
101146161053696
93831596867584
9362353422336
49212469280768
81345481015296
12522468933632
1359716941824
372143357952
2531257745408
687568966385664
494412005376
8187318108160
2853651873792
7351363960832
4112585326592
19380510720
2502501888
1521212416
1617767808
2201601
8957861888
57043894272
6728566784
1023790720
6866050560
4198769152
5332521
4825646891008
194149974016
27508314112
30570549248
32530653184
2815314688
10471533568
6470008832
909295872
1221519616
1917312384
365165632
1685428
-9437990912
238817755136
43033346048
85466406912
33351110656
62948065280
3680987648
37537550336
35555389440
32748341248
4559847424
925818290176
16239774662656
17327358738432
204986892288
24246571008
237808254976
292982784000
50746228736
41418354688
43536392192
32322158592
4382327808
6605952000
6334517248
2905016832
21577830400
23440658432
19670032384
3464235520
403182387200
34698153984
105085394944
68213780480
357324292096
120505532416
470553722880
69149835264
9914359480320
23896227840
29221371904
22634260480
4167236608
13957252251648
300219690385408
20271853469696
43638013952
2666234112
21849407488
21952155648
2249768448
29201383424
7102736896
15574804480
12905336832
1662283153408
2810464000
350844128
278708256
2170849792
1699326720
1563630080
459265952
652210929664
64536354816
-3353578496
12364848128
74323763200
85951545344
42311548928
3646621184
31433445867520
1767334016
5510313472
4246473984
762353344
978407129088
11888232497152
1996431032320
16051805880320
5791824740352
52338484051968
75826473205760
10851331342336
1165834321920
279310532608
377923796992
102253363200
1695354191872
554070573056
276303360
2834030395392
11419316224
22142013440
1094025728
29866411950080
107417152
45695904
24561774
294809
6596498
5474272
1977997
100718320
153459536
256254880
25875904
2971456000
85335252992
12269389824
10943537152
248684232704
30930120704
17366642688
3644756328448
366161856
10347349016576
460984704
785672192
881425088
55044108
419446423552
7302951
9301590
11275503
2130700
1426516736
10207044608
94476200
75610888
19904896
2742624
4124866
7267238
10993
239864160
119042784
272001376
47446576
6135316992
74282450944
10742009
11447455
8135841
1205385
110843984
5413608960
627521856
659951744
144585904
135219968
62819080
68824272
15447423
72317784
61032696
27684742
9578495
2259649536
1166391168
1001015104
1975455616
257891600
39749284790272
20299753472
314129874944
38963640
47951456
14689595
10626630
1344228480
2741334272
39341940736
583389568
330303520
116049856
94476216
44058604
31788472
12341399
11511481
11240876
87196400
9606550
144881088
1182367616
1909000704
1264596864
161858048
6392645681152
55297794048
583920910336
102843784
54109624
55680452
9695803
2931467008
1292112256
27781558272
987954816
60713115648
26036754432
1496765693952
27006828544
25494528000
118088768
402129152
1038235328
72245481677258752
2030462834835456
105302908651700224
8231643051458560
9536307013353472
820740064542720
515762959679488
432261648351232
23876339761152
4028596486144
851792074113024
64004533780480
23282669584384
6873670483968
2895020294144
3366359924736
199001001426944
119466360832
1496224628736
571078447464448
177870110720
118621896441856
790575167045632
1122019704832
363108630528
1854061056
10212990976
1831033088
13103952
869484736
554600832
66694928
3739320057856
3452623650816
691514114048
17159288832
13771710464
4422741504
4247434496
155037171712
13306589872128
16758378332160
2392923045888
3988917321728
1639190757376
320235634688
25566486528
31550279680
8176379904
5344978432
3365963008
10174108672
1831033344
1221492992
3375616000
4148689664
563299584
42068840448
18046078943232
1996202442752
2438170148864
191069421568
3162200604672
2352831528960
1102334787584
59256545280
147128582144
133644197888
27001241600
6027450777600
3046583304192
2358305875820544
96879136210944
10083154001920
1629164929024
-276823015424
17129385492480
4154153500672
1651929251840
2639582986240
1900460900352
807068696576
67751821312
71320223744
10455753728
84949393408
111344713728
106702987264
26258290688
224043043127296
7866090496
3410467328
2373420288
809630656
275895830970368
16714655858688
21027086139392
4283090075648
45078231908352
40097902755840
48610532130816
10588989161472
1124978502139904
131907117056
52525236224
100639768576
36592148480
10863073296384
3391730745344
24501605160189952
66896216981504
1626974322688
319969722368
1690738098176
2054995836928
291284582400
2984318074880
2077220929536
5695207374848
570739851264
93789184065536
4582806016
7350924288
1014120832
5671712768
4308542976
10425577472
1021245632
1055085962461184
554699968
525398976
896759232
171772608
30109052436480
3735607836672
1067972296704
537491308544
4409464979456
3524638015488
791403692032
654757265408
1397058908979200
9630311424
6794404352
26811779072
1976881408
13188582080512
113785788432384
3191563890982912
8059105050624
6799945105408
1843025412096
15442428035072
6677864543944704
196912036708352
101096357888000
87327925862400
29144165384192
20625871601664
2367474892800
257272785666048
4178796544
3189576040448
340655733735424
10056141635584
380934881280
2643710747607040
22266200064
18307149824
2829301504
1440835968
1157530368
1473065728
2247413
51111022592
33844719616
46281940992
7806818816
760593580032
26916994154496
169104539648
157062234112
30206922752
25938249728
15923550208
31473946624
3324290560
3742547968
10668302336
13444361216
2910205440
211669303296
391220985856
214026747904
434526093312
89059590144
3285314961408
6262903275520
113512294645760
184795578368
188608823296
23233169408
202154639360
218147553280
152105058304
48916848640
15488350420992
885478656
4567698432
6671383040
1374289664
49525260288
233942384640
283833925632
193801633792
2734892800
167461429182464
6661834014720
181023593725952
23755851776
21374595072
7044007424
22459176960
21694474240
26028087296
5419757056
5415630798848
2085487872
1234806912
1913053824
284137472
230249775104
38334537728
23333728256
3525376000
11166363648
6817185792000
497626873856
18582169714688
16887108861952
23468145901568
1502759424
154719879168
207877079040
82926364524544
16573291036672
114111148982272
1237924992
3982535424
11823639552
2032865408
4999207714816000
164541696
43760536
66962864
12502623
311587635200
29499543552
18553098240
8233067520
35632717824
421664448
308201685778432
1111692935168
1825891584
164035008
81063592
99605152
22466982
726039168
13598344609792
189235134464
425846752
464987744
645625088
184240976
31366412288
6306796544
368840867840
8478627840
697759808
766746432
136528496
101283808
18442309632
4607821824
404685422592
6880559104
9089919746048
3047270169706496
188681984942276608
5974028388925440
457805261701120
1199242244784128
6688668534177792
2576884814577664
5774526084284416
857600883163136
1151509723086848
1226048075202560
687379972096
7341566377066496
5814877683712
-37365544386560
4025685114880
9029150832590848
234053632000
1235787710464
-32884342784
73518702592
542938492829696
2151997374464
-161559658496
328763899904
14404139008
15106599936
3636186880
1811100544
25669488640
2487371169792
4954547814400
2278499024896
176360161280
10138944536576
1732727246159872
6594423685120
14000769204224
2143105449984
810018930688
3486269308928
546747318272
236655411200
90120667136
54658068480
80171843584
7372736512
2368797409280
215250741755904
48151037739008
11338757701632
16636211888128
6257737465856
351560722808832
35969361248256
6161260508872704
8534485893120
10624098631680
1657909936128
22118792167424
9195763007488
16224073285632
5591118905344
521825742225408
62060371968
34398519296
33339633664
8707889152
5689179178532864
725977923584
39854557626368
17236049788928
10981344280576
6280984920064
11915259333836800
27698927763456
4754616843501568
972161941504
2331691450368
367191326720
1401344229376
1035286478848
1542029836288
451390308352
593697422966784
5222179840
-393007872
7730443264
1411145088
2986108256256
226723414016
4964021698560
3209055698944
4273144594432
1195831590912
647931854061568
10097752276992
3722510164033536
3257074188288
10215123373260800
4157785767936
65849599721472
29273644538527744
11634961547264
11029080702976
167106354169774080
2550075752448
684105477914624
947762757632
78032855040
122248057872973824
11618336768
29688852480
14125436928
3656407552
168483389440
5181204856832
87792009216
175829909504
150058795008
19947923456
6613110358016
4126592991232
57662733549568
108910362624
77650927616
250618085376
48609812480
7876071298957312
852629979136
11713479966720
14761540608
32888840192
15044347904
1315318656
3374873313280
239172059136
34711883743232
69536258719744
30855959412736
25983476301824
8431109931008
668444933010489344
497500557410304
17015240704
87790305935360
40433594368
88573280256
161207681024
2373593006604288
565366783058378816
795974142263296
654994401109475328
699980482347008
1767750556975104
107586516993179648
1971122532660543488
7708744351744
3261280550912
29121014923264
31787925372928
598228949008384
44221996891897856
2944645988352
2888322777088
1779021381632
252507078656
353034030809088
852801659863040
12895459999744
6005034319872
8155530526720
785190158336
1012045424099328
3403401073262592
5311227962064896
9430389227520
23063961796608
12351714623488
1351920779264
3477460059783430144
13840649551872
3716753834115072
3317346336768
1719834378240
1965428834304
375986257920
401944279515136
1267177750528
1690375513178112
15162412105728
4674665490415616
4196084263944192
907248691838976
2084452769548206080
33587728482304
3958601154560
9829484702203904
48159518621696
9552623828992
23948018319360
2876817950113792
1701963200724992
4312527806660608
64966883278848
-9223372036854775808
643097868369920
183239402384785408
233407867397341184
3169078395011072
29328276522532864
-9223372036854775808
-9223372036854775808
