29062
2723693
1
459925
459925
1
90852
4296
3333
4104282
158710
2654621
4104282
349791
125538
72137
1388296
79914
66013
37383
1536
205373
30250
66643
9417738
1298825
637911
459925
459925
1354762
26163
468424
1370843
29702
22078
90852
4296
232441
137248
20900
9415
5886
510
18060
40177
8846
8876
5204
184
840678
4147464
9050134
6445955
229844
340088
1173943
204879
9366784
7179594
18964
2578419
144786
174302
3572391
4121
128983
81010
404698
576834
14567
29654092
25739364
67389
914810
25712
4547435
14267866
2027519
567697
3010471168
1554696448
565304384
407041
344388
1374489
211531071488
31717
471225
1382561
29702
22435
303543
1410384
5931
3086193
2337466
61437
72984
48133
427630
66254
3766
4165931
3301741
1207560
1578
2221
216805
128131
23548
390339520
9545
5670
356
479264
572519
186407
7218
4341861
2394894
62050
26943
8390
1646
83
333548
174875
104941
3757767
82975
2022135
95866
187662
4950102
147902
3266151
2681
1614511
32299
57889
1331245
699
68714
72251008
9167076
2094084
606205
47498024
36060988
1817087
32800010
2678131
617199
46815048
18064466
106407
10446240
1629922
976888
18030524
1471160
507536
387456
91549
147414
224676
97186
122742928
84339048
885625
3816578
715972
10522085
7645753
57131
361267
3531878912
216321376
91438208
5384788
6353048
90062480
3875228
196810
2164580
607549
31361
5467160
5840101
689931
4778313
16051163136
7827561472
5431477760
3398520
2203355
1294263168
683616448
567122944
98063
30555547648
7012043776
358755072
292741632
11445630976
324448832
1081620352
192042384
227384
188789
637611212800
316429
1382948
638675779584
152707520
220777054208
10457858048
5124
6449602
52103
59055
49153
406621
71103
3425
2545997
2411422
1714
2342
45252
23329896
20624204
816431
995277
215367
1125792
684805
18342
24309
46193804
18678528
1178455
10067853
363113
12500
350870
125199
46188
52862
50665552
43740032
25692628
32935
10681
3409179
1146216
616103
465
15192650
13992219
1060193
10249540
1019951
1340980
525865
1383
2076
424528
240888
2058860928
45275
1922808576
7042
2548331
4086579
33401700
4412111872
1770804096
25570
8473
2799
126
322275
141814
1834143
69138
62602456
28390834
2012657
26843
26469664
16113760
174665
2628823
910948
37046
33880096
806764
324153
52028
2014
3317376
1936259
955455
615
1286526
1071170
635188
29109
71292
38955
1233222
617260
834874
24530530
20091524
49920544
1937169
17262904
392662
791905
13422935
966154
911313
4621577
10769856
892375
10588179
13399
1155712
11740500
242447
264086
324442
662742592
350674816
19105660
52109252
11696424
4708282
321334560
25306428
692654
6224220
176001632
18894230
6770398
8391926
5285369
33548892160
86830
238469
14208
90297808
86060160
783272
2456133
233791
72453136
33826688
660692
966066
37853134848
822304448
1237234816
60609856
61969456
420899712
33063628
2201641
19655440
5087666
264233
3330396160
108954344
51248876
3381005
1716290
29163668
3339941
113389
675328
184536
21186996224
47407661056
464229856
126537720
564995136
10612018
87110064
28441128
4089702
6576503
81273576
2304934
127319792
10427535
1927096
270431
5012415
3429304
263766
3711928576
4372558774272
6814080
581406
3831494
7896094720
1529337344
3494180608
1762854
691041
5636082688
5308495360
3366158848
995140
115655376896
156206923776
1584059392
1179784064
27173298176
3257742080
4009770496
2578806016
3550039
1303372
4714561536
9917460480
273899200
416571328
2362295808
164331696
504334752
57542088
195301
9779493888
50140307456
4826124288
9666300928
2201079808
117895824
1445937664
5003054080
-27204172
10682818560
1260873600
358646976
949071744
197739104
96706792
302075
303788752896
2000177201152
3450059776
757447327744
31910381568
19722
28276350
1462710
592741
201088
2152207104
707080814592
31579486208
41
2825950720
39971348
26537672704
11044956160
1475853440
1308934
14677
63209
12222102
1128544
25891
521106
48044
45227
50028
47595020
24530754
34660
12608
2099032
339537
476
20771224
1015844
1406894
219152
668
2068
10646817
14771458
100239
285434
200017472
100043192
6448063
101721368
4641642
237540
5949356
999739
201088
15402344
3479242
141266
2216019
197857
14747
262605
31492
61321364
5022094
21944176
825328
1155826
6286006
4035656
303919
67415
294580
329951
48044
351186816
14515638
9354148
7386954
4012
216660224
107683680
14121230
90740944
3718103
24566656
2667873
33666
12608
17134000
7578985
440687
3308314
222192
897048
200715
234
210072416
2736691
21711440
3427743
1037516
9727175
2236670
309807
866265
241937
505007
668
1381137280
978196
20831430656
29913
74656840
37003476
77091552
19663202304
8401124864
26865
12365817
13774078
339150528
6078881280
3353876992
2533006
892798
1386047
80426736
486429056
147454672
18038822912
55466
1212
5373196
2957023
535
1202105
697838
38561
7348
-460308
298712
456898240
396049792
8940807
40554188
17174200
-3288
226550688
18999344
9524266
12259389
2519386
406548
416387136
5646449
5048247
21349196
442004
316426
5340285
5091
16433147
5780714
3790515
447626
804435
471253
15576666
19275042
7294911
805567
327414
211244
7969595
12849608
6934899
403219
76697
259461
5911543
33670984
200609728
1392663
152767200
10174583
5247178
86312016
3002157
1917546
5160473
78524880
9045396
3425301
5141223
1779099
2184909824
172711136
129345536
7389694
25256776
95865520
63460323328
19543058432
241775853568
2687799808
156664
101582856
488384
1967205
-11406
44874956
19918036
298740
1004768
29083371520
1095120896
790006464
14501403
88770584
8522810
192250
16638558
1563405
-11406
20840622080
641120640
42219768
27680160
34405288
133881792
11952703
586609
794452
1764929
375993204736
120042774528
5287146496
193861744
3397899776
684582336
276940736
512364992
32623636
170431552
4386622
680575616
85091384
21130716
1068967
24889770
12357066
1262226
20899747840
21417926656
19574736896
449627264
35324464
479132768
12046353
24454988
8559614
3633368
6088038
27030828
312131
3088619
11600503
2049663
145280
1330694
776605
414370
31942639616
245007187968
8937779200
40336285696
4552958464
1430827264
158925184
315679456
9227447
1186416000
282859968
46803224
92148392
49942624
44916884
3738937
29438950
957856
46517352
12069942
1770207
53000984
16701952
12654003
2314965
452416096
29684191232
15701054464
38383036399616
346097778688
11796691812352
996614275072
2360596
6542931968
6546307584
1264655
1406103
3260018688
3628363008
1063198976
591736
16780805120
62016942080
-36395120
26485250048
1483141120
6219614720
1182076544
1159108
1406103
57422385152
34322436096
1722344576
3499902976
25697161216
1311159680
2880650752
1345356032
833165
33398169600
624154443776
31468871680
17944834048
14966599680
2906546688
25539141632
602589184
36660412416
7574589440
856290048
2916186368
809670336
653611776
1308733
3928027824128
4370514432
64756449280
1823577600
3327198976
1902504192
487361984
443614848
2072145024
128831880
1635872896
735752896
183408064
535567872
166273408
94512392
64933
5455341056
44445544448
1158641664
31311339520
3349786112
4343091712
24749416448
1752934144
807929408
647409664
2257039104
143424272
4612188160
1017970432
123809720
3206486784
1862654464
462256384
326583584
3687788838912
620548456448
985413976064
9247044665344
2484021493760
110567997440
2144589568
1712016640
507945280
197979963392
41715933184
4936602624
24865924
135731
631721
185453568
11374992
744424
5055423
1310063
132833
807443584
24451379200
248617696
78644101120
45695942656
3795152384
161201552
8091388
877271744
78476912
22710837248
21368721408
1781140096
1459726208
1158908160
5374609
228110
14139
142086
37022
5171076
1385918
1179712
32044
230548
213198
65625
940546240
26166240
8900434
4083
119433760
2073678
23574210
3887574
13527
10652
7768776
382455
780303
203165
171
10806867
7813990
913546
650470
506651
440135
540
610996224
48446600
118712512
5862125
46625480
3175886
393538
1532739
258541
75636816
82816784
79476312
28345564
11417283
117245088
17573380
11718554
1060281
5066404
2924729
1310064
16919742464
54877232
2548263
6135249
2012964
501970
5419046
777424
91970
17621
137925
145130
37022
257072896
24946290
4780209
22437304
2942656
4777382
1179712
11173772
1048228
2397755
172149
145544480
3857677568
1540821376
86759368
192234624
8428687
101017512
3251632
11597876
2253657
4344
3181521152
78183592
137333696
64770928
9926668
186020048
22113772
5018644
23314144
2110363
4860831
13527
6381762048
32530580
1207103
6555424
2647313
327947
2243665
656070
349645
780303
76992
146167
193
142879824
14995712
6168605
10945807
5579371
5696123
913546
10709644
1928209
1688285
477866
16024092672
4239822848
1403932416
370033
384764224
154277088
2866314240
43821068288
36506894336
13438584
28750280
106989600
349371872
-24888131584
4350247936
98218999808
4938295
6299463
19486083072
213745744
612564736
1146790656
29109751808
4909055
299167680
21181304
2823680512
5975
20214336
5269609
886333
687714
11698851
647259
404090
18991000
485224
225469952
148011648
4068855
2835003392
91092792
46260056
208306144
5072967
2454318
50997568
227744592
4486500
2644934
50911568
3213829
8780459
2833671
3228602
72179704
110238912
9336170
10772094
3543990
3216408
116449000
2190202
2162788
1672749
26468440
4791293
1663350016
53364192
45837508
38010232
29111524
21985336
551819648
17890279424000
91722981376
1290542514176
31136116736
56770740224
14178150514688
1487923970048
3545348096
15263100928
5071532544
10839910
563668
1078210
18892969984
615066816
25394018
2400844
7236555
468442
202895
8904285184
450639424
98498128
10185964
111983088
7381569
687492
5393644
551639
5410343936
101991809024
7999258112
3696094720
147327744
300604000
69135544
16790446
286311104
35157680
5741230
2400845
-2324172
7982451
1149143
10671998976
14643486720
17799352320
6452188672
167395136
47994432
101956488
221862832
91617240
18115058
129878464
4854598
104275680
49780344
11694242
705865
4591511
11595494
369276
250582040576
209827627008
115898712064
77959561216
23227887616
14353945600
2897602560
42232412
2775796736
1296852992
120742224
1353585664
167065232
148575760
64047576
242288336
65005804
13545485
431948512
100003408
147553984
15443662
7248988160
156558540800
92632973312
12255201280
41433731072
5166767104
17375744000
2037468928
340438016
46131332
180139712
8925700
521478656
240749024
23500688
34154824
11470112
22646608
3298406
16952934
502254
23000770
7684134
1469092
52555284
9504046
4773585
1446515
171050464
31927033856
158026678272
8474996224
225934016512
68620529664
4796190720
21721475072
940879616
9395318784
842493568
776744960
6778492
139728656
92237248
32285680
825488320
192879104
100235272
46396120
7772958720
45900568
16606403
1636875
45900540
5702869
2776779
2495675
1960155904
29290397696
122335199232
3198653184
2661117713186816
33728512393216
5861306531840
277636546560
947805799579648
24736306298880
13922980593664
412489154560
951894343680
2278551552
1306052992
563409
57736142848
2462949376
3913942528
377925824
2663913
1624466
43901775872
26195597312
1054088448
13450298368
766927488
1735757312
274220992
419396
272939843584
17557426176
94971985920
3117338880
1850601984
18698272768
4992607744
931474368
3913941504
1168260608
1335160832
2663914
1885809410048
15634115584
266115252224
8419036160
9015772160
5685661696
2028672768
16149544960
326733344
25063557120
10305530880
342036768
2999835392
999769472
867845440
646379
353246740480
13707358208
666676887552
187840954368
14601076736
103415398400
27742883840
28017983488
5611411456
6364411392
8021266432
803783168
48687120384
19691622400
11611426816
1088326144
456046673920
16216693407744
7156815364096
3380102912
24746719232
1984366976
47683543040
5877350912
2705152768
13343447040
1262678400
989854400
420698752
3198603008
120691136
1597106432
265334624
55540684
6148973568
1072901824
337249440
138958592
57070354432
50510864384
2772300544
25020696576
10144212992
2295550976
117048795136
22937671680
10457938944
2462844160
1678998765568
5912383488
1733467264
44437348
5912380416
1465960192
1299747328
44437356
16875792384
9811958693888
342776971264
9133521920
42494989434880
2499220865024
1008675454976
188783378432
28896983040
4760583680
155133120
18654474240
1411371392
134616256
186944913408
7221817856
15609387008
4568486912
66349900
5313843
104452
2701997
283881
153218032
31412848
10540929
483336
4516050
5815148
1245242
5336386560
1212543488
188487581696
17770606592
770531196928
132328521728
83116457984
10144318464
16047173632
3443482368
511711520
181364704
10786125824
92412112
225854016
379998624
41106848
20430925824
8991883
1977356
240606
14027
158214
237458
22216
22336082
4553662
5902051
540141
236715120
1885334272
216744384
4476328
9657175
1695963
4658
321365824
42047432
7239328
7772503
7231681
4735330
24331
5363794432
8129443
2207435
293130
857984
177146
150102
241
31017436
4846576
4814221
980707
128562992
3892285952
160052352
36212068
79301560
10580650
2745951
45569000
8548443
2153393
143144
2428430
2421389
283881
1077567360
347898976
44062792
111772232
78693712
82053952
10540932
103990128
13987133
14513126
1536141
419688352
38948384768
15515203584
61449264
741325
2502725
11938873
2171313
3008396
240607
5649643
584306
609880
196626
50157720
123378712
6740308
37477016
3548505
762203584
483888704
17606615040
899261696
29970456
102212816
50976860
2407133
46689208
10335482
2945367
9657172
2660844
2171711
4201
1768601600
414887712
34619052
150974144
84518744
18485904
7113991
92310856
28021040
10560292
3959756
550261888
11972708352
11340221440
28174652
18749246
5274548
8129446
2326883
1158038
455023
4256946
854809
882017
191651
15067248
195820736
2351032
27495730
8016468
996093440
991249856
-1907239936
184822080
123388136
1329634432
2903377408
19594264576
30305789952
493508919296
172188976
2686302720
172843450368
16246461440
108562992
111237496832
997475008
4464691200
651424128
9184451
4590204
126690880
10547442
6339964
1802816128
32148316
19639360
643827200
23751328
25116878
53312684
16289173
34060064
572702784
25743220
43483168
150042704
2555286126592
356041816539136
11499928027136
2274795978752
99499966464
52226727936
995195224064
248960761856
70945882112
30051291136
995478470656
6076675584
7277299892224
192682754048
207391588352
24354918400
5172940288
6603453440
5500767232
321744736
1302851
232060
3669140
797162
120372166656
1381241472
502517376
65970792
12276590
431017
8481322
9750186
2673501
8733775872
55694295040
50456862720
1347556096
514644032
49721404
196189840
63210652
10579835
240445232
44678680
6599973
232060
2119602
4528698
266651
493375160320
27159681024
93141893120
37317996544
4867587584
3881198080
940388992
97662112
502517120
96992784
124992800
38020268
111460880
58882168
65589192
5247592
5101483520
98653806592
5409504256
72294924288
957823254528
51161784320
55913250816
6682873856
8928796672
2105246336
39220896
5037081600
227363024
126208176
310827456
121541848
44514812
8256573
54774088
22818418
4549092
192268160
56756980
51550480
8875492
2523450880
961023180800
24512421888
971561369600
173027917824
49278021632
172721553408
33903441920
20911726592
9154188288
881039040
713068864
184364064
4391915008
1238116480
851941952
197004384
3923933184
83833016
88428224
124473680
14939016
32873775104
8662449389568
417752612864
46946193408
9607288832
40191922176
2072268416
42076577792
23819182080
4587820032
6898419200
4262065664
6621221888
825934080
202061408
7517510
488334720
62831056
8540727
740100032
87712368
110642704
14826081
109280256
15685596
7936034
1956844
15685584
6422571
5683119
1956844
343261056
158253531136
2146458112
142002159616
26562351104
6847239168
231319830528
14961013760
52604997632
10281050112
2616641716224
422761888
34177400
19124230
422761760
38719008
194273152
5256566
19231246647296
47919052
13219154
6589437
4542753
2640310016
22598924632064
84119846912
4255491584
1554209177600
101563645296640
181148583985152
71896292917248
21814189228032
3358114447360
2642240602112
54007972233216
2894061371392
522065674240
1230579433472
17053507387392
765255352320
1971393396736
665443762176
19380494336
671088448
1521211520
433831872
590397
8957851648
15297294336
1804380160
4353998848
1841249024
1125971456
1431458
2663278444544
194149908480
7376825344
30570545152
8723653632
754974848
10471533568
1735042304
243843184
1221519744
514159936
97925272
590397
-9437904896
64043028480
11540125696
85466447872
8943671296
16880596992
1484644224
37537546240
9534786560
8782026752
1662091776
46709854208
4354974154752
4646627180544
204987006976
6502134784
228370759680
78568357888
13608471552
41418350592
14103738368
8667731968
1122517120
6605950464
1698708992
779030080
21577824256
6835262976
5274858496
928993920
153085116416
34698153984
28180477952
18292692992
357324455936
32315627520
126187012096
9833207808
1182011507081216
23896233984
7836214784
6069764096
476115360
622054735872
80509019357184
5436245278720
43638018048
714996032
21849399296
5886845952
603313728
29201383424
5036277248
4176655360
2698669056
576378241024
2810463744
94085000
74196576
2170849792
455703488
419314176
74196544
7544282021888
64536338432
-899312960
2678518528
64536350720
23049375744
11346569216
2678518272
1600716931072
7257798144
1477684608
908025728
144298512
387901980672
8396984025088
535377182720
25275144192
1617397504
338928566272
20334161952768
2726721748992
1165834452992
74901905408
101346762752
37635887104
1794840960
-152834539520
95070920704
2834031706112
618577985536
5937758208
324821216
6155015290880
107417120
17060060
1917385
111068
1768962
1993992
159894
91607224
82006872
68314672
16167822
591560638464
22884091904
405877555200
4193000960
51524026368
30930120704
217381634048
802789785600
274624626688
1925132058624
460984704
210691328
3592348160
77059096
924443475968
8460339
2494381
1131381
242679
39733024
1324424704
94476192
20276348
5337838
2742625
1106153
1948833
3642
239864128
31923376
72941784
12723612
862708800
11144709120
10742008
3069831
2181764
171962
2847569
727845888
627521536
176977344
38773184
135220000
18701694
14152306
8999000
72317776
16366959
7424132
1533384
638029824
1166391424
268439296
529752160
62568376
3053236736
7373224960
153269747712
38963640
12859008
3939262
1976897
264938160
128169520
4134093979648
583389504
88576568
31120748
94476200
11815057
8524622
3309558
11511503
3014430
23383208
2576161
860430336
1182368000
511931136
339123296
43405028
19274225664
8149024768
156588277760
102843808
14510422
14931664
2600095
253164864
37590896640
7450102272
932277568
5435647590400
659559874560
85140668416
-1408082432
5352883200
73676200
107837792
278420608
1597768367865856
24735532701450240
5013716336640
452058192805888
70779685306368
10752781975552
477898014720
11973262336
81085325312
34648314871808
37740716032
999775666176
172807061504
51017207808
23077392384
11022604288
1830826752
226963718144
11841824620544
4238618394624
10566596608
1878174976
2727253901312
31054438400
2695041536
51315304
82373168
24337500
362681
6453430
3961687
495974
103494107136
6874525696
5132510720
552771136
232155088
98714208
27115938
3003264512
98763268096
463826059264
17760591872
110402306048
12166294528
2376830976
707610624
234170368
60686168
147934352
24982632
52507044
24337496
33807592
25054266
30792120
4180879
312240864
499465814016
14816139264
18096418816
5288317440
23470270464
31805423616
8181672960
1640059520
1092007296
991924928
200406784
10507738152960
21336958976
17503662112768
719049326592
279074177024
12091879424
-7661797376
127136563200
30832685056
45720866816
19591325696
14105466880
5990170112
1875185408
529348192
77603960
2351166208
826415296
791963584
194892480
56056872960
217711776
25312922
17615840
6009184
18676512768
462616068096
156065808384
31789649920
1247641468928
297612050432
360793735168
78592860160
5563988398047232
3650828032
389848960
746961664
271591744
311896473600
1120179712
259654412140544
496512401408
45030211584
2374859264
46795010048
15252443136
2161952512
69784748032
15417405440
42270580736
5205591552
528176381952
126839416
54559540
7526937
156977312
31978580
77379992
7579816
16070398976
15352576
3899583
6655863
1274919
438707945472
103391379456
7926623232
3989327872
122041982976
26160328704
5873897984
4859699200
10856263843840
266540912
50428928
199000576
14672694
97887404032
844533268480
23688214740992
59815731200
6799945105408
322955083776
26981947146240
1790784063930368
774696140800
101096332722176
23418464370688
7815488339968
2662651396096
2491441741824
68991997444096
22705080369152
4926855970816
178450354667520
758447603712000
219538227200
1471385062866944
22266200064
4909375488
758725568
1440835968
310411584
395027936
602682
51111022592
9076043776
12411301888
2093533056
175917629440
7218251956224
169104556032
42118930432
8100502528
25938239488
4270171904
8440277504
891465472
3742548224
2860888832
3605336832
780421312
69979897856
391221248000
57394937856
116525596672
23882848256
2897421533184
1679504834560
30440264040448
184795594752
50578677760
6230374400
202154672128
74783432704
40789553152
13117890560
714232190468096
885480000
1224907520
1789045504
368539168
33787868086272
233942089728
76114911232
51971268608
733415232
41767827144704
1786484359168
48544559923200
23755845632
5731963904
1888970752
22459174912
5817745920
6979876864
1453400576
1452294144000
2085487360
331134304
513018304
76196280
15262111760384
38334562304
6257348608
16024704000
2994451200
2090906288128
133446991872
4983131996160
28020909801472
5514561847296
1550901575680
154719879168
55745794048
32813340672
16381067264
37405008592896
2460550656
138040960
459411816448
190313248
1623512804491264
164541728
11735142
17957248
2911722
310384480
-31896320
3894360064
150895104
1935002880
107860598784
525798014976
1324971720704
344916224
164034992
21738580
26710822
6024904
454353760
5581490688
536805984
425846784
124694376
173135328
55466632
2140019712
1986357632
54514876416
3199290368
697759616
205616160
36612404
27160980
4945624576
353106722816
176964534272
1845139712
129942347776
55403073241088
207403663360
72192360448000
12070771509690368
65678082048
185124096311296
19125965422592
42859331846144
6026604576768
509116481536
14588269568
5101825024
1788569714688
45913837928448
10839517036544
23891824640
56372133625856
6477961728
1046145662976
-244072704
252291678208
188069068144640
59561361408
-1199114112
2440127744
398667072
112123144
26988234
13442230
846465728
68843626496
36773306368
16911306752
1308969856
27267340288
12860537176064
182515564544
103915503616
15906403328
22419087360
25875548160
4058031872
1756488704
2494292480
405679488
595046016
54721408
10549108736
5585558306816
1332688715776
84157808640
123476148224
46445756416
2878124693913600
123575973445632
45729678622720
236210978816
78853488640
12305235968
612187373568
68252098560
120417001472
41498017792
6980410277888
1717660672
255310240
247451184
64631088
282836041728
21483374592
1103064989696
127928197120
81504968704
46618312704
96022952935424
274203836416
35289393266688
26906785792
17306122240
2725341696
38785388544
7684037632
11445156864
3350276352
-290946940928
144535712
-2916951
57376380
10473708
4517314166784
630183680
137390546944
23818029056
31715840000
8875618304
5476155654144
74946838528
27628966772736
25558096281600
5859685433344
356462488453120
24548047060992
2283460165107712
718131282575360
945123426304
2633963319328768
2668314755072
227309432864768
137766981599232
39758024704
27758549794816
11618331648
7961572352
3787976960
980527552
196898553856
5413839306752
87791976448
47151816704
40240816128
5349378048
1584675815424
735355338752
22191305392128
108910460928
20823422976
67207507968
13035557888
18472536899584
228647108608
22860615647232
14761540608
8819707904
4034399232
352726624
167772160
70215155712
4131875979264
256614383616
4528191045632
20112488448
1888934912
3323609976143872
454949797888
377061965824
626193530880
10287925248
35902357504
55212515328
10435908599808
12954272530432
3219794690048
79179559206912
5195353817088
40925023698944
480133622267904
-217898320658432
735311233024
66725650432
17513714810880
2246660325376
20634740876902400
3231765757952
81499742208
21437511680
13204128768
1874139520
23879491584
9341483614208
356910989312
44570136576
60531376128
5827786752
14855320895488
68265496576
89528744280064
261007294464
171183751168
91675951104
10034124800
25810167878647808
208759226368
40910683373568
91815067648
12764822528
14587671552
2790617600
918561095680
7337709928448
374098395922432
15162419445760
3571172507648
2324293761368064
416489354035200
4256098915713024
1848681431040
220052867514368
8891307917312
12914799935488
41366507749376
1027229744103424
67596946767872
1498592837632
5704408629248
907490283749376
7841312128630784
765996679823360
6315679154176
23330459484160
110314976706560
2342784598016
830733111263232
2179428583955496960
