1759950
2760802
1
459925
459925
1634116
673989
3333
4087667
158710
2654621
4087667
349791
1094895
72137
1395912
79914
575742
37383
13400
8223838
4346641
6536991
12900588
590836
4229439
459925
459925
1372815
26163
467510
1380299
27996
192375
953763
557827
46840
393378
230075
5899
18060
40177
8846
8876
5204
1609
840678
4328161
5870075
3496530
229844
2113785
1173943
1786880
9366785
7179594
165403
2578420
144786
1520194
3572391
35949
1042707
1661352
41807776
9120050
1285285
2986645504
1230681600
14891362
414152800
1212115
9554379
13352636
9115481
299057
2181086208
1775761280
517921728
5478902
2226321
1378898
211531055104
26163
467510
1380299
27996
192376
286315
1420835
5931
3086194
1404875
74200
636544
186731
484736
594439
3594
2353599
1736143
1074838
16318
77264
1410557
719686
260305
9142
7972230
4738297
1025694
584059
64071
25204
1027
3810617
2156945
550523
3757767
82975
3329623
95866
1636723
4950103
147902
3266150
23391
2867145
32299
504886
1331245
6101
599304
72251032
61985600
2094084
5287090
61681340
36060996
15847925
35888068
15978399
5382976
27206042
26255408
928040
10446239
14215543
8520042
1889224
1904856
4426531
2899882
1433822
26894824
17075314
7279157
4957536256
5201425920
271251168
1796024320
47142076
1313308160
602262400
10829795
101513776
299202641920
3823457024
3315838720
5902868480
587833472
2800143616
206026096
30290060
823426368
763343424
7449429
7823124
14753296
4778313
5066087936
6677195776
6603227648
29640550
21665672
-240530368
549134592
284954144
1571888
5934475264
20102266880
4306429952
689884160
4206775296
1302024832
1983362432
2598784512
4349211
641914241024
303543
1478098
647720075264
51368160
218868563968
90559045632
5931
3086194
61437
636544
196107
484736
594439
3594
2353599
1074837
16318
77264
22128
23329886
34005836
995665
11092563
507434
1125791
1319983
6010
274258
12832020
31045220
7713869
997975
6033655
107977
916305
741954
45668
43979212
25075408
14193435
310378
195127
3641672
1240056
494950
3324
34659272
28474788
7488529
2131046
3192153
1873378
3417287
5671
2355974
100697
139081888
36870820
12336100
32636
25873384
21412302
8560818
2078689
1618388
252396
30544572
19464572
5563585
2774383
429980
9385
12191102
5132084
11030164
6645
3120891
3097390
5140398
565088
187304
414559
36151560
19551870
6250868
24530530
20091522
49920560
16895230
17262910
392662
6906689
13422936
5007719
7948118
28516374
10769853
7782950
10588177
116864
10079674
11740498
5846849
2303256
2829658
512744960
350674688
166632080
232802384
38053352
41063800
698281728
166190112
6041053
50464824
167473824
103459120
22709704
73191104
33479412
61639884800
19141688
24831528
9988342
7423842816
1588780032
39121060
861353472
12427820
2226973440
937353088
46964772
685894720
2921906831360
72726142976
55891886080
23741798400
1527290880
36333932544
13719707648
114612856
8484550144
329580288
190306664448
5337793536
5194488320
1744356864
43746992
1799702400
1453236992
8042836
793269312
80399856
1592349032448
1993339961344
1090834857984
2624976128
59292442624
17667198976
2642203904
24293019648
3314891776
587833728
2055319552
1682600320
4804634112
11681546240
2750248960
969161600
1238971520
4543115952128
7293256
11803610
3831494
2638697472
5713359360
649565312
12274207
19920728
5636081664
5308495872
3366158336
14502917
102603743232
70792232960
35778203648
5773634560
60374102016
44203921408
2056550016
11397883904
59279136
12492437504
7039563776
2581298688
210139008
1533080704
970189568
417054560
1331964800
4175992
10963280896
131283542016
35122282496
15078871040
15251507200
4051073536
374449376
4233147392
530029856
10589990912
11271158784
4123576320
5948065792
2119419392
1927826505728
41102784
693163130880
277842821120
48721
32933074
1735662
12792750
619406
1439516416
663548461056
302245150720
20672256
1848212096
256988128
99286622208
92442386432
35167289344
1308934
14677
551284
12222098
9842727
77063
2925790
1433010
50028
49414624
32380558
333931
230313
394812
856879
1888
21985758
4966688
1090277
4049254
10623
10646821
6306048
136660
2489450
316102848
100043112
56237492
112861208
76701872
760332
51887948
8745617
8580636
3479241
1232072
3365894
851186
15059
2290344
306289
140715168
37659476
20286844
7198183
7866385
14613372
18103910
8137595
3857814
2650799
14515646
15917783
7386956
35248
298373664
333588928
76439560
107231280
80279752
45623472
22645372
153416
18676920
5026126
2216973
1182199
644026
846650
1651411
2706
88226512
78249000
29416046
16629886
12993067
10819365
14490842
3643138
7212388
2779346
337301
614606400
108983144
140962720
54762112
3717983
3501878
810705216
347400800
117527080
21128608
22243318
15799880
5467108
182616704
70727296
51940868
4243638
40345144
5283622
6289593
565748
106629088
20199280
7031542
57409
224196480
187534880
91268480
31107742
14126517
13483591
278193248
365830528
60200972
10418040
2039379
3106321
136167584
108836440
86037072
7573148
743820
2298835
66367184
33670952
200609760
12146256
152767200
70725416
45763832
45948392
30866340
16724084
27060732
116472272
59787384
29874136
32836184
31912588
1825804032
699439232
1128101376
814282816
530947136
451849472
15483568914432
227239149568
10881354170368
2841496256512
3969300
16108105728
61170808
1269793152
13325837
878847488
1115322368
26914920
767686784
1543623540736
28186001408
17615251456
15970707456
28072591360
7545920512
51006420
-390794304
2630811392
958469636096
30437398528
9935472640
15441310720
757323456
15809153024
8337946112
36708056
6560669696
1218611456
29596573499392
15113299951616
2652174811136
47375204352
314354827264
67991273472
46373134336
58957627392
19349676032
5610248704
4278361088
26364334080
31907528704
13609970688
18427226112
10956682240
1530992918528
944396632064
92030779392
1777243008
30776557568
1092734208
5433656832
11070038016
3171452928
294039776
860547584
593328128
3647642368
4347573248
1850837120
801807616
285061888
1224970469376
5549801340928
1077357969408
2052742840320
6089414279168
1384995487744
9946861568
44565688320
6027233280
91310211072
104232779776
30381475840
22687256576
35019415552
2024068992
790158720
4642859008
3677411840
709933824
9709371392
12282198016
2791866368
21915460698112
140330741530624
14936222728192
4648310145024
2154349
10256458752
3288469248
11393242
10494245
5278500352
2009811968
48212560
2904568
35698233344
68894760960
-4586567168
33381160960
11254509568
7944777216
-2025062400
9516376
45139062784
9016086528
23245420544
2744010496
20291229696
6345846272
4926196224
8016378880
5457121
24129949696
599150559232
275415924736
141005094912
127541444608
85605089280
15918994432
-1326427008
14412997632
78598299648
20450562048
11335730176
14516176896
7002777600
64756449280
15904519168
2944355072
16592893952
2408887808
263247168
2072145536
1123621376
2088129536
4239555072
1006187136
1264048896
255854080
5247684608
83719405568
24389675008
156891840512
71081558016
39279247360
29349941248
33392752640
3920902400
1200415488
6772595712
13167053824
708872704
18767620096
19140538368
3728456192
26604015616
2579714015232
862895013888
1414753280
7178444800
2501810432
337620402176
332318670848
124059533312
31166524
135731
3332565
36880456
96186616
1158894
45860564
6246790
173964544
12081197056
2720663339008
286763646976
254436081664
110435581952
1950627712
577475264
3566321664
1265849600
1292438912
43478347776
42483286016
7368744
1989487
33639
1239223
385793
6109071
43754196
15946937
2754058
3664765
18447856
14237340
13057
203491872
110268240
3698366
39036776
109968
10403617
3246433
1063259
1972870
3968
14330310
42599280
4437066
3983313
796098
123374208
104530568
51127160
72665208
22204708
196188
10886014
5239528
1277735552
373792256
195176544
247218640
115947896
106325688
126553408
32885670
31020872
67718544
54877232
22224954
7452587
17556276
3223059
6398992
9687238
2179213
920485
1483011
107638176
237872544
84376976
31901502
65603800
37747168
44472072
6921956
116576176
96285104
16065486
101017512
28359464
7467562
21996438
28103
1517652736
644387904
610644416
444586496
105435184
118867848
251972768
67915064
53362584
52772608
64535148
41636924
5419662
32575254
3210164
1893292
8704909
2266383
2032987
3129363
172494720
405629728
59742608
20742218
46036932
45354912
47975384
6214941
168122656
207158944
38165344
3828240640
985782272
858100736
125638048
49661212
70621960
13978369
4089122
606255488
307428032
129129488
258121920
65176140
16414810
3173933
651532160
26303352
116269584
37957240
2655805
4839916
36867536
78857112
47314648
30000074
848685696
1858402048
139657040
125863840
56003052
39928072
1881608064
63642088
44107312
9950489
1100004736
47045872
1510471424
643184000
399776672
346437376
219089712
191747440
10035035136
2208880473931776
370144811417600
37694805639168
33732174020608
70168117248
859461582848
601855885312
27922551275520
8036612571136
3090441306112
3926892544
16335699
298078560
1665570439168
2682369536
12860262400
150517840
7709689344
1275591808
209994514432
23676403712
15447073792
4637023232
7419065344
4503694848
15777832
4337444864
269784640
6688304791552
7201644085248
2981598330880
247499112448
87720861696
23741825024
64498696192
7827748864
31980107776
57329991680
5154333696
3783546368
7192155648
9689444122624
11784871215104
2751074926592
23950624768
243368345600
80797483008
46256160768
32439035904
10013959168
2230350592
2067468544
23645859840
29225639936
5344552960
8810515456
10554408960
7718397018112
77912585797632
42647624351744
10266685210624
13177033064448
8087621074944
283349811200
45678854144
366719434752
447414665216
304545136640
148973027328
71610138624
19617079296
33832865792
9327310848
76069273600
50319470592
24232808448
580427907072
3417540395008
2436430036992
945270816768
2060874022912
473438027776
2304255488
13364486144
5514198016
69648990208
48085041152
8891723776
2407116288
4119746048
694035520
436668640
2297511168
3112166144
670126720
5887974400
3161951744
2394909440
580182474752
4780571754496
416708952064
1765020270592
11454988156928
14064828809216
9703505526784
10015247171584
2931230720
17482188800
30806972416
60542042112
14546604032
100725932032
5534515200
21663854592
4210915072
4131558144
1309091968
12736376832
3152668160
7794353152
2832121299206144
61676627951616
24545287208960
88965726208
3039911477248
575149204045824
13894232834048
7694397210624
15166599069696
3444855808
2035656704
4127507
28047472640
28306221056
9943101440
6064568832
23456010
60252516352
10855278592
10735010816
10107884544
2107749888
6806542848
3922868224
9164206
238178172928
21590202368
116821114880
118995140608
9473691648
32381636608
59475230720
14662401024
14599067648
11807368192
30489073664
266115448832
59798704128
2555325440
24247095296
24710680576
928546432
5108574208
18809055232
31175581696
9056083968
2965309184
4831634944
374608232448
36586729472
817007820800
1343343034368
198341083136
158497964032
190034018304
77950197760
3945131776
25420185600
157578149888
232658698240
30930051072
1352260992
13615974400
12229942272
55209877504
146452529152
25517219840
24196808704
11949029376
699890624
1078793088
3009987840
420853760
1454683648
17035003904
5953402880
2759451904
35617046528
-764104320
96322977792
53577719808
33566126080
178949455872
224137117696
47965601792
2664333056
10854017024
2018072576
5166318592
24767991808
29726420992
7765975552
241319542784
6215445250048
1466496188416
1976713347072
441820020736
3712676528128
730637271040
6158467203072
20307937067008
3184231710720
244746387456
207986098176
110070688
54493712
218182
18316134
4501106
84390304
374006112
77045232
28730712
58068252
6620455424
1047997376
115043958784
48535474176
4788107264
176715268096
150624911360
1118287104
1205718528
562807104
3966180352
6675209216
24087666688
7918331
17245724
6066768
565999
1586852
29114372
57319604
9443321
132692992
41188656
7954760
6870535
47851
64379188
491345792
189292128
40527912
93144712
19269108
19354396
4049543
1512121
2543272
19308526
21292970
8065037
1072299520
176445376
139433120
175311840
67217320
59045712
175195216
24741728
8199336
26934540
2647759872
1628706432
404480832
233372208
545138112
130810496
255201200
79504224
163427968
138076608
22163104
39778220
14437054
8129576
15188754
1157387
229770960
161204928
64563320
37554564
605981824
146838768
216842880
127841856
82751416
126259992
76638344
39443824
16429146
13372928
1372791296
1451273216
912971648
771361728
757254208
331999872
551922624
89741736
67197528
135567696
45899284
13720929
25043500
8816285
13239339
3938683
330856192
128837920
39103664
37211736
3426660608
170988576
285365952
42475048
7933190656
1726278912
684584768
501423040
61245096
48879816
2768739840
189201440
46757136
27761494
1186987520
64753572
831963520
399743136
168196672
10243353600
328814656
36256976
938163584
125846974179049472
14630714825768960
10778113055129600
2190036434944
17273193454632960
11138003632128
96296580939776
37463212949504
50581183922176
221079515693056
710222020608
821631254528
2483783882244096
1142847438848
17361338892288
29741799178240
312389173248
13067083776
4234851584
65876220
2336867328
695420224
7999591546880
4246956933120
55914168320
64175022080
13397182464
13866135552
10004935680
2895305768960
3306496196608
1576882536448
87683825664
48992673792
37767118848
40811745280
12353609728
16709721088
12486076416
4881793024
2013103616
7536947712
45581883932672
19805855809536
7939316776960
19206812729344
2788744232960
344148672512
172996968448
126656421888
38978367488
90881302528
49498673152
22747627520
4206620672
5816156422144
42142164582400
8679435796480
2525659922432
7569410097152
2940086517760
82497495040
12243488768
213677604864
325025071104
74633830400
64540119040
74631856128
11287947264
9866461184
5127927296
42570563584
55423602688
10832174080
46038794633216
11433540583424
74796276645888
128237556465664
63296858226688
42718730387456
32894514888704
299463966720
324447600640
150780772352
1346929164288
1234282348544
136345321472
91587297280
44586532864
134411190272
724700495872
3509466955776
1140272398336
8085648179200
6773934653440
3429605834752
2668854509568
1330371887104
15425980416
7811824128
23194609664
24009043968
8510784512
85788557312
23161171968
13987782656
1952964992
3854616320
933832704
963112896
4631522816
5634486272
9709751894016
4134023987200
11655831355392
8471809359872
2652909600768
39726752989184
15729172676608
8971861622784
36457590784
56682373120
9086434304
222736498688
135323492352
345335169024
8224268800
5483885568
9649644544
524740427776
3459441001234432
2391576412160
207097350324224
82349001801728
31473889443840
1811078992363520
409665961984
1972828110848
5398606118912
407317451374592
19221069168640
14376218132480
16447725568
7415051264
2659337216
3254940928
2826513
75995447296
51754467328
31621332992
3218065408
20617007104
116492869632
28503543808
24608593920
36904689664
7940216320
3029277696
7974154240
4314952704
5851064320
5846150144
376115068928
1375294062592
124090589184
94426988544
92245368832
108200755200
60032360448
16633202688
265612476416
42534514688
164364107776
-124560719872
167306936320
72890064896
53749465088
16326282240
20314482688
3323603456
43466534912
37285322752
10254001152
242666586112
434690883584
208021979136
2036794654720
1383982170112
364814860288
114168258560
50980757504
171796430848
28777322496
6734184448
21338144768
51342778368
8465295872
119623598080
147374702592
53492703232
2888742144
409519872
1611048192
2604904192
4909600768
14208884736
29763424256
62078476288
15524277248
234310713344
119606222848
10102824960
8200935424
19152406528
14841774080
51496964063232
6698913234944
288003162112
20046717911040
28403556155392
1572816814080
1176519049216
3451626752
8228164608
3333411328
26345834807296
23027357696
59920531456
74921472
191783808
43898124
9002920
29915506
590326400
764793600
95346992
9441401856
9404212224
241546362880
54774431744
14979325952
192806256640
880920768
1554741248
1771107328
18708632
30107540
3790241
95604768
83713720
98651152
69661088
27601898
14501360
132232728
534831744
47154208
29357256
23463450
3147717
63722292
852657664
2324763136
468531520
270260224
56116360
93855312
199219120
52827592
3988702208
1742545280
851994112
225649856
43072484
164544576
30532974
12125461
237431328
1442715904
852862272
364362400
288143104
341109600
114339840
81623072
27922308
4084253440
7651585024
1051486656
97708944
231082784
213869632
29779334
18200974
803964672
594675776
696961280
262064064
14130333696
44170880
327666688
3712237312
200177822466048
4392752637494165504
1371872065409253376
11431597697925120
35877201853284352
11268254722949120
13400287477760
8588562530304
12185487938682880
9306165485764608
919268493361152
194367906119680
252114580275200
1666886664192
3634082349056
185081167872
2055865284689920
3701085306880
15381842362368
4908550979584
817528569856
-632858112
40477573120
603456000
3289435392
4619842048
15378065391616
13121695514624
6612868136960
102300377088
101089222656
6459567104
13674157703168
6823827472384
5511189102592
7769636732928
1840928784384
112954712064
195839885312
28823386112
24181641216
48634208256
3281704448
30597013504
817153152
53818553270272
99557299978240
24509509795840
23924865761280
23413273919488
552038891520
877363986432
174761771008
76567773184
22863251767296
7846922027008
47315880509440
54372176232448
21765535301632
17656595873792
11754510745600
143789801472
175027109888
90773512192
717244727296
642642214912
83917094912
16461535232
6967872512
15417404416
74708439531520
-13698277048320
27441265377280
274467368468480
204970351656960
43257337741312
372394622976
389399969792
1482054828032
95822094336
2836165033984
1458161844224
3739811315712
11513457803264
1754298580992
27047636238336
17564380954624
3816610070528
32028284928
26302214144
8120673792
34568036352
54827270144
85369839616
6641786368
3771393280
5405379072
12829970137088
9990007947264
4760110366720
22761399386112
23984028516352
20373089288192
100648869888
90341810176
150978707456
7847657984
24340296892416
1335801535266816
23753748643840
-2957603063726080
1549911694770176
171147366760448
509045899264000
2082813771776
3435104043008
718925987840
12275863781376
4155491454287872
25844265254912
23178375168
59326521344
6348711936
10163004416
1423919872
116895432704
108525559808
11692136448
240404545536
4315174912
101894316032
38238617600
76363210752
39379202048
41790693376
9358880768
601293520896
868055449600
133399789568
53351899136
207317762048
166278938624
110384594944
369454022656
565986787328
170007707648
48826744832
24402583552
89367912448
498291179520
715730255872
3382509568000
176091742208
24687828992
54909419520
13857351680
84755374080
83798302720
291395534848
7208841728
6617768448
9861729280
108002017280
227920183296
136307179520
11852128256
479121571840
2126258372608
10828340264960
14921555247104
183745378254848
2022761824256
6787196416
31238787072
89540591616
577919296
468703232
45708344
1060455168
23843741696
57687182147584
348517171200
2646242048
24832306
319107296
377458848
23230172
749774528
16456276
3409210112
2327357440
307226752
335038944
11226804224
224287760
2421220864
1250287104
456187136
173597632
3097037824
341159424
376098816
4442675784712192
1579969486520320
1207809812260192512
-9061487641362432
3199131086487552
55065938910773248
27995949750026240
14767721807872
1253597249536
3579255193600
17535814598656
14991404031803392
316089493880832
5304317640704
4449232748544
2466047328256
33677299712
11045736284160
3072212598784
19847469056
33931853824
4071663360
12750705131520
21056158957568
96651960320
38187619581952
40605421928448
21325072564224
11025239769088
2970577272832
287904497664
269544079360
51046604800
10904979456
149253804523520
111342295973888
27000330780672
515890610176
33452722225152
49954739453952
14106504462336
129888266747904
60909187760128
24024461606912
180886929408
165962219520
1101708525568
10014850048
97609809133568
177427212926976
325359845244928
1197598441472
3289824624640
10957850935296
2370134867968
10014877024256
4686754086912
22210311880704
12472922112
38427078656
38008463360
3095159296
8219142914048
9222306660352
62708871331840
87605985280
20574319411200
4515938959360
12535212277760
754827617370112
17212590392344576
310373999706112
575162894254080
5479801028608
24956039593984
123682299904
47996563456
3759853568
264522874880
926755651584
354974302208
99957833728
46344892416
613507661824
449082294272
742297698304
1042574147584
13916249088
1222628999168
90957332480
54140411904
79527985152
4781811200
260361027584
152706941452288
7558324249690112
470050406400
23373387776
459976992
57202262016
236516160
1602778368
1894562944
6814842862174208
3126021234052038656
934824852022361984
4996235262439718912
8149279468645515264
53996736867205120
47127296212992
8470117889343488
42490532366123008
5581660225536
8222998528000
11968755793920
90956922880
31364313251840
27140212916224
87407122710528
14440676196352
442985644032
121168384229376
31229608984576
16050046369792
86677993291776
510294458368
122285226721280
13936980131840
9455934636032
14969020088320
61303123968
13975263641600
14831565750140928
15969751410933760
124457225841278976
12926897356800
90924097536
333457817600
124239151104
123908898816
357671272448
3097721808355328
4100018730434560
26021570463924224
50754656141312
4707248504832
77095174668288
26431729958912
12974999732224
22269701782503424
2151426221819297280
