25856390
45104
43280
1882883
2618361
3682949
22495996
1129
6666
19990
2922
11375379
2026437
7576112
52552508
3363
1076
430673
319718
2975258
1313741
367319
6165194
103522
7804400
98
4802
19941184
-133390
6820295
32885186
803465
12175626
198316
24803734
281
1496510
1314928
492750
699050
5100005
1001909
1652335
22998
1726146
2065536
7107105
4345169
28965124
3208333
23032548
2679461
28005998
84487
4163907
7283900
884540
5863301
982804
950267
392609
2738833
2023422
1061870
2750145
12894390
4276273
14812479
1863145
10296638
15200063
465874
287377
3733971
3736982
696837
939374
11439025
6032645
3625477
1675282
3771072
