37070044
918266
81313152
37181488
3020362
36562768
1013862
2654621
242040224
41255864
3132872
122456720
93813400
248234560
6830374
86355840
3236557
142291120
3081094
3614704
17674129408
482747488
61064452
1841042944
4182366
202293888
12052034
22040756224
18464216
266927040
36177608
916071424
7091367
19971892
106850852864
1726714368
114133884928
466422848
4071232512
250844768
122937440
502762880
68350877696
19818408
221592368
4094062592
315291009024
14364136448
1645981056
29090822144
145498357760
