2120914
2699
1654690
716419
3117
82096
438520
228340
261981
28475214
4555460
7097
176528
4034182
5086247
278652
379569
2986847
1108939
19003
62154
343918
297
6359
38029
356731
5363507712
841592
23871304
4318491648
170244176
21216
855821
3542643
855
12932
1056790
772307392
39394236
928081
22271780
55928
14460891
1284718
2196415
189246
2012156
1289
26907
27727
1460
620882362368
20881732
1406139008
6811364864
355103
62468892
1219485568
2869623
89696744
760473280
29652
127819
1434455
6995
2549777408
152094560
252098208
5075339
14208176
2125116
2862257
445710
3702311
324202
21388
4765618688
225661190144
1583269150720
17120432
184402464
3912367360
23750624
78662
7064357
109598256
16619
497757888
4433258496
411513504
16254297
696929
1142637824
-2358092288
290628894720
73988568
3508514
1060127808
4584075776
