1728638
2288
1343028
198680
2171
67479
166821
75201
41000
23122170
1260827
4900
143827
1501587
1395526
123739
308070
1121762
248504
2380
17230
44075
206
2046
14468
75542
2265541888
675796
19377764
1158160128
67347072
21699
235538
460249
590
22163
206626
2638670
9165064
254730
2830108
6072
6286777
569669
255793
30283
438484
1081
5368
3558
554
76141297664
21313464
759435456
1118351360
118886
32136772
457914496
1468126
26015408
81950032
4569
13875
181780
2312
593207936
32453500
87993552
1963344
1532399
269752
1043069
96533
240763
36757
769
2015445120
15748568064
88690360320
3457714
21390714
640828992
9807222
389700
400874
29598328
9116
115848688
477536000
22869164
2070155
38180
1113918592
2675558912
31870949376
4199938
140856
173035568
476914912
