2120914
37006
1654690
3180998
42729
82096
1000749
987596
2654621
28475214
20226856
97295
176528
9206420
22583618
2465493
379569
6816290
4024532
619208
275974
3484874
4074
198943
86788
4891118
36644458496
13463095
23871304
7037960704
1096871680
5609204
3799964
35897024
11732
2157920
1262477
42099584
2397811712
4120807
225676448
120982
617013760
3461616
67698200
484274
34732380
284057
6944460
280956
54460
1231165980672
5574917120
12285099008
89253330944
2370252
3155612672
2782990336
385994688
424829152
6549037568
1186404
17754746
14535096
218845
155197390848
525497088
7010686976
513705440
1973584896
21533472
102499416
25265804
316173184
2951113
1001295
527690989568
254218092544
7080327512064
905232384
27609868288
51126583296
963559168
101909744
538541568
2371761408
11741829
30297051136
615801225216
1827084544
2671205376
49368196
291468115968
3452210511872
2543888629760
5424545280
188250976
223281512448
615208058880
