2120914
211869
1654690
3180998
244634
82096
1000749
1013862
2654621
28475214
20226852
557029
176528
9206420
22583626
21869256
379569
6816290
4923838
6622159
275974
3484874
23329
1138974
86788
3614704
23814688768
66050076
23871300
9855241216
755907200
7393300
3799964
35897024
67168
2316183
2411703
3429149440
13727770624
4120807
225676448
4389395
2590009344
2931859
765388416
840278
20388862
449397
21398152
280956
261581
2756800413696
7276704256
6243446784
69018542080
27869284
11188451328
2782990336
999982720
398265632
7705757696
10333071
101648176
14535102
1252918
888525225984
675320448
2554473472
1768612096
11299024896
21533476
512642944
155317632
2944256256
3285090
17009254
1660684206080
1001966272512
16043021959168
5965987840
146645762048
39643389952
4253848576
27411828
5617919488
1110542848
13216996
173454409728
3525540577280
4169801216
12926200832
554232064
398177042432
-1875262308352
2944897122304
58839281664
2790137856
843064934400
3645479059456
